0.2	102.73	53.76	5.92
0.4	102.69	53.21	5.92
0.6	102.59	52.76	5.92
0.8	102.43	52.39	5.92
1.0	102.23	52.08	5.92
1.2	101.99	51.8	5.92
1.4	101.71	51.55	5.92
1.6	101.41	51.29	5.92
1.8	101.1	51.01	5.92
2.0	100.78	50.6	5.92
2.2	100.46	50.07	5.92
2.4	100.14	49.53	5.92
2.6	99.81	49.01	5.92
2.8	99.45	48.53	5.92
3.0	99.01	48.17	5.92
3.2	98.58	47.89	5.92
3.4	98.2	47.71	5.92
3.6	97.88	47.63	5.92
3.8	97.7	47.72	5.93
4.0	97.68	47.99	5.93
4.2	97.77	48.35	5.93
4.4	97.96	48.78	5.93
4.6	98.28	49.25	5.94
4.8	98.79	49.74	5.94
5.0	99.37	50.24	5.95
5.2	99.97	50.7	5.95
5.4	100.56	51.1	5.95
5.6	101.03	51.4	5.96
5.8	101.45	51.6	5.96
6.0	101.82	51.67	5.96
6.2	102.13	51.6	5.97
6.4	102.34	51.09	5.97
6.6	102.49	50.48	5.97
6.8	102.58	49.85	5.98
7.0	102.61	49.27	5.98
7.2	102.58	49.12	5.98
7.4	102.5	49.15	5.99
7.6	102.35	49.23	5.99
7.8	102.15	49.31	5.99
8.0	101.81	49.18	6.0
8.2	101.36	48.83	6.0
8.4	100.92	48.49	6.0
8.6	100.53	48.22	6.0
8.8	100.27	48.11	6.0
9.0	100.36	48.43	6.0
9.2	100.54	48.89	6.0
9.4	100.79	49.44	6.0
9.6	101.08	50.04	6.0
9.8	101.27	50.64	6.01
10.0	101.47	51.24	6.01
10.2	101.67	51.79	6.01
10.4	101.88	52.28	6.01
10.6	102.19	52.6	6.01
10.8	102.49	52.83	6.01
11.0	102.75	52.96	6.01
11.2	102.92	53.0	6.01
11.4	102.85	52.94	6.01
11.6	102.66	52.78	6.01
11.8	102.39	52.54	6.01
12.0	102.06	52.21	6.01
12.2	101.73	51.76	6.01
12.4	101.4	51.2	6.01
12.6	101.05	50.62	6.01
12.8	100.68	50.03	6.01
13.0	100.3	49.47	6.02
13.2	99.84	49.06	6.02
13.4	99.39	48.73	6.02
13.6	98.95	48.46	6.02
13.8	98.54	48.27	6.02
14.0	98.2	48.14	6.02
14.2	97.97	48.1	6.02
14.4	97.8	48.14	6.02
14.6	97.7	48.27	6.02
14.8	97.67	48.49	6.02
15.0	97.71	48.9	6.02
15.2	97.84	49.42	6.02
15.4	98.03	49.97	6.01
15.6	98.28	50.52	6.01
15.8	98.65	50.96	6.01
16.0	99.12	51.28	6.01
16.2	99.6	51.54	6.01
16.4	100.06	51.74	6.0
16.6	100.44	51.93	6.0
16.8	100.7	52.11	6.0
17.0	100.89	52.2	6.0
17.2	101.0	52.15	6.0
17.4	101.02	51.89	5.99
17.6	100.92	51.2	5.99
17.8	100.76	50.37	5.99
18.0	100.55	49.48	5.99
18.2	100.29	48.59	5.99
18.4	100.01	47.86	5.98
18.6	99.73	47.26	5.98
18.8	99.43	46.76	5.98
19.0	99.15	46.39	5.98
19.2	98.88	46.22	5.98
19.4	98.62	46.37	5.97
19.6	98.41	46.6	5.97
19.8	98.27	46.88	5.97
20.0	98.21	47.14	5.97
20.2	98.36	47.13	5.97
20.4	98.59	47.07	5.97
20.6	98.86	47.0	5.97
20.8	99.17	46.94	5.97
21.0	99.47	47.05	5.96
21.2	99.74	47.23	5.96
21.4	99.97	47.42	5.96
21.6	100.13	47.59	5.96
21.8	100.14	47.69	5.96
22.0	100.02	47.71	5.96
22.2	99.83	47.68	5.96
22.4	99.56	47.58	5.96
22.6	99.23	47.37	5.96
22.8	98.84	47.06	5.96
23.0	98.4	46.7	5.96
23.2	97.93	46.32	5.96
23.4	97.37	45.94	5.96
23.6	96.33	45.56	5.95
23.8	95.48	45.22	5.95
24.0	95.04	44.95	5.95
24.2	95.07	44.76	5.95
24.4	95.1	44.75	5.95
24.6	95.14	44.88	5.95
24.8	95.17	45.12	5.95
25.0	95.2	45.47	5.95
25.2	95.24	45.98	5.95
25.4	95.27	46.62	5.95
25.6	95.31	47.3	5.95
25.8	95.34	47.98	5.94
26.0	95.37	48.59	5.94
26.2	95.41	49.1	5.94
26.4	95.44	49.52	5.94
26.6	95.47	49.83	5.94
26.8	95.51	49.95	5.94
27.0	95.54	49.9	5.94
27.2	95.58	49.72	5.94
27.4	95.61	49.42	5.93
27.6	95.64	48.94	5.93
27.8	95.68	48.3	5.93
28.0	95.71	47.62	5.93
28.2	95.74	46.96	5.93
28.4	95.78	46.36	5.93
28.6	95.81	45.94	5.93
28.8	95.84	45.66	5.93
29.0	95.88	45.55	5.93
29.2	95.91	45.66	5.92
29.4	95.95	46.21	5.92
29.6	95.98	46.91	5.92
29.8	96.46	47.68	5.92
30.0	97.52	48.45	5.92
30.2	98.16	48.96	5.92
30.4	98.95	49.4	5.91
30.6	99.78	49.79	5.91
30.8	100.57	50.12	5.91
31.0	100.9	50.54	5.91
31.2	101.11	50.87	5.91
31.4	101.2	51.08	5.9
31.6	101.21	51.13	5.9
31.8	101.18	50.75	5.9
32.0	101.1	50.19	5.9
32.2	100.95	49.53	5.9
32.4	100.75	48.83	5.89
32.6	100.43	48.17	5.89
32.8	100.07	47.56	5.89
33.0	99.72	47.06	5.89
33.2	99.42	46.69	5.88
33.4	99.24	46.63	5.88
33.6	99.23	46.96	5.89
33.8	99.31	47.38	5.89
34.0	99.46	47.84	5.89
34.2	99.68	48.21	5.89
34.4	99.98	48.27	5.89
34.6	100.32	48.27	5.9
34.8	100.66	48.25	5.9
35.0	101.0	48.25	5.9
35.2	101.27	48.45	5.91
35.4	101.52	48.63	5.91
35.6	101.74	48.76	5.91
35.8	101.94	48.8	5.92
36.0	102.12	48.46	5.92
36.2	102.27	47.99	5.92
36.4	102.38	47.48	5.93
36.6	102.45	46.96	5.93
36.8	102.4	46.55	5.93
37.0	102.26	46.28	5.94
37.2	102.12	46.09	5.94
37.4	101.99	46.0	5.94
37.6	101.93	46.05	5.95
37.8	102.03	46.4	5.95
38.0	102.2	46.81	5.95
38.2	102.42	47.23	5.95
38.4	102.68	47.6	5.95
38.6	102.95	47.6	5.94
38.8	103.24	47.49	5.94
39.0	103.56	47.4	5.94
39.2	103.88	47.42	5.94
39.4	104.24	47.96	5.94
39.6	104.6	48.76	5.94
39.8	104.94	49.55	5.94
40.0	105.25	50.21	5.94
40.2	105.48	50.28	5.94
40.4	105.63	49.88	5.94
40.6	105.73	49.31	5.94
40.8	105.77	48.68	5.94
41.0	105.73	48.17	5.93
41.2	105.62	47.95	5.93
41.4	105.45	47.78	5.93
41.6	105.25	47.66	5.93
41.8	105.02	47.55	5.93
42.0	104.75	47.36	5.93
42.2	104.46	47.16	5.93
42.4	104.2	46.97	5.93
42.6	103.98	46.81	5.93
42.8	103.82	46.65	5.93
43.0	103.77	46.47	5.93
43.2	103.8	46.39	5.93
43.4	103.91	46.42	5.93
43.6	104.1	46.62	5.93
43.8	104.42	47.39	5.93
44.0	104.83	48.24	5.93
44.2	105.31	49.07	5.93
44.4	105.86	49.78	5.93
44.6	106.01	49.87	5.93
44.8	106.35	49.75	5.93
45.0	106.21	49.53	5.93
45.2	106.07	49.26	5.93
45.4	105.93	49.18	5.93
45.6	105.79	49.14	5.93
45.8	105.65	49.09	5.93
46.0	105.51	49.02	5.93
46.2	105.37	48.84	5.93
46.4	105.24	48.59	5.93
46.6	105.1	48.32	5.93
46.8	104.96	48.02	5.93
47.0	104.82	47.69	5.93
47.2	104.68	47.29	5.93
47.4	104.54	46.94	5.93
47.6	104.4	46.69	5.93
47.8	104.26	46.58	5.93
48.0	104.12	46.89	5.92
48.2	103.98	47.36	5.92
48.4	103.84	47.89	5.92
48.6	103.7	48.43	5.92
48.8	103.57	48.84	5.91
49.0	103.43	49.13	5.91
49.2	103.29	49.32	5.91
49.4	103.15	49.38	5.91
49.6	103.01	49.16	5.9
49.8	102.87	48.68	5.9
50.0	102.73	48.1	5.9
50.2	102.59	47.49	5.89
50.4	102.45	46.91	5.89
50.6	102.15	46.53	5.89
50.8	101.58	46.28	5.89
51.0	101.04	46.14	5.88
51.2	100.59	46.12	5.88
51.4	100.32	46.27	5.88
51.6	100.29	46.62	5.87
51.8	100.38	47.07	5.87
52.0	100.58	47.57	5.87
52.2	100.9	48.09	5.87
52.4	101.39	48.63	5.86
52.6	101.9	49.12	5.86
52.8	102.38	49.5	5.86
53.0	102.77	49.73	5.85
53.2	102.82	49.49	5.85
53.4	102.72	49.1	5.85
53.6	102.53	48.63	5.85
53.8	102.25	48.14	5.84
54.0	101.86	47.78	5.84
54.2	101.42	47.52	5.84
54.4	101.01	47.35	5.83
54.6	100.69	47.26	5.83
54.8	100.6	47.32	5.83
55.0	100.77	47.52	5.83
55.2	101.08	47.81	5.82
55.4	101.5	48.18	5.82
55.6	102.07	48.66	5.82
55.8	102.77	49.24	5.81
56.0	103.48	49.79	5.81
56.2	104.15	50.27	5.81
56.4	104.64	50.55	5.81
56.6	104.94	50.61	5.8
56.8	105.1	50.51	5.8
57.0	105.13	50.26	5.8
57.2	104.95	49.79	5.79
57.4	104.61	49.15	5.79
57.6	104.17	48.43	5.79
57.8	103.66	47.69	5.79
58.0	103.12	47.01	5.78
58.2	102.58	46.45	5.78
58.4	102.05	46.0	5.78
58.6	101.58	45.7	5.77
58.8	101.19	45.59	5.77
59.0	101.02	45.93	5.77
59.2	100.96	46.46	5.77
59.4	100.98	47.09	5.77
59.6	101.07	47.77	5.77
59.8	101.21	48.36	5.78
60.0	101.4	48.87	5.78
60.2	101.61	49.31	5.78
60.4	101.83	49.68	5.78
60.6	102.08	49.93	5.78
60.8	102.32	50.05	5.79
61.0	102.49	50.04	5.79
61.2	102.56	49.88	5.79
61.4	102.37	49.39	5.79
61.6	102.0	48.71	5.79
61.8	101.55	47.95	5.8
62.0	101.05	47.18	5.8
62.2	100.63	46.58	5.8
62.4	100.3	46.17	5.8
62.6	99.96	45.84	5.8
62.8	99.61	45.57	5.81
63.0	99.21	45.34	5.81
63.2	98.6	45.09	5.81
63.4	98.01	44.9	5.81
63.6	97.49	44.78	5.81
63.8	97.12	44.77	5.81
64.0	97.13	44.91	5.81
64.2	97.34	45.17	5.81
64.4	97.68	45.55	5.81
64.6	98.09	46.05	5.8
64.8	98.55	46.84	5.8
65.0	99.02	47.7	5.8
65.2	99.48	48.5	5.79
65.4	99.88	49.16	5.79
65.6	100.13	49.31	5.78
65.8	100.29	49.23	5.78
66.0	100.36	48.96	5.77
66.2	100.33	48.52	5.77
66.4	100.15	47.8	5.77
66.6	99.89	47.0	5.76
66.8	99.54	46.21	5.76
67.0	99.13	45.5	5.75
67.2	98.57	45.18	5.75
67.4	97.98	45.06	5.74
67.6	97.44	45.08	5.74
67.8	97.0	45.22	5.74
68.0	96.83	45.51	5.74
68.2	96.91	45.9	5.75
68.4	97.12	46.32	5.76
68.6	97.44	46.73	5.77
68.8	97.92	47.03	5.78
69.0	98.49	47.21	5.79
69.2	99.07	47.34	5.8
69.4	99.61	47.43	5.81
69.6	99.95	47.53	5.83
69.8	100.11	47.61	5.84
70.0	100.17	47.61	5.85
70.2	100.12	47.49	5.86
70.4	99.97	47.04	5.87
70.6	99.75	46.33	5.88
70.8	99.45	45.56	5.89
71.0	99.1	44.82	5.9
71.2	98.69	44.27	5.92
71.4	98.22	44.05	5.93
71.6	97.75	43.97	5.94
71.8	97.32	44.0	5.95
72.0	96.96	44.13	5.96
72.2	96.77	44.27	5.96
72.4	96.68	44.51	5.96
72.6	96.71	44.84	5.96
72.8	96.86	45.29	5.96
73.0	96.78	46.01	5.95
73.2	96.93	46.82	5.95
73.4	96.8	47.62	5.95
73.6	96.66	48.34	5.94
73.8	96.53	48.82	5.94
74.0	96.39	49.14	5.93
74.2	96.26	49.28	5.93
74.4	96.12	49.21	5.92
74.6	95.99	48.76	5.92
74.8	95.86	48.14	5.92
75.0	95.72	47.41	5.91
75.2	95.59	46.62	5.91
75.4	95.45	45.87	5.9
75.6	95.32	45.15	5.9
75.8	95.18	44.49	5.89
76.0	95.05	43.93	5.89
76.2	94.92	43.53	5.89
76.4	94.78	43.31	5.88
76.6	94.65	43.27	5.88
76.8	94.51	43.43	5.88
77.0	94.38	43.9	5.88
77.2	94.24	44.77	5.88
77.4	94.11	45.8	5.89
77.6	93.98	46.9	5.89
77.8	93.84	48.01	5.9
78.0	93.71	48.91	5.9
78.2	94.36	49.69	5.91
78.4	95.9	50.43	5.91
78.6	97.95	51.1	5.92
78.8	99.47	51.79	5.92
79.0	100.62	52.45	5.93
79.2	101.73	52.99	5.93
79.4	102.78	53.38	5.94
79.6	103.74	53.42	5.94
79.8	104.58	53.11	5.95
80.0	105.32	52.69	5.96
80.2	105.96	52.23	5.96
80.4	106.46	51.83	5.96
80.6	106.68	51.71	5.97
80.8	106.86	51.66	5.97
81.0	107.08	51.69	5.98
81.2	107.38	51.79	5.98
81.4	108.18	51.98	5.98
81.6	109.12	52.21	5.98
81.8	110.11	52.46	5.98
82.0	111.07	52.7	5.98
82.2	111.84	52.92	5.97
82.4	112.44	53.08	5.97
82.6	112.89	53.16	5.97
82.8	113.18	53.13	5.97
83.0	113.23	52.88	5.97
83.2	113.06	52.45	5.97
83.4	112.73	51.92	5.96
83.6	112.25	51.3	5.96
83.8	111.63	50.59	5.96
84.0	110.86	49.8	5.96
84.2	110.04	49.03	5.96
84.4	109.2	48.32	5.95
84.6	108.41	47.71	5.95
84.8	107.85	47.5	5.95
85.0	107.4	47.47	5.95
85.2	107.01	47.56	5.95
85.4	106.68	47.73	5.95
85.6	106.4	47.96	5.94
85.8	106.05	48.11	5.94
86.0	105.76	48.3	5.94
86.2	105.55	48.54	5.94
86.4	105.46	48.82	5.94
86.6	105.6	49.25	5.93
86.8	105.94	49.78	5.92
87.0	106.36	50.28	5.91
87.2	106.82	50.72	5.91
87.4	107.26	50.96	5.9
87.6	107.64	50.97	5.89
87.8	107.95	50.85	5.88
88.0	108.18	50.62	5.87
88.2	108.23	50.25	5.86
88.4	108.04	49.75	5.85
88.6	107.76	49.22	5.84
88.8	107.43	48.72	5.83
89.0	107.09	48.33	5.83
89.2	106.89	48.29	5.82
89.4	106.69	48.35	5.81
89.6	106.51	48.45	5.8
89.8	106.33	48.57	5.79
90.0	106.04	48.45	5.78
90.2	105.75	48.28	5.77
90.4	105.54	48.19	5.76
90.6	105.45	48.22	5.76
90.8	105.65	48.7	5.76
91.0	106.1	49.5	5.77
91.2	106.68	50.34	5.78
91.4	107.34	51.12	5.79
91.6	108.1	51.55	5.8
91.8	108.89	51.68	5.82
92.0	109.61	51.64	5.83
92.2	110.21	51.46	5.84
92.4	110.44	51.19	5.85
92.6	110.41	50.83	5.86
92.8	110.22	50.37	5.87
93.0	109.92	49.8	5.88
93.2	109.57	49.04	5.89
93.4	109.19	48.18	5.9
93.6	108.76	47.31	5.92
93.8	108.3	46.5	5.93
94.0	107.8	45.87	5.94
94.2	107.28	45.53	5.95
94.4	106.79	45.33	5.96
94.6	106.35	45.27	5.97
94.8	105.99	45.36	5.98
95.0	105.81	45.59	5.98
95.2	105.75	45.95	5.99
95.4	105.79	46.41	5.99
95.6	105.94	46.98	6.0
95.8	106.21	47.71	6.0
96.0	106.6	48.55	6.01
96.2	107.07	49.38	6.01
96.4	107.6	50.14	6.01
96.6	108.19	50.66	6.02
96.8	108.83	50.88	6.02
97.0	109.45	51.02	6.03
97.2	110.02	51.11	6.03
97.4	110.46	51.31	6.04
97.6	110.7	51.67	6.04
97.8	110.86	52.0	6.05
98.0	110.95	52.23	6.05
98.2	111.0	52.24	6.06
98.4	111.07	51.79	6.06
98.6	111.09	51.22	6.07
98.8	111.04	50.6	6.07
99.0	110.93	50.0	6.08
99.2	110.58	49.62	6.08
99.4	110.16	49.37	6.08
99.6	109.75	49.21	6.09
99.8	109.4	49.16	6.09
100.0	109.25	49.3	6.09
100.2	109.31	49.59	6.09
100.4	109.47	49.94	6.09
100.6	109.71	50.31	6.08
100.8	110.02	50.61	6.08
101.0	110.39	50.83	6.07
101.2	110.76	51.0	6.06
101.4	111.11	51.13	6.05
101.6	111.38	51.19	6.04
101.8	111.56	51.2	6.02
102.0	111.65	51.15	6.01
102.2	111.64	51.06	6.0
102.4	111.43	50.91	5.99
102.6	111.09	50.72	5.98
102.8	110.69	50.5	5.97
103.0	110.25	50.26	5.96
103.2	109.89	50.04	5.95
103.4	109.6	49.83	5.94
103.6	109.29	49.6	5.93
103.8	108.95	49.34	5.92
104.0	108.52	49.02	5.91
104.2	107.92	48.55	5.9
104.4	107.31	48.1	5.89
104.6	106.73	47.73	5.88
104.8	106.23	47.47	5.87
105.0	105.94	47.59	5.87
105.2	105.77	47.85	5.86
105.4	105.71	48.2	5.86
105.6	105.76	48.6	5.87
105.8	106.0	48.96	5.87
106.0	106.34	49.29	5.88
106.2	106.73	49.61	5.88
106.4	107.11	49.91	5.89
106.6	107.37	50.24	5.9
106.8	107.56	50.52	5.91
107.0	107.7	50.71	5.92
107.2	107.79	50.76	5.92
107.4	107.83	50.43	5.93
107.6	107.81	49.91	5.94
107.8	107.75	49.29	5.95
108.0	107.63	48.63	5.95
108.2	107.45	48.08	5.96
108.4	107.22	47.6	5.97
108.6	106.95	47.15	5.98
108.8	106.66	46.72	5.98
109.0	106.39	46.31	5.99
109.2	106.13	45.92	6.0
109.4	105.85	45.57	6.01
109.6	105.52	45.3	6.01
109.8	105.11	45.12	6.02
110.0	103.82	45.18	6.02
110.2	102.79	45.3	6.03
110.4	102.29	45.43	6.03
110.6	102.17	45.55	6.03
110.8	102.06	45.27	6.03
111.0	101.94	44.93	6.03
111.2	101.83	44.75	6.03
111.4	101.72	44.87	6.03
111.6	101.6	45.97	6.03
111.8	101.49	47.46	6.02
112.0	101.38	48.92	6.02
112.2	101.26	49.89	6.02
112.4	101.15	49.91	6.02
112.6	101.04	49.7	6.02
112.8	100.92	49.41	6.02
113.0	100.81	49.64	6.01
113.2	100.7	50.31	6.01
113.4	100.58	50.94	6.01
113.6	100.47	51.39	6.01
113.8	100.36	51.04	6.01
114.0	100.24	49.98	6.0
114.2	100.13	48.77	6.0
114.4	100.02	47.57	6.0
114.6	99.9	46.86	6.0
114.8	99.79	46.8	6.0
115.0	99.68	46.9	5.99
115.2	99.56	47.09	5.99
115.4	99.45	47.13	5.99
115.6	99.33	46.82	5.99
115.8	99.22	46.5	5.99
116.0	99.16	46.22	5.99
116.2	99.75	46.02	5.99
116.4	99.91	46.15	5.99
116.6	100.0	46.48	6.0
116.8	100.27	46.88	6.0
117.0	100.69	47.34	6.01
117.2	101.23	47.8	6.01
117.4	101.84	48.23	6.01
117.6	102.46	48.65	6.02
117.8	103.06	49.04	6.02
118.0	103.46	49.38	6.03
118.2	103.73	49.67	6.03
118.4	103.93	49.88	6.04
118.6	104.08	49.99	6.04
118.8	104.22	49.87	6.05
119.0	104.34	49.65	6.05
119.2	104.4	49.37	6.06
119.4	104.41	49.07	6.06
119.6	104.32	48.83	6.07
119.8	104.17	48.66	6.07
120.0	103.99	48.53	6.07
120.2	103.8	48.46	6.08
120.4	103.61	48.56	6.08
120.6	103.44	48.78	6.08
120.8	103.32	49.01	6.09
121.0	103.27	49.21	6.09
121.2	103.35	49.14	6.09
121.4	103.55	48.9	6.08
121.6	103.85	48.71	6.08
121.8	104.25	48.66	6.08
122.0	104.43	49.25	6.08
122.2	104.72	50.15	6.08
122.4	104.85	51.08	6.07
122.6	104.97	51.88	6.07
122.8	105.1	52.02	6.07
123.0	105.22	51.87	6.07
123.2	105.35	51.56	6.06
123.4	105.47	51.16	6.06
123.6	105.6	50.88	6.06
123.8	105.72	50.56	6.06
124.0	105.85	50.19	6.05
124.2	105.97	49.72	6.05
124.4	106.1	49.04	6.05
124.6	106.22	48.39	6.05
124.8	106.35	47.85	6.04
125.0	106.47	47.53	6.04
125.2	106.6	47.79	6.04
125.4	106.72	48.2	6.04
125.6	106.85	48.69	6.03
125.8	106.97	49.08	6.03
126.0	107.1	49.18	6.03
126.2	107.22	49.32	6.03
126.4	107.35	49.56	6.02
126.6	107.47	50.25	6.02
126.8	107.6	51.31	6.02
127.0	107.72	52.3	6.02
127.2	107.85	53.02	6.01
127.4	107.97	52.69	6.01
127.6	108.07	51.88	6.01
127.8	107.97	50.91	6.01
128.0	107.73	49.99	6.01
128.2	107.37	49.66	6.0
128.4	106.92	49.43	6.0
128.6	106.4	49.24	6.0
128.8	105.87	49.0	6.0
129.0	105.42	48.49	6.0
129.2	104.95	47.96	5.99
129.4	104.48	47.43	5.99
129.6	103.99	46.94	5.99
129.8	103.39	46.62	5.99
130.0	102.77	46.41	5.98
130.2	102.2	46.28	5.98
130.4	101.72	46.24	5.98
130.6	101.43	46.34	5.98
130.8	101.38	46.57	5.98
131.0	101.44	46.83	5.99
131.2	101.62	47.07	5.99
131.4	101.88	47.17	6.0
131.6	102.23	47.04	6.0
131.8	102.62	46.93	6.01
132.0	103.03	46.9	6.01
132.2	103.46	47.26	6.02
132.4	103.88	47.92	6.03
132.6	104.23	48.6	6.03
132.8	104.5	49.17	6.04
133.0	104.54	49.3	6.04
133.2	104.45	49.14	6.05
133.4	104.26	48.8	6.06
133.6	104.02	48.27	6.06
133.8	103.78	47.44	6.07
134.0	103.51	46.54	6.07
134.2	103.21	45.66	6.08
134.4	102.88	44.9	6.09
134.6	102.48	44.64	6.09
134.8	102.08	44.54	6.1
135.0	101.73	44.57	6.1
135.2	101.44	44.7	6.11
135.4	101.28	44.68	6.11
135.6	101.24	44.76	6.11
135.8	101.33	45.01	6.12
136.0	101.57	45.51	6.12
136.2	102.1	46.65	6.12
136.4	102.74	47.9	6.12
136.6	103.45	49.11	6.12
136.8	104.2	49.99	6.13
137.0	104.93	50.42	6.13
137.2	105.6	50.62	6.13
137.4	106.14	50.61	6.13
137.6	106.37	50.34	6.14
137.8	106.4	49.92	6.14
138.0	106.3	49.44	6.14
138.2	106.09	49.0	6.14
138.4	105.79	48.81	6.15
138.6	105.43	48.66	6.15
138.8	105.04	48.5	6.15
139.0	104.67	48.27	6.15
139.2	104.38	47.88	6.16
139.4	104.07	47.48	6.16
139.6	103.75	47.09	6.16
139.8	103.38	46.77	6.16
140.0	102.84	46.62	6.17
140.2	102.3	46.55	6.17
140.4	101.8	46.53	6.17
140.6	101.36	46.57	6.17
140.8	100.56	46.54	6.17
141.0	100.1	46.59	6.17
141.2	100.1	46.78	6.17
141.4	100.09	47.17	6.17
141.6	100.09	48.09	6.17
141.8	100.08	49.09	6.16
142.0	100.08	50.05	6.15
142.2	100.07	50.76	6.15
142.4	100.07	51.06	6.14
142.6	100.06	51.2	6.13
142.8	100.06	51.22	6.13
143.0	100.05	51.22	6.12
143.2	100.05	51.15	6.11
143.4	100.04	50.98	6.1
143.6	100.04	50.67	6.1
143.8	100.03	50.2	6.09
144.0	100.03	49.65	6.08
144.2	100.02	49.08	6.08
144.4	100.02	48.54	6.07
144.6	100.01	48.08	6.06
144.8	100.0	47.65	6.06
145.0	100.0	47.25	6.05
145.2	99.99	46.89	6.04
145.4	99.99	46.56	6.03
145.6	99.98	46.29	6.03
145.8	99.98	46.12	6.02
146.0	99.97	46.06	6.01
146.2	99.97	46.25	6.01
146.4	99.96	46.52	6.0
146.6	100.26	46.84	6.0
146.8	101.14	47.18	5.99
147.0	101.59	47.39	5.99
147.2	102.13	47.59	5.99
147.4	102.77	47.81	6.0
147.6	103.44	48.09	6.0
147.8	104.01	48.6	6.0
148.0	104.52	49.1	6.0
148.2	104.94	49.52	6.0
148.4	105.21	49.73	6.01
148.6	105.27	49.64	6.01
148.8	105.24	49.39	6.01
149.0	105.13	49.0	6.01
149.2	105.03	48.42	6.01
149.4	104.96	47.71	6.01
149.6	104.83	46.96	6.02
149.8	104.64	46.27	6.02
150.0	104.25	45.74	6.02
150.2	103.68	45.44	6.02
150.4	103.13	45.3	6.02
150.6	102.66	45.31	6.02
150.8	102.5	45.6	6.02
151.0	102.66	46.12	6.02
151.2	102.95	46.71	6.02
151.4	103.34	47.31	6.02
151.6	103.82	47.72	6.02
151.8	104.31	47.99	6.02
152.0	104.78	48.18	6.02
152.2	105.18	48.3	6.02
152.4	104.84	48.41	6.01
152.6	104.59	48.45	6.01
152.8	104.68	48.42	6.01
153.0	104.55	48.26	6.01
153.2	104.42	47.89	6.01
153.4	104.28	47.47	6.0
153.6	104.15	47.05	6.0
153.8	104.02	46.74	6.0
154.0	103.89	46.71	6.0
154.2	103.75	46.75	6.0
154.4	103.62	46.84	5.99
154.6	103.49	46.91	5.99
154.8	103.35	46.75	5.99
155.0	103.22	46.63	5.99
155.2	103.09	46.6	5.99
155.4	102.96	46.72	5.99
155.6	102.82	47.28	5.98
155.8	102.69	48.06	5.98
156.0	102.56	48.9	5.97
156.2	102.42	49.7	5.97
156.4	102.29	50.28	5.96
156.6	102.16	50.74	5.96
156.8	102.02	51.06	5.95
157.0	101.89	51.19	5.94
157.2	101.27	51.1	5.94
157.4	101.78	50.87	5.93
157.6	102.94	50.52	5.93
157.8	103.66	50.06	5.92
158.0	103.53	49.51	5.91
158.2	103.3	48.93	5.91
158.4	102.97	48.33	5.9
158.6	102.52	47.74	5.9
158.8	101.93	47.18	5.89
159.0	101.35	46.73	5.88
159.2	100.81	46.44	5.88
159.4	100.41	46.44	5.87
159.6	100.31	46.97	5.87
159.8	100.34	47.68	5.86
160.0	100.48	48.5	5.85
160.2	100.73	49.35	5.85
160.4	101.1	50.13	5.85
160.6	101.51	50.81	5.85
160.8	101.91	51.34	5.85
161.0	102.24	51.59	5.85
161.2	102.41	51.38	5.85
161.4	102.49	50.99	5.85
161.6	102.5	50.47	5.85
161.8	102.43	49.9	5.85
162.0	102.27	49.39	5.85
162.2	102.05	48.87	5.85
162.4	101.79	48.35	5.85
162.6	101.5	47.84	5.85
162.8	101.2	47.33	5.85
163.0	100.89	46.89	5.85
163.2	100.6	46.53	5.85
163.4	100.31	46.3	5.85
163.6	99.45	46.34	5.85
163.8	98.88	46.51	5.85
164.0	98.88	46.76	5.85
164.2	98.88	47.09	5.85
164.4	98.88	47.41	5.85
164.6	98.88	47.77	5.85
164.8	98.88	48.14	5.85
165.0	98.88	48.53	5.85
165.2	98.88	48.95	5.85
165.4	98.88	49.34	5.85
165.6	98.88	49.69	5.84
165.8	98.87	49.99	5.84
166.0	98.87	50.26	5.84
166.2	98.87	50.39	5.84
166.4	98.87	50.34	5.84
166.6	98.87	49.93	5.84
166.8	98.87	49.11	5.84
167.0	98.87	48.14	5.83
167.2	98.87	47.09	5.83
167.4	98.87	46.06	5.83
167.6	98.87	45.11	5.83
167.8	98.86	44.32	5.83
168.0	98.86	43.74	5.83
168.2	98.86	43.47	5.82
168.4	98.86	44.05	5.82
168.6	98.86	45.0	5.82
168.8	98.86	45.99	5.83
169.0	98.86	46.88	5.83
169.2	98.86	46.9	5.83
169.4	98.86	46.65	5.83
169.6	100.02	46.26	5.83
169.8	101.66	45.83	5.83
170.0	102.12	45.64	5.84
170.2	102.03	45.57	5.84
170.4	101.82	45.55	5.84
170.6	101.51	45.54	5.84
170.8	101.18	45.53	5.84
171.0	100.81	45.52	5.84
171.2	100.39	45.5	5.85
171.4	99.95	45.48	5.85
171.6	99.44	45.36	5.85
171.8	98.84	45.1	5.85
172.0	98.3	44.91	5.85
172.2	97.89	44.84	5.85
172.4	97.66	44.98	5.86
172.6	97.88	45.66	5.86
172.8	98.3	46.52	5.86
173.0	98.9	47.52	5.86
173.2	99.66	48.59	5.86
173.4	100.58	49.69	5.86
173.6	101.59	50.76	5.87
173.8	102.65	51.77	5.87
174.0	103.72	52.63	5.87
174.2	104.76	53.24	5.87
174.4	105.74	53.67	5.87
174.6	106.62	53.92	5.88
174.8	107.34	53.97	5.88
175.0	107.83	53.78	5.88
175.2	108.18	53.42	5.88
175.4	108.41	52.9	5.88
175.6	108.29	52.21	5.89
175.8	107.79	51.35	5.89
176.0	107.49	50.45	5.89
176.2	107.26	49.56	5.89
176.4	107.03	48.8	5.89
176.6	106.81	48.27	5.9
176.8	106.58	47.84	5.9
177.0	106.35	47.49	5.9
177.2	106.12	47.18	5.9
177.4	105.89	46.84	5.9
177.6	105.66	46.61	5.9
177.8	105.43	46.55	5.9
178.0	105.2	46.79	5.9
178.2	104.97	47.54	5.9
178.4	104.74	48.34	5.9
178.6	104.51	49.07	5.89
178.8	104.28	49.23	5.89
179.0	104.05	48.76	5.89
179.2	103.82	48.12	5.89
179.4	103.59	47.41	5.89
179.6	103.36	46.75	5.89
179.8	103.13	46.63	5.89
180.0	102.9	46.62	5.89
180.2	102.67	46.66	5.88
180.4	102.44	46.68	5.88
180.6	102.21	46.57	5.88
180.8	101.98	46.43	5.88
181.0	101.75	46.28	5.88
181.2	101.52	46.13	5.88
181.4	101.79	45.98	5.88
181.6	101.49	45.83	5.88
181.8	101.2	45.72	5.87
182.0	100.93	45.65	5.87
182.2	100.69	45.63	5.87
182.4	100.42	45.77	5.87
182.6	100.21	45.95	5.87
182.8	100.08	46.17	5.87
183.0	100.05	46.4	5.87
183.2	100.25	46.53	5.87
183.4	100.62	46.62	5.87
183.6	101.08	46.78	5.88
183.8	101.61	47.05	5.88
184.0	102.21	47.68	5.88
184.2	102.84	48.51	5.88
184.4	103.45	49.35	5.88
184.6	104.01	50.1	5.89
184.8	104.42	50.46	5.89
185.0	104.7	50.5	5.89
185.2	104.89	50.36	5.89
185.4	104.98	50.07	5.89
185.6	104.95	49.61	5.9
185.8	104.82	49.02	5.9
186.0	104.63	48.39	5.9
186.2	104.4	47.79	5.9
186.4	104.15	47.35	5.9
186.6	103.91	47.19	5.91
186.8	103.69	47.11	5.91
187.0	103.52	47.07	5.91
187.2	103.41	47.06	5.91
187.4	102.9	46.91	5.91
187.6	102.7	46.76	5.91
187.8	102.37	46.64	5.91
188.0	102.03	46.55	5.91
188.2	101.7	46.59	5.91
188.4	101.37	46.68	5.91
188.6	101.04	46.77	5.91
188.8	100.71	46.86	5.91
189.0	100.37	46.93	5.91
189.2	100.04	46.95	5.91
189.4	99.71	46.89	5.91
189.6	99.38	46.72	5.9
189.8	99.05	46.17	5.9
190.0	98.72	45.44	5.9
190.2	98.38	44.68	5.9
190.4	98.05	43.96	5.9
190.6	97.72	43.37	5.9
190.8	97.39	43.26	5.9
191.0	97.06	43.36	5.9
191.2	96.73	43.6	5.9
191.4	96.39	43.96	5.9
191.6	96.06	44.49	5.9
191.8	95.73	45.11	5.9
192.0	95.4	45.75	5.9
192.2	95.07	46.34	5.9
192.4	94.73	46.72	5.89
192.6	94.4	46.77	5.89
192.8	95.04	46.75	5.89
193.0	96.43	46.72	5.89
193.2	98.12	46.74	5.88
193.4	98.53	47.21	5.88
193.6	98.88	47.71	5.88
193.8	99.15	48.17	5.88
194.0	99.36	48.53	5.87
194.2	99.51	48.45	5.87
194.4	99.6	48.13	5.87
194.6	99.63	47.7	5.87
194.8	99.61	47.2	5.86
195.0	99.48	46.66	5.86
195.2	99.27	46.12	5.86
195.4	99.07	45.68	5.85
195.6	98.94	45.37	5.85
195.8	98.93	45.32	5.85
196.0	99.12	45.7	5.85
196.2	99.47	46.28	5.85
196.4	99.98	47.01	5.84
196.6	100.69	47.87	5.84
196.8	101.65	48.84	5.84
197.0	102.78	49.86	5.84
197.2	104.05	50.87	5.84
197.4	105.5	51.84	5.84
197.6	107.16	52.74	5.84
197.8	108.79	53.46	5.84
198.0	110.3	53.96	5.83
198.2	111.41	54.02	5.83
198.4	112.07	53.62	5.83
198.6	112.5	52.95	5.83
198.8	112.75	52.08	5.83
199.0	112.91	51.03	5.83
199.2	112.99	49.87	5.83
199.4	112.97	48.67	5.83
199.6	112.85	47.49	5.83
199.8	112.62	46.41	5.83
200.0	112.24	45.56	5.83
200.2	111.83	44.86	5.83
200.4	111.43	44.33	5.83
200.6	111.08	43.99	5.82
200.8	111.03	44.0	5.81
201.0	111.06	44.22	5.79
201.2	111.11	44.57	5.76
201.4	111.14	45.01	5.73
201.6	110.92	45.46	5.7
201.8	110.58	45.93	5.67
202.0	110.25	46.4	5.63
202.2	109.98	46.86	5.59
202.4	110.01	47.27	5.56
202.6	110.29	47.62	5.52
202.8	110.61	47.92	5.49
203.0	110.92	48.16	5.45
203.2	111.05	48.33	5.41
203.4	110.97	48.41	5.38
203.6	110.85	48.44	5.34
203.8	110.7	48.43	5.31
204.0	110.66	48.36	5.27
204.2	110.7	48.26	5.24
204.4	110.73	48.13	5.2
204.6	110.73	48.0	5.16
204.8	110.56	47.85	5.13
205.0	110.26	47.71	5.09
205.2	109.97	47.62	5.06
205.4	109.71	47.6	5.02
205.6	109.65	47.8	4.99
205.8	109.77	48.16	4.95
206.0	109.97	48.58	4.92
206.2	110.21	49.04	4.88
206.4	110.49	49.46	4.84
206.6	110.77	49.83	4.8
206.8	111.02	50.13	4.76
207.0	111.18	50.34	4.73
207.2	110.74	50.4	4.71
207.4	109.74	50.3	4.69
207.6	109.23	50.05	4.68
207.8	109.04	49.62	4.69
208.0	108.85	48.94	4.71
208.2	108.65	48.06	4.74
208.4	108.46	47.04	4.79
208.6	108.27	45.93	4.83
208.8	108.07	44.6	4.88
209.0	107.88	43.3	4.92
209.2	107.68	42.18	4.96
209.4	107.49	41.59	5.01
209.6	107.3	41.74	5.06
209.8	107.1	42.05	5.11
210.0	106.91	42.31	5.16
210.2	106.72	41.82	5.2
210.4	106.52	40.68	5.24
210.6	106.27	39.39	5.28
210.8	106.02	38.09	5.32
211.0	105.76	37.0	5.35
211.2	105.51	36.55	5.39
211.4	105.26	36.3	5.43
211.6	105.0	36.25	5.47
211.8	104.75	36.37	5.51
212.0	104.5	36.62	5.55
212.2	104.25	37.02	5.6
212.4	103.99	37.56	5.64
212.6	103.74	38.23	5.67
212.8	103.49	39.05	5.68
213.0	103.23	39.96	5.69
213.2	102.98	40.93	5.69
213.4	102.73	42.03	5.69
213.6	102.47	43.19	5.69
213.8	102.22	44.2	5.69
214.0	101.97	44.95	5.68
214.2	101.72	44.94	5.68
214.4	101.46	44.59	5.68
214.6	101.9	44.02	5.68
214.8	102.0	43.37	5.67
215.0	101.62	42.79	5.67
215.2	101.05	42.2	5.67
215.4	100.36	41.64	5.67
215.6	99.7	41.16	5.67
215.8	99.21	40.82	5.66
216.0	98.76	40.55	5.66
216.2	98.34	40.34	5.66
216.4	97.97	40.21	5.66
216.6	97.67	40.07	5.66
216.8	97.41	40.01	5.66
217.0	97.18	40.04	5.66
217.2	96.96	40.17	5.66
217.4	96.68	40.49	5.67
217.6	96.37	40.98	5.67
217.8	96.12	41.55	5.67
218.0	95.95	42.19	5.68
218.2	95.96	42.88	5.68
218.4	96.18	43.6	5.69
218.6	96.5	44.31	5.69
218.8	96.89	44.96	5.7
219.0	97.36	45.52	5.7
219.2	97.87	45.94	5.71
219.4	98.36	46.25	5.71
219.6	98.77	46.42	5.72
219.8	98.93	46.37	5.73
220.0	98.89	46.14	5.73
220.2	98.77	45.83	5.74
220.4	98.61	45.49	5.74
220.6	98.51	45.23	5.75
220.8	98.45	45.05	5.75
221.0	98.4	44.9	5.76
221.2	98.37	44.78	5.76
221.4	98.35	44.73	5.77
221.6	98.36	44.75	5.77
221.8	98.37	44.78	5.78
222.0	98.37	44.8	5.78
222.2	98.37	44.75	5.79
222.4	98.36	44.56	5.79
222.6	98.32	44.34	5.8
222.8	98.26	44.12	5.8
223.0	98.17	43.9	5.81
223.2	97.92	43.71	5.81
223.4	97.67	43.57	5.81
223.6	97.46	43.51	5.82
223.8	97.34	43.56	5.82
224.0	97.43	43.84	5.82
224.2	97.67	44.25	5.82
224.4	98.04	44.75	5.82
224.6	98.53	45.3	5.82
224.8	99.33	45.96	5.82
225.0	100.2	46.6	5.82
225.2	101.06	47.15	5.81
225.4	101.79	47.55	5.81
225.6	102.14	47.56	5.81
225.8	102.34	47.4	5.81
226.0	102.38	47.08	5.81
226.2	102.3	46.6	5.81
226.4	102.08	45.98	5.81
226.6	101.79	45.31	5.81
226.8	101.46	44.67	5.81
227.0	101.17	44.16	5.8
227.2	100.97	43.91	5.8
227.4	100.77	43.75	5.8
227.6	100.58	43.68	5.8
227.8	100.38	43.67	5.8
228.0	100.15	43.72	5.8
228.2	99.89	43.79	5.8
228.4	99.62	43.86	5.8
228.6	99.32	43.88	5.8
228.8	98.95	43.7	5.79
229.0	98.55	43.42	5.79
229.2	98.14	43.15	5.79
229.4	97.74	42.91	5.79
229.6	97.33	42.84	5.79
229.8	96.92	42.99	5.79
230.0	96.58	43.19	5.79
230.2	96.32	43.38	5.79
230.4	96.24	43.51	5.79
230.6	96.46	43.46	5.78
230.8	96.75	43.36	5.78
231.0	97.06	43.22	5.78
231.2	97.33	43.07	5.78
231.4	97.29	42.9	5.78
231.6	97.19	42.74	5.78
231.8	97.05	42.59	5.78
232.0	96.89	42.48	5.78
232.2	96.72	42.37	5.78
232.4	96.59	42.33	5.77
232.6	96.54	42.37	5.77
232.8	96.59	42.53	5.77
233.0	96.84	42.94	5.77
233.2	97.29	43.52	5.77
233.4	97.86	44.2	5.77
233.6	98.55	44.93	5.77
233.8	98.65	45.74	5.77
234.0	98.75	46.55	5.77
234.2	98.86	47.26	5.77
234.4	98.96	47.81	5.77
234.6	99.06	47.93	5.76
234.8	99.16	47.8	5.76
235.0	99.26	47.49	5.76
235.2	99.36	47.03	5.76
235.4	99.46	46.42	5.76
235.6	99.56	45.73	5.76
235.8	99.66	44.97	5.76
236.0	99.76	44.18	5.76
236.2	99.86	43.34	5.76
236.4	99.97	42.55	5.76
236.6	100.07	41.86	5.76
236.8	100.17	41.33	5.75
237.0	100.27	41.2	5.75
237.2	100.37	41.43	5.75
237.4	100.47	41.81	5.75
237.6	100.57	42.29	5.75
237.8	100.67	42.73	5.75
238.0	100.77	43.05	5.75
238.2	100.87	43.37	5.75
238.4	100.98	43.69	5.75
238.6	101.08	44.02	5.75
238.8	101.18	44.42	5.75
239.0	101.28	44.83	5.75
239.2	101.38	45.23	5.75
239.4	101.48	45.59	5.75
239.6	102.22	45.91	5.75
239.8	102.52	46.16	5.75
240.0	102.78	46.33	5.75
240.2	103.02	46.42	5.75
240.4	103.27	46.34	5.75
240.6	103.5	46.12	5.75
240.8	103.7	45.85	5.75
241.0	103.84	45.56	5.75
241.2	103.88	45.37	5.75
241.4	103.81	45.28	5.75
241.6	103.68	45.21	5.75
241.8	103.52	45.13	5.75
242.0	103.34	44.99	5.75
242.2	103.17	44.75	5.75
242.4	102.99	44.48	5.75
242.6	102.8	44.19	5.75
242.8	102.62	43.91	5.75
243.0	102.45	43.65	5.75
243.2	102.3	43.41	5.75
243.4	102.14	43.21	5.75
243.6	101.98	43.05	5.75
243.8	101.77	42.96	5.75
244.0	101.56	42.94	5.75
244.2	101.39	42.98	5.75
244.4	101.3	43.08	5.75
244.6	101.43	43.34	5.75
244.8	101.73	43.68	5.75
245.0	102.07	44.03	5.75
245.2	102.39	44.34	5.75
245.4	102.55	44.47	5.75
245.6	102.55	44.44	5.75
245.8	102.49	44.32	5.75
246.0	102.38	44.11	5.75
246.2	102.25	43.79	5.75
246.4	102.12	43.36	5.75
246.6	101.98	42.95	5.75
246.8	101.84	42.59	5.75
247.0	101.71	42.4	5.75
247.2	101.62	42.52	5.75
247.4	101.55	42.75	5.75
247.6	101.48	43.04	5.75
247.8	101.43	43.36	5.75
248.0	101.39	43.58	5.75
248.2	101.35	43.82	5.75
248.4	101.33	44.07	5.75
248.6	101.31	44.35	5.75
248.8	101.25	44.73	5.74
249.0	101.21	45.12	5.74
249.2	101.24	45.51	5.74
249.4	101.34	45.9	5.74
249.6	101.7	46.28	5.74
249.8	102.14	46.61	5.74
250.0	102.58	46.86	5.74
250.2	103.0	47.0	5.74
250.4	103.19	46.82	5.73
250.6	103.3	46.54	5.73
250.8	103.33	46.2	5.73
251.0	103.31	45.85	5.73
251.2	103.26	45.7	5.73
251.4	103.17	45.6	5.73
251.6	103.04	45.52	5.73
251.8	102.87	45.44	5.73
252.0	102.65	45.29	5.73
252.2	102.4	45.08	5.72
252.4	102.12	44.87	5.72
252.6	101.82	44.69	5.72
252.8	101.49	44.55	5.72
253.0	101.11	44.47	5.72
253.2	100.76	44.45	5.72
253.4	100.47	44.53	5.72
253.6	100.29	44.72	5.72
253.8	100.3	45.1	5.71
254.0	100.41	45.59	5.71
254.2	100.63	46.15	5.71
254.4	100.95	46.8	5.71
254.6	101.41	47.59	5.7
254.8	101.93	48.36	5.7
255.0	102.47	49.04	5.7
255.2	103.0	49.5	5.7
255.4	103.48	49.57	5.7
255.6	103.89	49.47	5.69
255.8	104.23	49.21	5.69
256.0	104.41	48.81	5.69
256.2	104.42	48.28	5.69
256.4	104.35	47.71	5.69
256.6	104.21	47.11	5.68
256.8	104.05	46.63	5.68
257.0	103.89	46.31	5.68
257.2	103.72	46.0	5.68
257.4	103.55	45.68	5.67
257.6	103.41	45.26	5.67
257.8	103.32	44.5	5.67
258.0	103.25	43.81	5.67
258.2	103.19	43.27	5.67
258.4	103.16	42.99	5.66
258.6	103.13	43.58	5.66
258.8	103.11	44.4	5.66
259.0	103.11	45.34	5.66
259.2	103.12	46.26	5.65
259.4	103.13	46.98	5.65
259.6	103.15	47.56	5.65
259.8	103.2	47.96	5.64
260.0	103.31	48.01	5.64
260.2	103.49	47.67	5.64
260.4	103.65	47.15	5.63
260.6	103.77	46.5	5.63
260.8	103.76	45.82	5.63
261.0	103.48	45.19	5.63
261.2	103.13	44.59	5.62
261.4	102.73	44.04	5.62
261.6	102.32	43.59	5.62
261.8	102.0	43.42	5.61
262.0	101.72	43.36	5.61
262.2	101.47	43.37	5.61
262.4	101.27	43.44	5.6
262.6	101.09	43.41	5.6
262.8	100.96	43.37	5.6
263.0	100.92	43.41	5.59
263.2	100.99	43.57	5.59
263.4	101.25	44.01	5.59
263.6	101.66	44.65	5.59
263.8	102.14	45.35	5.59
264.0	102.67	46.04	5.59
264.2	103.18	46.65	5.59
264.4	103.68	47.15	5.59
264.6	104.15	47.5	5.59
264.8	104.57	47.62	5.59
265.0	104.91	47.36	5.59
265.2	105.18	46.92	5.59
265.4	105.37	46.36	5.59
265.6	105.47	45.71	5.59
265.8	105.47	45.01	5.59
266.0	105.38	44.35	5.59
266.2	105.21	43.82	5.59
266.4	104.93	43.57	5.59
266.6	104.5	43.83	5.59
266.8	104.04	44.23	5.59
267.0	103.6	44.67	5.59
267.2	103.25	45.01	5.59
267.4	103.1	44.96	5.59
267.6	103.03	44.86	5.59
267.8	103.02	44.79	5.59
268.0	103.08	44.8	5.59
268.2	103.22	45.25	5.59
268.4	103.37	45.73	5.59
268.6	103.52	46.17	5.59
268.8	103.63	46.43	5.59
269.0	103.64	46.24	5.59
269.2	103.6	45.9	5.59
269.4	103.48	45.47	5.59
269.6	103.28	44.98	5.59
269.8	102.41	44.61	5.59
270.0	101.63	44.25	5.59
270.2	101.64	43.87	5.59
270.4	101.65	43.48	5.59
270.6	101.66	42.83	5.59
270.8	101.67	42.17	5.59
271.0	101.68	41.67	5.59
271.2	101.69	41.45	5.59
271.4	101.69	41.95	5.59
271.6	101.7	43.05	5.59
271.8	101.71	44.31	5.58
272.0	101.72	45.6	5.58
272.2	101.73	46.45	5.58
272.4	101.74	47.03	5.58
272.6	101.75	47.45	5.57
272.8	101.76	47.75	5.57
273.0	101.77	47.98	5.57
273.2	101.78	48.14	5.56
273.4	101.78	48.17	5.56
273.6	101.79	48.06	5.56
273.8	101.8	47.69	5.55
274.0	101.81	47.13	5.55
274.2	101.82	46.49	5.55
274.4	101.83	45.82	5.54
274.6	101.84	45.24	5.54
274.8	101.85	44.74	5.54
275.0	101.86	44.28	5.53
275.2	101.87	43.86	5.53
275.4	101.87	43.44	5.53
275.6	101.88	43.06	5.53
275.8	102.19	42.78	5.53
276.0	103.12	42.6	5.54
276.2	103.72	42.67	5.54
276.4	103.9	42.94	5.54
276.6	104.11	43.3	5.55
276.8	104.34	43.7	5.55
277.0	104.56	44.07	5.56
277.2	104.77	44.4	5.56
277.4	104.91	44.68	5.56
277.6	104.97	44.87	5.57
277.8	104.78	44.83	5.57
278.0	104.45	44.65	5.57
278.2	104.05	44.42	5.58
278.4	103.61	44.18	5.58
278.6	103.27	44.0	5.59
278.8	103.01	43.9	5.59
279.0	102.76	43.88	5.59
279.2	102.51	43.94	5.6
279.4	102.21	44.13	5.6
279.6	101.76	44.53	5.6
279.8	101.36	45.0	5.61
280.0	101.06	45.5	5.61
280.2	100.96	45.97	5.61
280.4	101.36	46.3	5.62
280.6	101.85	46.59	5.62
280.8	102.37	46.86	5.62
281.0	102.82	47.11	5.63
281.2	102.81	47.46	5.63
281.4	102.71	47.76	5.64
281.6	102.56	47.99	5.64
281.8	102.4	48.1	5.64
282.0	101.87	47.79	5.65
282.2	101.99	47.4	5.65
282.4	102.11	47.0	5.65
282.6	102.23	46.64	5.65
282.8	102.35	46.54	5.65
283.0	102.46	46.59	5.65
283.2	102.58	46.78	5.65
283.4	102.7	47.1	5.65
283.6	102.82	47.77	5.65
283.8	102.94	48.54	5.65
284.0	103.05	49.23	5.65
284.2	103.17	49.7	5.65
284.4	103.29	49.42	5.65
284.6	103.41	48.89	5.65
284.8	103.53	48.16	5.65
285.0	103.65	47.32	5.65
285.2	103.76	46.44	5.65
285.4	103.88	45.58	5.64
285.6	104.0	44.79	5.64
285.8	104.12	44.14	5.64
286.0	104.24	43.94	5.64
286.2	104.35	43.93	5.64
286.4	104.47	44.01	5.64
286.6	104.59	44.06	5.64
286.8	104.71	43.72	5.64
287.0	104.83	43.36	5.64
287.2	104.95	43.04	5.64
287.4	105.06	42.81	5.64
287.6	105.18	42.91	5.64
287.8	105.3	43.38	5.64
