0.2	104.87	62.71	4.93
0.4	104.09	61.9	4.93
0.6	103.67	61.56	4.93
0.8	103.55	61.6	4.94
1.0	103.7	61.95	4.94
1.2	104.08	62.56	4.94
1.4	104.63	63.35	4.94
1.6	105.32	64.24	4.94
1.8	106.11	65.18	4.95
2.0	106.91	66.02	4.95
2.2	107.69	66.71	4.95
2.4	108.48	67.33	4.95
2.6	109.26	67.86	4.96
2.8	110.1	68.37	4.96
3.0	110.91	68.78	4.96
3.2	111.6	69.01	4.96
3.4	112.09	69.0	4.97
3.6	112.12	68.44	4.97
3.8	111.82	67.51	4.97
4.0	111.3	66.37	4.97
4.2	110.62	65.11	4.98
4.4	109.8	63.82	4.98
4.6	108.89	62.56	4.98
4.8	107.95	61.36	4.98
5.0	107.03	60.26	4.99
5.2	106.18	59.33	4.99
5.4	105.73	58.96	4.99
5.6	105.4	58.78	4.99
5.8	105.15	58.77	5.0
6.0	104.98	58.87	5.0
6.2	104.87	59.07	5.0
6.4	104.58	59.12	5.0
6.6	104.32	59.19	5.0
6.8	104.15	59.36	5.01
7.0	104.13	59.65	5.01
7.2	104.29	60.08	5.01
7.4	104.98	61.0	5.01
7.6	105.86	62.05	5.01
7.8	106.84	63.11	5.01
8.0	107.86	64.1	5.01
8.2	108.8	64.85	5.01
8.4	109.53	65.17	5.01
8.6	110.25	65.38	5.01
8.8	110.96	65.52	5.01
9.0	111.71	65.67	5.01
9.2	112.57	65.98	5.01
9.4	113.44	66.26	5.0
9.6	114.3	66.48	5.0
9.8	115.13	66.57	5.0
10.0	115.91	66.46	5.0
10.2	116.62	66.28	4.99
10.4	117.24	66.04	4.99
10.6	117.79	65.87	4.99
10.8	118.23	65.76	4.99
11.0	118.49	65.56	4.98
11.2	118.54	65.21	4.98
11.4	118.16	64.4	4.98
11.6	117.38	63.18	4.98
11.8	116.41	61.86	4.97
12.0	115.3	60.52	4.97
12.2	114.12	59.27	4.97
12.4	113.14	58.72	4.97
12.6	112.19	58.38	4.97
12.8	111.29	58.23	4.96
13.0	110.45	58.24	4.96
13.2	109.7	58.39	4.96
13.4	109.1	58.65	4.96
13.6	108.72	59.02	4.95
13.8	108.42	59.46	4.95
14.0	108.18	59.96	4.95
14.2	107.99	60.49	4.95
14.4	107.83	61.04	4.94
14.6	107.56	61.53	4.94
14.8	107.28	62.0	4.94
15.0	107.03	62.46	4.94
15.2	106.84	62.9	4.93
15.4	106.72	63.32	4.93
15.6	106.79	63.72	4.93
15.8	106.95	64.09	4.93
16.0	107.16	64.44	4.92
16.2	107.4	64.77	4.92
16.4	107.61	65.07	4.92
16.6	107.68	65.31	4.92
16.8	107.78	65.55	4.92
17.0	107.95	65.82	4.93
17.2	108.21	66.14	4.93
17.4	108.74	66.76	4.94
17.6	109.38	67.38	4.94
17.8	110.11	67.9	4.95
18.0	110.91	68.24	4.96
18.2	111.74	67.82	4.97
18.4	112.6	67.36	4.98
18.6	113.45	67.01	4.99
18.8	114.32	67.28	5.0
19.0	115.2	68.53	5.0
19.2	115.93	69.81	5.01
19.4	116.42	70.87	5.02
19.6	116.33	70.72	5.03
19.8	115.73	69.56	5.05
20.0	114.92	68.05	5.06
20.2	113.99	66.37	5.07
20.4	113.26	65.19	5.08
20.6	112.83	64.66	5.09
20.8	112.45	64.32	5.09
21.0	112.13	64.14	5.1
21.2	111.83	64.09	5.11
21.4	111.55	64.11	5.12
21.6	111.21	64.2	5.12
21.8	110.87	64.3	5.13
22.0	110.51	64.36	5.14
22.2	110.14	64.36	5.15
22.4	109.74	64.25	5.16
22.6	109.27	63.63	5.16
22.8	108.76	62.78	5.17
23.0	108.24	61.91	5.18
23.2	107.72	61.11	5.19
23.4	107.2	60.45	5.2
23.6	106.71	60.49	5.21
23.8	106.24	60.84	5.21
24.0	105.79	61.31	5.22
24.2	105.34	61.81	5.23
24.4	104.91	62.27	5.24
24.6	104.44	62.27	5.25
24.8	103.98	62.12	5.26
25.0	103.56	61.91	5.26
25.2	103.18	61.66	5.27
25.4	102.85	61.4	5.28
25.6	102.71	61.28	5.29
25.8	102.61	61.19	5.3
26.0	102.54	61.1	5.3
26.2	102.48	61.03	5.31
26.4	102.39	60.97	5.32
26.6	102.06	60.79	5.33
26.8	101.74	60.65	5.34
27.0	101.49	60.59	5.34
27.2	101.33	60.63	5.35
27.4	101.46	60.93	5.36
27.6	101.89	61.52	5.37
27.8	102.42	62.16	5.38
28.0	102.99	62.8	5.38
28.2	103.55	63.36	5.39
28.4	103.92	63.64	5.4
28.6	104.26	63.81	5.41
28.8	104.55	63.88	5.42
29.0	104.81	63.86	5.43
29.2	105.07	63.68	5.44
29.4	105.29	63.42	5.44
29.6	105.48	63.14	5.45
29.8	105.62	62.85	5.46
30.0	105.7	62.66	5.47
30.2	105.69	62.62	5.48
30.4	105.65	62.62	5.49
30.6	105.59	62.66	5.49
30.8	105.52	62.7	5.5
31.0	105.52	62.81	5.51
31.2	105.53	62.9	5.52
31.4	105.52	62.92	5.53
31.6	105.48	62.84	5.54
31.8	105.37	62.42	5.54
32.0	105.18	61.61	5.55
32.2	104.95	60.8	5.56
32.4	104.69	60.11	5.57
32.6	104.4	59.64	5.58
32.8	104.07	60.2	5.59
33.0	103.73	61.0	5.59
33.2	103.41	61.94	5.6
33.4	103.12	62.92	5.61
33.6	102.89	63.56	5.62
33.8	102.72	63.91	5.62
34.0	102.65	64.23	5.63
34.2	102.7	64.59	5.63
34.4	102.9	65.09	5.63
34.6	103.28	65.81	5.63
34.8	103.82	66.62	5.63
35.0	104.52	67.51	5.63
35.2	105.44	68.43	5.63
35.4	106.56	69.39	5.63
35.6	107.81	70.4	5.63
35.8	109.18	71.46	5.63
36.0	110.76	72.8	5.63
36.2	112.38	74.17	5.63
36.4	113.92	75.32	5.63
36.6	115.26	76.07	5.63
36.8	116.08	75.8	5.63
37.0	116.69	75.21	5.63
37.2	117.12	74.43	5.63
37.4	117.47	73.83	5.63
37.6	117.75	73.47	5.63
37.8	117.93	73.14	5.63
38.0	117.99	72.83	5.63
38.2	117.91	72.48	5.63
38.4	117.67	72.05	5.63
38.6	117.35	71.61	5.63
38.8	116.96	71.2	5.63
39.0	116.52	70.81	5.63
39.2	116.15	70.57	5.63
39.4	115.77	70.39	5.63
39.6	115.35	70.21	5.63
39.8	114.88	70.02	5.63
40.0	114.37	69.79	5.63
40.2	113.65	69.28	5.63
40.4	112.91	68.74	5.63
40.6	112.16	68.21	5.63
40.8	111.43	67.72	5.63
41.0	110.78	67.34	5.63
41.2	110.38	67.27	5.63
41.4	110.03	67.28	5.63
41.6	109.72	67.36	5.63
41.8	109.43	67.47	5.63
42.0	109.13	67.59	5.63
42.2	108.65	67.6	5.63
42.4	108.15	67.6	5.63
42.6	107.66	67.59	5.63
42.8	107.19	67.59	5.63
43.0	106.76	67.6	5.63
43.2	106.38	67.61	5.63
43.4	106.07	67.64	5.63
43.6	105.86	67.7	5.63
43.8	105.76	67.78	5.63
44.0	105.88	67.92	5.63
44.2	106.24	68.14	5.63
44.4	106.69	68.37	5.63
44.6	107.2	68.62	5.63
44.8	107.72	68.85	5.63
45.0	108.09	69.16	5.63
45.2	108.43	69.41	5.63
45.4	108.75	69.57	5.63
45.6	109.05	69.58	5.63
45.8	109.36	69.12	5.63
46.0	109.66	68.37	5.63
46.2	109.93	67.61	5.63
46.4	110.16	66.94	5.64
46.6	110.33	66.71	5.64
46.8	110.43	67.14	5.64
47.0	110.49	67.72	5.64
47.2	110.5	68.34	5.64
47.4	110.46	68.89	5.64
47.6	110.42	68.85	5.64
47.8	110.33	68.71	5.64
48.0	110.18	68.5	5.64
48.2	109.97	68.27	5.64
48.4	109.67	68.36	5.64
48.6	109.28	68.58	5.64
48.8	108.83	68.71	5.64
49.0	108.32	68.64	5.64
49.2	107.76	68.01	5.64
49.4	107.13	66.45	5.64
49.6	106.48	64.79	5.64
49.8	105.84	63.24	5.64
50.0	105.22	61.99	5.64
50.2	104.67	62.17	5.64
50.4	104.19	62.93	5.64
50.6	103.76	63.96	5.64
50.8	103.39	65.12	5.64
51.0	103.09	66.12	5.64
51.2	102.85	66.81	5.63
51.4	102.71	67.39	5.63
51.6	102.7	67.84	5.62
51.8	102.86	67.94	5.62
52.0	103.22	67.55	5.61
52.2	103.71	67.29	5.61
52.4	104.29	67.37	5.6
52.6	104.96	68.66	5.6
52.8	105.7	71.12	5.59
53.0	106.45	73.63	5.58
53.2	107.16	75.81	5.58
53.4	107.79	76.1	5.57
53.6	108.31	75.45	5.57
53.8	108.7	74.43	5.56
54.0	108.92	73.28	5.56
54.2	108.74	73.11	5.55
54.4	108.38	73.13	5.54
54.6	107.92	73.22	5.54
54.8	107.42	73.31	5.53
55.0	107.05	73.16	5.53
55.2	106.87	72.73	5.52
55.4	106.69	72.22	5.52
55.6	106.5	71.68	5.51
55.8	106.28	71.13	5.5
56.0	105.94	70.71	5.5
56.2	105.47	70.43	5.49
56.4	104.95	70.14	5.49
56.6	104.39	69.82	5.48
56.8	103.78	69.42	5.47
57.0	103.11	68.69	5.47
57.2	102.4	67.68	5.46
57.4	101.71	66.69	5.46
57.6	101.06	65.77	5.45
57.8	100.48	65.02	5.45
58.0	100.07	64.85	5.44
58.2	99.84	65.18	5.43
58.4	99.69	65.65	5.43
58.6	99.62	66.22	5.42
58.8	99.63	66.79	5.42
59.0	99.67	66.92	5.41
59.2	99.77	66.8	5.41
59.4	99.91	66.73	5.4
59.6	100.09	66.82	5.39
59.8	100.32	67.13	5.39
60.0	100.58	68.38	5.38
60.2	100.87	69.89	5.38
60.4	101.2	71.42	5.37
60.6	101.57	72.83	5.36
60.8	102.02	73.66	5.36
61.0	102.52	74.01	5.35
61.2	103.01	74.14	5.35
61.4	103.47	74.1	5.34
61.6	103.77	73.93	5.34
61.8	103.97	73.68	5.34
62.0	104.15	73.42	5.35
62.2	104.38	73.19	5.35
62.4	104.77	73.18	5.36
62.6	105.28	73.32	5.36
62.8	105.84	73.53	5.36
63.0	106.45	73.8	5.37
63.2	107.11	74.27	5.37
63.4	107.77	74.7	5.38
63.6	108.39	74.99	5.38
63.8	108.92	75.0	5.38
64.0	109.34	74.46	5.39
64.2	109.62	73.59	5.39
64.4	109.74	72.39	5.39
64.6	109.61	70.72	5.4
64.8	109.11	68.27	5.4
65.0	108.46	65.76	5.41
65.2	107.72	63.45	5.41
65.4	106.96	61.58	5.42
65.6	106.38	61.97	5.42
65.8	105.87	63.14	5.42
66.0	105.43	64.69	5.43
66.2	105.07	66.38	5.43
66.4	104.79	67.97	5.43
66.6	104.67	67.85	5.44
66.8	104.64	67.25	5.44
67.0	104.7	66.6	5.44
67.2	104.83	66.05	5.45
67.4	105.02	65.78	5.45
67.6	105.27	66.95	5.45
67.8	105.56	68.5	5.46
68.0	105.91	70.16	5.46
68.2	106.32	71.76	5.46
68.4	106.79	72.96	5.47
68.6	107.33	73.55	5.47
68.8	107.89	73.87	5.47
69.0	108.45	73.93	5.48
69.2	108.98	73.71	5.48
69.4	109.48	73.13	5.48
69.6	109.91	72.4	5.49
69.8	110.23	71.58	5.49
70.0	110.42	70.74	5.49
70.2	110.24	70.04	5.5
70.4	109.94	69.44	5.5
70.6	109.57	68.97	5.51
70.8	109.19	68.66	5.51
71.0	109.02	68.82	5.51
71.2	108.93	69.22	5.52
71.4	108.83	69.66	5.52
71.6	108.7	70.07	5.52
71.8	108.38	70.21	5.52
72.0	107.91	70.05	5.52
72.2	107.43	69.73	5.52
72.4	107.01	69.23	5.52
72.6	106.79	68.42	5.52
72.8	106.8	67.29	5.51
73.0	106.92	66.19	5.51
73.2	107.14	65.23	5.51
73.4	107.42	64.73	5.5
73.6	107.75	64.81	5.5
73.8	108.12	65.19	5.5
74.0	108.51	65.82	5.49
74.2	108.87	66.84	5.49
74.4	109.21	68.09	5.49
74.6	109.54	69.29	5.48
74.8	109.85	70.29	5.48
75.0	110.13	70.44	5.48
75.2	110.39	70.22	5.47
75.4	110.6	69.81	5.47
75.6	110.79	69.34	5.47
75.8	110.98	68.98	5.47
76.0	111.08	68.69	5.46
76.2	111.07	68.52	5.46
76.4	110.85	68.67	5.46
76.6	110.31	69.36	5.45
76.8	109.65	70.14	5.45
77.0	108.92	70.88	5.45
77.2	108.16	71.45	5.44
77.4	107.57	71.1	5.44
77.6	107.02	70.49	5.44
77.8	106.5	69.71	5.43
78.0	106.03	68.85	5.43
78.2	105.59	68.02	5.43
78.4	105.19	67.34	5.42
78.6	104.85	66.76	5.42
78.8	104.57	66.3	5.42
79.0	104.36	66.01	5.41
79.2	104.26	66.09	5.41
79.4	104.27	66.57	5.41
79.6	104.37	67.18	5.4
79.8	104.54	67.85	5.4
80.0	104.8	68.54	5.4
80.2	105.16	69.03	5.39
80.4	105.6	69.4	5.39
80.6	106.09	69.7	5.39
80.8	106.61	69.94	5.38
81.0	107.14	70.15	5.38
81.2	107.67	70.36	5.38
81.4	108.18	70.45	5.37
81.6	108.65	70.35	5.37
81.8	109.06	69.97	5.37
82.0	109.34	68.96	5.36
82.2	109.55	67.83	5.36
82.4	109.7	66.68	5.36
82.6	109.78	65.64	5.36
82.8	109.8	65.33	5.35
83.0	109.76	65.19	5.35
83.2	109.67	65.14	5.35
83.4	109.53	65.13	5.34
83.6	109.27	64.8	5.34
83.8	108.97	64.36	5.34
84.0	108.7	63.97	5.33
84.2	108.48	63.68	5.33
84.4	108.45	63.69	5.33
84.6	108.57	63.96	5.33
84.8	108.79	64.37	5.34
85.0	109.08	64.88	5.34
85.2	109.44	65.47	5.34
85.4	109.86	66.1	5.34
85.6	110.3	66.73	5.35
85.8	110.75	67.33	5.35
86.0	111.25	67.96	5.35
86.2	111.71	68.48	5.35
86.4	112.08	68.75	5.36
86.6	112.32	68.67	5.36
86.8	112.22	67.59	5.36
87.0	111.98	66.26	5.37
87.2	111.63	64.84	5.37
87.4	111.2	63.61	5.37
87.6	110.76	63.15	5.37
87.8	110.28	62.93	5.38
88.0	109.76	62.9	5.38
88.2	109.22	63.04	5.38
88.4	108.64	63.25	5.38
88.6	108.04	63.53	5.39
88.8	107.45	63.87	5.39
89.0	106.89	64.26	5.39
89.2	106.37	64.68	5.4
89.4	105.93	65.02	5.4
89.6	105.57	65.33	5.4
89.8	105.28	65.66	5.4
90.0	105.08	66.0	5.4
90.2	104.96	66.36	5.41
90.4	104.97	66.84	5.41
90.6	105.08	67.34	5.41
90.8	105.27	67.83	5.41
91.0	105.55	68.29	5.42
91.2	105.91	68.69	5.42
91.4	106.41	69.01	5.42
91.6	106.95	69.23	5.42
91.8	107.5	69.31	5.43
92.0	108.01	69.23	5.43
92.2	108.43	68.76	5.43
92.4	108.75	68.03	5.43
92.6	108.99	67.23	5.44
92.8	109.13	66.43	5.44
93.0	109.13	65.8	5.44
93.2	108.95	65.45	5.44
93.4	108.7	65.19	5.45
93.6	108.4	64.99	5.45
93.8	108.09	64.85	5.45
94.0	107.84	64.73	5.45
94.2	107.59	64.63	5.45
94.4	107.35	64.54	5.45
94.6	107.11	64.45	5.45
94.8	106.82	64.24	5.45
95.0	106.55	64.02	5.45
95.2	106.34	63.88	5.44
95.4	106.22	63.85	5.44
95.6	106.34	64.18	5.43
95.8	106.6	64.7	5.42
96.0	106.92	65.29	5.42
96.2	107.27	65.88	5.41
96.4	107.6	66.34	5.4
96.6	107.91	66.72	5.4
96.8	108.17	67.04	5.39
97.0	108.36	67.29	5.39
97.2	108.48	67.45	5.38
97.4	108.49	67.54	5.37
97.6	108.39	67.54	5.37
97.8	108.1	67.46	5.36
98.0	107.58	67.27	5.36
98.2	106.95	67.03	5.35
98.4	106.24	66.75	5.34
98.6	105.48	66.45	5.34
98.8	104.71	66.18	5.33
99.0	103.95	65.91	5.33
99.2	103.22	65.62	5.32
99.4	102.54	65.34	5.31
99.6	101.98	65.03	5.31
99.8	101.56	64.68	5.3
100.0	101.24	64.35	5.3
100.2	101.02	64.05	5.29
100.4	100.89	63.79	5.28
100.6	100.88	63.63	5.28
100.8	101.02	63.64	5.27
101.0	101.24	63.7	5.26
101.2	101.51	63.8	5.26
101.4	101.83	63.91	5.25
101.6	102.15	63.96	5.25
101.8	102.44	63.93	5.24
102.0	102.76	63.93	5.23
102.2	103.11	64.0	5.23
102.4	103.51	64.17	5.22
102.6	104.04	64.89	5.22
102.8	104.59	65.62	5.21
103.0	105.14	66.22	5.2
103.2	105.65	66.58	5.2
103.4	106.11	66.03	5.19
103.6	106.48	65.01	5.19
103.8	106.76	63.85	5.18
104.0	106.91	62.69	5.17
104.2	106.82	62.0	5.17
104.4	106.55	61.65	5.16
104.6	106.18	61.39	5.15
104.8	105.73	61.16	5.15
105.0	105.22	60.72	5.14
105.2	104.69	60.11	5.14
105.4	104.21	59.56	5.13
105.6	103.83	59.13	5.12
105.8	103.68	59.03	5.12
106.0	103.8	59.29	5.12
106.2	104.03	59.7	5.11
106.4	104.34	60.23	5.11
106.6	104.68	60.82	5.11
106.8	105.03	61.43	5.11
107.0	105.38	62.06	5.11
107.2	105.72	62.66	5.11
107.4	106.03	63.22	5.11
107.6	106.3	63.7	5.11
107.8	106.5	64.07	5.11
108.0	106.61	64.31	5.11
108.2	106.53	64.31	5.11
108.4	106.35	64.14	5.11
108.6	106.09	63.8	5.11
108.8	105.77	63.29	5.11
109.0	105.42	62.37	5.11
109.2	105.03	61.38	5.11
109.4	104.61	60.4	5.11
109.6	104.18	59.54	5.11
109.8	103.74	59.25	5.11
110.0	103.3	59.39	5.1
110.2	102.87	59.67	5.1
110.4	102.46	60.01	5.1
110.6	102.08	60.36	5.1
110.8	101.76	60.33	5.1
111.0	101.48	60.23	5.1
111.2	101.26	60.07	5.1
111.4	101.09	59.87	5.1
111.6	100.99	59.58	5.1
111.8	101.0	59.16	5.1
112.0	101.06	58.77	5.1
112.2	101.16	58.47	5.1
112.4	101.3	58.32	5.1
112.6	101.46	58.61	5.1
112.8	101.64	59.36	5.1
113.0	101.81	60.21	5.1
113.2	101.96	61.07	5.1
113.4	102.07	61.84	5.1
113.6	102.0	62.07	5.1
113.8	101.88	62.07	5.1
114.0	101.75	61.98	5.09
114.2	101.67	61.88	5.09
114.4	101.73	61.96	5.1
114.6	101.98	62.31	5.1
114.8	102.29	62.62	5.1
115.0	102.62	62.83	5.1
115.2	102.93	62.74	5.1
115.4	103.1	61.93	5.11
115.6	103.31	61.11	5.11
115.8	103.57	60.45	5.12
116.0	103.96	60.29	5.13
116.2	104.55	61.17	5.13
116.4	105.25	62.32	5.14
116.6	106.04	63.58	5.14
116.8	106.92	64.63	5.15
117.0	107.87	65.35	5.15
117.2	108.84	65.99	5.16
117.4	109.8	66.55	5.16
117.6	110.81	67.28	5.17
117.8	111.72	67.92	5.18
118.0	112.43	68.32	5.18
118.2	112.8	68.25	5.19
118.4	112.56	67.36	5.2
118.6	112.07	66.2	5.2
118.8	111.41	64.92	5.21
119.0	110.74	63.92	5.22
119.2	110.16	63.35	5.22
119.4	109.56	62.91	5.23
119.6	108.96	62.55	5.24
119.8	108.38	62.23	5.24
120.0	107.85	61.77	5.25
120.2	107.39	61.16	5.25
120.4	106.94	60.6	5.26
120.6	106.51	60.13	5.26
120.8	106.07	59.8	5.27
121.0	105.6	59.85	5.28
121.2	105.09	60.25	5.28
121.4	104.58	60.76	5.29
121.6	104.08	61.3	5.29
121.8	103.58	61.82	5.3
122.0	103.1	62.05	5.3
122.2	102.65	62.04	5.31
122.4	102.22	61.97	5.32
122.6	101.83	61.84	5.32
122.8	101.49	61.7	5.33
123.0	101.26	61.72	5.33
123.2	101.1	61.81	5.34
123.4	100.97	61.85	5.34
123.6	100.86	61.81	5.35
123.8	100.75	61.66	5.35
124.0	100.58	61.06	5.36
124.2	100.39	60.27	5.37
124.4	100.18	59.45	5.37
124.6	99.97	58.67	5.38
124.8	99.75	58.02	5.38
125.0	99.34	57.81	5.39
125.2	98.98	57.78	5.39
125.4	98.74	57.89	5.4
125.6	98.68	58.14	5.4
125.8	99.02	58.52	5.41
126.0	99.8	59.02	5.41
126.2	100.72	59.61	5.42
126.4	101.73	60.28	5.43
126.6	102.74	61.06	5.43
126.8	103.59	61.99	5.44
127.0	104.41	62.88	5.44
127.2	105.18	63.64	5.45
127.4	105.87	64.16	5.45
127.6	106.46	64.08	5.46
127.8	106.97	63.79	5.47
128.0	107.41	63.33	5.47
128.2	107.79	62.76	5.48
128.4	108.1	62.19	5.48
128.6	108.35	61.58	5.49
128.8	108.55	60.98	5.49
129.0	108.71	60.4	5.5
129.2	108.85	60.01	5.51
129.4	108.95	59.68	5.51
129.6	109.01	59.4	5.52
129.8	109.03	59.15	5.52
130.0	109.05	58.91	5.53
130.2	109.02	58.67	5.53
130.4	108.92	58.43	5.54
130.6	108.71	58.18	5.55
130.8	108.26	57.87	5.55
131.0	107.6	57.51	5.55
131.2	106.89	57.18	5.56
131.4	106.18	56.89	5.56
131.6	105.59	56.72	5.56
131.8	105.17	56.69	5.56
132.0	104.86	56.76	5.56
132.2	104.64	56.91	5.56
132.4	104.53	57.15	5.56
132.6	104.55	57.41	5.57
132.8	104.67	57.79	5.57
133.0	104.9	58.29	5.57
133.2	105.26	58.98	5.57
133.4	105.75	59.96	5.57
133.6	106.33	61.03	5.57
133.8	106.98	62.12	5.57
134.0	107.67	63.12	5.58
134.2	108.38	63.96	5.58
134.4	109.12	64.72	5.58
134.6	109.87	65.4	5.58
134.8	110.69	66.01	5.58
135.0	111.5	66.53	5.58
135.2	112.22	66.89	5.58
135.4	112.78	67.04	5.58
135.6	112.96	66.77	5.59
135.8	112.99	66.35	5.59
136.0	112.88	65.85	5.59
136.2	112.68	65.38	5.59
136.4	112.47	65.18	5.59
136.6	112.2	65.02	5.59
136.8	111.89	64.87	5.6
137.0	111.54	64.73	5.6
137.2	111.2	64.49	5.6
137.4	110.85	64.2	5.6
137.6	110.49	63.89	5.6
137.8	110.12	63.56	5.6
138.0	109.74	63.23	5.6
138.2	109.37	62.94	5.6
138.4	108.98	62.64	5.61
138.6	108.6	62.33	5.61
138.8	108.22	62.01	5.61
139.0	107.86	61.66	5.61
139.2	107.51	61.26	5.61
139.4	107.16	60.86	5.61
139.6	106.8	60.46	5.61
139.8	106.4	60.08	5.62
140.0	105.88	59.76	5.62
140.2	105.28	59.48	5.62
140.4	104.7	59.22	5.62
140.6	104.17	58.99	5.62
140.8	103.73	58.78	5.62
141.0	103.5	58.4	5.62
141.2	103.38	58.1	5.62
141.4	103.39	57.93	5.63
141.6	103.51	57.95	5.63
141.8	103.79	58.42	5.63
142.0	104.25	59.44	5.63
142.2	104.78	60.58	5.63
142.4	105.36	61.71	5.63
142.6	105.95	62.75	5.63
142.8	106.45	63.12	5.64
143.0	106.92	63.33	5.64
143.2	107.37	63.42	5.64
143.4	107.79	63.46	5.64
143.6	108.19	63.59	5.64
143.8	108.56	63.76	5.64
144.0	108.9	63.92	5.64
144.2	109.23	64.07	5.64
144.4	109.57	64.23	5.65
144.6	109.93	64.39	5.65
144.8	110.23	64.5	5.65
145.0	110.46	64.53	5.65
145.2	110.55	64.41	5.65
145.4	110.43	64.09	5.65
145.6	110.22	63.66	5.65
145.8	109.93	63.17	5.66
146.0	109.59	62.61	5.66
146.2	109.27	61.89	5.66
146.4	108.91	61.2	5.66
146.6	108.53	60.6	5.66
146.8	108.11	60.17	5.66
147.0	107.63	60.25	5.66
147.2	107.1	60.7	5.67
147.4	106.59	61.26	5.67
147.6	106.09	61.85	5.67
147.8	105.64	62.22	5.67
148.0	105.25	62.14	5.67
148.2	104.94	62.07	5.67
148.4	104.75	62.08	5.67
148.6	104.68	62.34	5.67
148.8	104.77	63.19	5.67
149.0	105.03	64.22	5.66
149.2	105.48	65.35	5.66
149.4	106.19	66.56	5.65
149.6	107.3	67.82	5.65
149.8	108.54	68.96	5.64
150.0	109.83	69.89	5.64
150.2	111.01	70.27	5.63
150.4	111.99	69.87	5.63
150.6	112.88	69.38	5.62
150.8	113.69	69.01	5.62
151.0	114.48	69.54	5.61
151.2	115.2	70.69	5.6
151.4	115.78	71.91	5.6
151.6	116.19	73.01	5.59
151.8	116.19	73.11	5.59
152.0	115.99	72.83	5.58
152.2	115.65	72.38	5.58
152.4	115.23	71.85	5.57
152.6	114.94	71.7	5.57
152.8	114.69	71.74	5.56
153.0	114.42	71.81	5.55
153.2	114.12	71.89	5.55
153.4	113.78	71.94	5.54
153.6	113.35	71.77	5.54
153.8	112.85	71.51	5.53
154.0	112.31	71.2	5.53
154.2	111.71	70.85	5.52
154.4	111.06	70.48	5.52
154.6	110.32	70.12	5.51
154.8	109.52	69.76	5.5
155.0	108.71	69.41	5.5
155.2	107.88	69.06	5.49
155.4	107.05	68.72	5.49
155.6	106.3	68.43	5.48
155.8	105.56	68.16	5.48
156.0	104.84	67.9	5.47
156.2	104.15	67.65	5.47
156.4	103.46	67.4	5.46
156.6	102.75	67.06	5.45
156.8	102.06	66.74	5.45
157.0	101.42	66.46	5.44
157.2	100.84	66.25	5.44
157.4	100.35	66.14	5.43
157.6	100.03	66.46	5.43
157.8	99.8	66.83	5.42
158.0	99.62	67.16	5.42
158.2	99.5	67.41	5.41
158.4	99.39	67.29	5.4
158.6	99.27	66.63	5.4
158.8	99.19	65.92	5.39
159.0	99.14	65.27	5.39
159.2	99.14	64.79	5.38
159.4	99.2	65.1	5.38
159.6	99.32	65.7	5.37
159.8	99.47	66.37	5.37
160.0	99.66	67.03	5.36
160.2	99.9	67.28	5.35
160.4	100.18	67.26	5.35
160.6	100.46	67.17	5.34
160.8	100.73	67.07	5.34
161.0	100.97	67.17	5.33
161.2	101.17	67.44	5.33
161.4	101.34	67.69	5.33
161.6	101.48	67.88	5.33
161.8	101.59	67.86	5.32
162.0	101.69	67.5	5.32
162.2	101.74	67.05	5.32
162.4	101.74	66.54	5.32
162.6	101.68	66.02	5.32
162.8	101.44	65.74	5.32
163.0	101.15	65.5	5.32
163.2	100.86	65.24	5.32
163.4	100.59	64.95	5.32
163.6	100.41	64.32	5.32
163.8	100.34	63.46	5.32
164.0	100.35	62.75	5.32
164.2	100.47	62.37	5.31
164.4	100.74	62.87	5.31
164.6	101.16	64.49	5.31
164.8	101.68	66.27	5.31
165.0	102.28	67.93	5.31
165.2	102.95	68.66	5.31
165.4	103.67	68.42	5.31
165.6	104.39	67.94	5.31
165.8	105.08	67.41	5.31
166.0	105.7	67.3	5.31
166.2	106.23	67.51	5.31
166.4	106.67	67.92	5.31
166.6	106.99	68.56	5.31
166.8	107.13	70.05	5.31
167.0	107.13	71.58	5.3
167.2	106.99	72.86	5.3
167.4	106.71	73.64	5.3
167.6	106.23	72.17	5.3
167.8	105.62	69.96	5.3
168.0	104.92	67.46	5.3
168.2	104.16	64.97	5.3
168.4	103.4	63.38	5.3
168.6	102.65	63.21	5.3
168.8	101.91	63.42	5.3
169.0	101.15	63.88	5.3
169.2	100.41	64.46	5.3
169.4	99.67	64.79	5.3
169.6	98.96	64.63	5.3
169.8	98.27	64.45	5.29
170.0	97.6	64.28	5.29
170.2	96.98	64.16	5.29
170.4	96.38	64.17	5.29
170.6	95.83	64.6	5.29
170.8	95.32	65.12	5.29
171.0	94.88	65.66	5.29
171.2	94.5	66.2	5.29
171.4	94.2	66.69	5.29
171.6	93.98	66.87	5.29
171.8	93.84	66.95	5.29
172.0	93.81	66.97	5.29
172.2	93.89	66.95	5.29
172.4	94.08	66.92	5.28
172.6	94.48	66.77	5.28
172.8	95.0	66.67	5.28
173.0	95.6	66.69	5.28
173.2	96.28	66.87	5.28
173.4	97.01	67.59	5.28
173.6	97.78	68.88	5.28
173.8	98.56	70.15	5.28
174.0	99.35	71.21	5.28
174.2	100.09	71.58	5.28
174.4	100.7	70.6	5.28
174.6	101.35	69.48	5.28
174.8	102.08	68.52	5.28
175.0	103.04	68.43	5.28
175.2	104.31	69.7	5.28
175.4	105.64	71.2	5.28
175.6	106.97	72.68	5.28
175.8	108.13	73.5	5.28
176.0	109.14	73.7	5.28
176.2	110.03	73.54	5.28
176.4	110.81	73.04	5.28
176.6	111.44	71.83	5.28
176.8	111.94	70.41	5.28
177.0	112.33	69.01	5.28
177.2	112.59	67.8	5.28
177.4	112.73	67.86	5.28
177.6	112.76	68.2	5.28
177.8	112.66	68.64	5.28
178.0	112.45	69.0	5.28
178.2	112.06	68.48	5.28
178.4	111.55	67.64	5.28
178.6	110.96	66.71	5.28
178.8	110.29	65.78	5.28
179.0	109.57	65.26	5.28
179.2	108.83	65.17	5.28
179.4	108.06	65.16	5.28
179.6	107.28	65.16	5.28
179.8	106.5	65.1	5.28
180.0	105.74	64.48	5.27
180.2	105.02	63.52	5.27
180.4	104.33	62.54	5.27
180.6	103.67	61.63	5.27
180.8	103.06	60.88	5.27
181.0	102.5	60.79	5.27
181.2	102.01	61.33	5.27
181.4	101.57	62.04	5.27
181.6	101.21	62.82	5.27
181.8	100.93	63.58	5.27
182.0	100.79	64.04	5.27
182.2	100.85	63.94	5.27
182.4	100.95	63.74	5.27
182.6	101.06	63.48	5.27
182.8	101.15	63.2	5.27
183.0	101.13	63.03	5.27
183.2	100.86	63.12	5.27
183.4	100.55	63.26	5.27
183.6	100.23	63.42	5.27
183.8	99.92	63.57	5.27
184.0	99.69	63.71	5.27
184.2	99.55	63.8	5.27
184.4	99.48	63.83	5.27
184.6	99.47	63.79	5.27
184.8	99.53	63.67	5.27
185.0	99.71	63.23	5.27
185.2	99.97	62.65	5.27
185.4	100.29	62.1	5.27
185.6	100.64	61.67	5.27
185.8	101.01	61.56	5.27
186.0	101.38	61.82	5.26
186.2	101.76	62.24	5.26
186.4	102.14	62.76	5.25
186.6	102.51	63.34	5.25
186.8	102.87	63.94	5.24
187.0	103.24	64.53	5.24
187.2	103.62	65.07	5.23
187.4	104.09	65.43	5.23
187.6	104.61	65.64	5.22
187.8	105.08	65.79	5.22
188.0	105.46	65.91	5.21
188.2	105.62	66.13	5.21
188.4	105.58	66.39	5.2
188.6	105.41	66.59	5.2
188.8	105.12	66.7	5.19
189.0	104.68	66.51	5.19
189.2	104.11	66.03	5.18
189.4	103.48	65.46	5.18
189.6	102.82	64.86	5.17
189.8	102.14	64.27	5.17
190.0	101.56	64.01	5.16
190.2	101.03	63.88	5.16
190.4	100.55	63.8	5.15
190.6	100.12	63.72	5.15
190.8	99.74	63.63	5.14
191.0	99.48	63.25	5.14
191.2	99.3	62.77	5.13
191.4	99.18	62.34	5.13
191.6	99.11	62.0	5.12
191.8	99.09	61.8	5.12
192.0	99.09	62.12	5.11
192.2	99.13	62.69	5.11
192.4	99.22	63.34	5.1
192.6	99.38	64.01	5.1
192.8	99.62	64.57	5.09
193.0	99.96	64.75	5.09
193.2	100.38	64.89	5.08
193.4	100.85	65.05	5.08
193.6	101.38	65.28	5.07
193.8	102.03	65.97	5.07
194.0	102.71	66.75	5.06
194.2	103.35	67.48	5.06
194.4	103.92	68.06	5.05
194.6	104.17	68.04	5.05
194.8	104.26	67.7	5.04
195.0	104.34	67.26	5.04
195.2	104.45	66.81	5.04
195.4	104.77	66.73	5.04
195.6	105.23	66.77	5.03
195.8	105.78	66.77	5.03
196.0	106.42	66.68	5.03
196.2	107.25	66.09	5.03
196.4	108.11	65.41	5.02
196.6	108.95	64.73	5.02
196.8	109.66	64.25	5.02
197.0	110.17	64.16	5.02
197.2	110.57	64.07	5.02
197.4	110.87	63.87	5.01
197.6	111.1	63.21	5.01
197.8	111.24	62.18	5.01
198.0	111.26	61.01	5.01
198.2	111.15	59.76	5.01
198.4	110.8	58.52	5.0
198.6	110.29	57.34	5.0
198.8	109.66	56.28	5.0
199.0	108.94	55.4	5.0
199.2	108.18	54.95	5.0
199.4	107.41	54.9	4.99
199.6	106.59	55.09	4.99
199.8	105.74	55.45	4.99
200.0	104.87	55.97	4.99
200.2	103.98	56.72	4.98
200.4	103.08	57.57	4.98
200.6	102.19	58.4	4.98
200.8	101.31	59.11	4.98
201.0	100.46	59.63	4.98
201.2	99.66	59.48	4.97
201.4	98.92	58.49	4.97
201.6	98.23	57.35	4.97
201.8	97.6	56.21	4.97
202.0	97.06	55.18	4.97
202.2	96.59	54.47	4.96
202.4	96.24	54.93	4.96
202.6	95.98	55.67	4.96
202.8	95.81	56.64	4.96
203.0	95.74	57.76	4.96
203.2	95.77	58.99	4.95
203.4	95.96	60.43	4.95
203.6	96.24	61.81	4.95
203.8	96.6	63.0	4.95
204.0	97.02	63.88	4.94
204.2	97.49	64.31	4.94
204.4	98.07	63.08	4.94
204.6	98.65	61.59	4.94
204.8	99.2	60.06	4.94
205.0	99.69	58.74	4.94
205.2	99.96	58.5	4.94
205.4	100.09	59.03	4.94
205.6	100.17	59.85	4.95
205.8	100.25	60.82	4.95
206.0	100.4	61.72	4.95
206.2	100.63	62.5	4.96
206.4	100.93	63.17	4.96
206.6	101.32	63.69	4.97
206.8	101.9	63.74	4.97
207.0	102.62	63.45	4.98
207.2	103.35	63.15	4.98
207.4	104.06	62.96	4.98
207.6	104.58	63.47	4.99
207.8	104.98	64.28	4.99
208.0	105.31	65.13	5.0
208.2	105.58	65.87	5.0
208.4	105.83	66.06	5.01
208.6	106.03	66.05	5.01
208.8	106.19	65.87	5.02
209.0	106.29	65.55	5.02
209.2	106.34	65.12	5.03
209.4	106.35	64.6	5.03
209.6	106.3	63.98	5.04
209.8	106.2	63.3	5.04
210.0	106.07	62.49	5.04
210.2	105.88	61.68	5.05
210.4	105.61	60.93	5.05
210.6	105.26	60.27	5.06
210.8	104.75	60.14	5.06
211.0	104.13	60.25	5.07
211.2	103.44	60.36	5.07
211.4	102.69	60.4	5.08
211.6	101.91	60.26	5.08
211.8	101.08	58.85	5.09
212.0	100.25	57.24	5.09
212.2	99.45	55.63	5.1
212.4	98.68	54.19	5.1
212.6	97.98	53.07	5.11
212.8	97.45	53.68	5.11
213.0	97.03	55.02	5.11
213.2	96.7	56.57	5.12
213.4	96.46	58.15	5.12
213.6	96.31	59.58	5.13
213.8	96.22	60.02	5.13
214.0	96.19	59.22	5.13
214.2	96.25	58.25	5.14
214.4	96.43	57.28	5.14
214.6	96.73	56.48	5.15
214.8	97.22	56.57	5.15
215.0	97.94	57.77	5.15
215.2	98.74	59.11	5.16
215.4	99.57	60.4	5.16
215.6	100.41	61.47	5.17
215.8	101.16	61.3	5.17
216.0	101.84	60.54	5.18
216.2	102.45	59.62	5.18
216.4	102.96	58.7	5.18
216.6	103.29	58.16	5.19
216.8	103.38	58.22	5.19
217.0	103.42	58.48	5.2
217.2	103.48	58.93	5.2
217.4	103.64	59.54	5.2
217.6	104.09	60.38	5.2
217.8	104.64	61.25	5.2
218.0	105.25	62.06	5.2
218.2	105.91	62.75	5.2
218.4	106.62	63.18	5.2
218.6	107.32	63.36	5.2
218.8	108.0	63.24	5.19
219.0	108.58	62.55	5.19
219.2	109.04	61.13	5.19
219.4	109.42	59.63	5.19
219.6	109.74	58.28	5.19
219.8	109.99	57.74	5.18
220.0	110.18	57.99	5.18
220.2	110.33	58.53	5.18
220.4	110.44	59.23	5.18
220.6	110.57	59.89	5.18
220.8	110.67	60.46	5.17
221.0	110.72	60.89	5.17
221.2	110.7	61.08	5.17
221.4	110.56	60.57	5.17
221.6	110.31	59.63	5.17
221.8	109.95	58.58	5.16
222.0	109.5	57.57	5.16
222.2	108.88	57.12	5.16
222.4	108.13	57.1	5.16
222.6	107.32	57.26	5.16
222.8	106.47	57.54	5.15
223.0	105.62	57.89	5.15
223.2	104.89	58.15	5.15
223.4	104.18	58.42	5.15
223.6	103.48	58.67	5.15
223.8	102.79	58.88	5.14
224.0	102.08	59.01	5.14
224.2	101.3	59.0	5.14
224.4	100.55	58.92	5.14
224.6	99.86	58.76	5.14
224.8	99.25	58.53	5.14
225.0	98.79	58.15	5.13
225.2	98.55	57.52	5.13
225.4	98.42	56.9	5.13
225.6	98.39	56.35	5.13
225.8	98.46	55.93	5.13
226.0	98.6	55.77	5.12
226.2	98.82	56.22	5.12
226.4	99.09	56.87	5.12
226.6	99.43	57.68	5.12
226.8	99.82	58.62	5.12
227.0	100.27	59.74	5.11
227.2	100.77	61.0	5.11
227.4	101.28	62.15	5.11
227.6	101.78	63.11	5.11
227.8	102.23	63.64	5.11
228.0	102.56	63.16	5.1
228.2	102.86	62.53	5.1
228.4	103.14	61.91	5.1
228.6	103.42	61.62	5.1
228.8	103.71	62.47	5.1
229.0	104.04	63.4	5.09
229.2	104.42	64.21	5.09
229.4	104.93	64.35	5.09
229.6	105.62	63.29	5.09
229.8	106.34	62.14	5.09
230.0	107.04	61.18	5.08
230.2	107.63	61.44	5.08
230.4	108.1	62.64	5.08
230.6	108.49	63.94	5.08
230.8	108.8	65.03	5.07
231.0	109.07	64.52	5.07
231.2	109.25	63.57	5.07
231.4	109.3	62.53	5.07
231.6	109.21	61.8	5.06
231.8	108.89	62.36	5.06
232.0	108.44	63.09	5.06
232.2	107.87	63.78	5.06
232.4	107.19	64.12	5.05
232.6	106.42	63.22	5.05
232.8	105.59	61.96	5.05
233.0	104.72	60.47	5.05
233.2	103.83	58.86	5.05
233.4	102.99	57.33	5.04
233.6	102.21	55.94	5.04
233.8	101.45	54.71	5.04
234.0	100.71	53.71	5.04
234.2	100.01	53.01	5.03
234.4	99.33	53.27	5.03
234.6	98.68	54.29	5.03
234.8	98.07	55.45	5.03
235.0	97.51	56.57	5.02
235.2	97.01	57.47	5.02
235.4	96.58	57.21	5.02
235.6	96.24	55.84	5.02
235.8	95.95	54.29	5.01
236.0	95.72	52.76	5.01
236.2	95.53	51.44	5.01
236.4	95.4	51.25	5.01
236.6	95.31	52.01	5.01
236.8	95.25	52.99	5.0
237.0	95.22	54.03	5.0
237.2	95.2	54.98	5.0
237.4	95.15	55.04	5.0
237.6	95.1	54.78	4.99
237.8	95.06	54.42	4.99
238.0	95.03	54.04	4.99
238.2	94.99	53.76	4.99
238.4	94.93	53.71	4.98
238.6	94.9	53.79	4.98
238.8	94.94	54.04	4.98
239.0	95.05	54.49	4.98
239.2	95.21	55.26	4.97
239.4	95.51	56.24	4.97
239.6	95.96	57.44	4.97
239.8	96.62	58.83	4.96
240.0	97.73	60.89	4.96
240.2	99.02	62.95	4.96
240.4	100.41	64.77	4.95
240.6	101.82	65.94	4.95
240.8	103.17	65.7	4.95
241.0	104.45	65.13	4.94
241.2	105.62	64.5	4.94
241.4	106.65	64.63	4.94
241.6	107.49	65.48	4.93
241.8	108.12	66.29	4.93
242.0	108.51	66.83	4.92
242.2	108.48	66.18	4.92
242.4	108.17	64.86	4.92
242.6	107.67	63.18	4.91
242.8	107.02	61.29	4.91
243.0	106.4	59.35	4.91
243.2	105.74	57.45	4.9
243.4	105.02	55.69	4.9
243.6	104.27	54.19	4.9
243.8	103.51	53.07	4.89
244.0	102.78	53.57	4.89
244.2	102.05	54.44	4.89
244.4	101.33	55.55	4.88
244.6	100.61	56.75	4.88
244.8	99.89	57.89	4.88
245.0	99.18	58.38	4.87
245.2	98.48	58.34	4.87
245.4	97.8	58.06	4.86
245.6	97.15	57.55	4.86
245.8	96.56	56.84	4.86
246.0	96.03	55.72	4.85
246.2	95.61	54.14	4.85
246.4	95.23	52.55	4.85
246.6	94.89	51.08	4.84
246.8	94.57	49.87	4.84
247.0	94.25	49.34	4.84
247.2	93.92	49.77	4.83
247.4	93.6	50.5	4.83
247.6	93.33	51.43	4.82
247.8	93.09	52.47	4.82
248.0	92.96	53.36	4.82
248.2	92.89	54.16	4.82
248.4	92.83	54.91	4.81
248.6	92.77	55.55	4.81
248.8	92.62	55.95	4.81
249.0	92.37	56.11	4.82
249.2	92.17	56.2	4.82
249.4	92.06	56.28	4.82
249.6	92.17	56.44	4.83
249.8	92.52	56.74	4.83
250.0	92.97	57.07	4.84
250.2	93.49	57.44	4.84
250.4	94.05	57.86	4.85
250.6	94.61	58.29	4.85
250.8	95.15	58.7	4.85
251.0	95.62	59.04	4.86
251.2	95.93	59.38	4.86
251.4	96.16	59.56	4.87
251.6	96.3	59.48	4.87
251.8	96.37	58.84	4.87
252.0	96.37	57.35	4.88
252.2	96.3	55.79	4.88
252.4	96.19	54.42	4.89
252.6	96.05	54.08	4.89
252.8	95.9	54.95	4.9
253.0	95.71	56.16	4.9
253.2	95.48	57.49	4.91
253.4	95.19	58.6	4.91
253.6	94.81	58.61	4.91
253.8	94.39	58.41	4.92
254.0	93.98	58.1	4.92
254.2	93.58	57.74	4.93
254.4	93.26	57.7	4.93
254.6	93.01	57.94	4.94
254.8	92.82	58.19	4.94
255.0	92.67	58.41	4.94
255.2	92.58	58.55	4.95
255.4	92.53	58.27	4.95
255.6	92.55	57.83	4.95
255.8	92.61	57.36	4.96
256.0	92.73	56.92	4.96
256.2	92.9	56.64	4.97
256.4	93.16	56.78	4.97
256.6	93.46	56.96	4.97
256.8	93.79	57.11	4.98
257.0	94.13	57.19	4.98
257.2	94.46	56.7	4.99
257.4	94.8	56.13	4.99
257.6	95.14	55.63	4.99
257.8	95.48	55.28	5.0
258.0	95.82	55.71	5.0
258.2	96.16	56.37	5.01
258.4	96.47	57.06	5.01
258.6	96.76	57.65	5.01
258.8	97.0	57.62	5.02
259.0	97.2	57.34	5.02
259.2	97.34	56.9	5.02
259.4	97.43	56.35	5.01
259.6	97.36	55.89	5.01
259.8	97.24	55.38	5.01
260.0	97.15	54.78	5.0
260.2	97.13	54.05	5.0
260.4	97.36	52.49	4.99
260.6	97.71	51.05	4.99
260.8	98.15	50.06	4.98
261.0	98.65	50.11	4.98
261.2	99.21	52.43	4.98
261.4	99.79	55.26	4.97
261.6	100.36	58.18	4.97
261.8	100.85	60.21	4.96
262.0	101.24	61.1	4.96
262.2	101.63	61.63	4.96
262.4	102.04	61.91	4.95
262.6	102.64	62.32	4.95
262.8	103.3	62.7	4.94
263.0	103.92	62.97	4.94
263.2	104.44	63.09	4.93
263.4	104.68	62.99	4.93
263.6	104.79	62.75	4.93
263.8	104.77	62.38	4.92
264.0	104.62	61.84	4.92
264.2	104.33	61.04	4.91
264.4	103.96	60.2	4.91
264.6	103.53	59.4	4.9
264.8	103.06	58.72	4.9
265.0	102.63	58.71	4.9
265.2	102.21	58.94	4.89
265.4	101.81	59.21	4.89
265.6	101.42	59.42	4.88
265.8	101.09	59.27	4.88
266.0	100.85	58.18	4.88
266.2	100.64	57.04	4.87
266.4	100.45	56.0	4.87
266.6	100.28	55.22	4.86
266.8	100.07	55.48	4.86
267.0	99.8	56.91	4.85
267.2	99.58	58.46	4.85
267.4	99.42	59.91	4.85
267.6	99.35	61.0	4.84
267.8	99.52	60.09	4.84
268.0	99.79	58.75	4.83
268.2	100.14	57.32	4.83
268.4	100.54	56.07	4.82
268.6	101.01	55.99	4.82
268.8	101.51	56.79	4.82
269.0	101.97	57.82	4.82
269.2	102.36	58.93	4.82
269.4	102.54	59.76	4.83
269.6	102.5	60.2	4.83
269.8	102.37	60.42	4.83
270.0	102.2	60.4	4.83
270.2	102.04	59.87	4.83
270.4	101.92	58.67	4.83
270.6	101.85	57.5	4.83
270.8	101.83	56.57	4.84
271.0	101.94	56.47	4.84
271.2	102.21	57.74	4.84
271.4	102.55	59.33	4.84
271.6	102.94	60.97	4.84
271.8	103.35	62.16	4.84
272.0	103.76	62.58	4.84
272.2	104.17	62.79	4.85
272.4	104.56	62.9	4.85
272.6	104.93	63.14	4.85
272.8	105.26	63.51	4.85
273.0	105.54	63.82	4.85
273.2	105.74	64.02	4.85
273.4	105.82	64.0	4.86
273.6	105.8	63.79	4.86
273.8	105.67	63.37	4.86
274.0	105.44	62.73	4.86
274.2	105.01	61.58	4.86
274.4	104.48	60.24	4.86
274.6	103.92	58.81	4.87
274.8	103.33	57.41	4.87
275.0	102.82	56.47	4.87
275.2	102.37	55.87	4.87
275.4	101.98	55.31	4.87
275.6	101.66	54.72	4.87
275.8	101.41	54.0	4.87
276.0	101.39	52.15	4.88
276.2	101.44	50.17	4.88
276.4	101.54	48.41	4.88
276.6	101.63	47.09	4.88
276.8	101.67	46.75	4.88
277.0	101.55	48.16	4.88
277.2	101.42	50.1	4.88
277.4	101.28	52.37	4.89
277.6	101.16	54.76	4.89
277.8	101.15	56.8	4.89
278.0	101.16	58.67	4.89
278.2	101.18	60.3	4.89
278.4	101.18	61.61	4.89
278.6	101.12	62.18	4.89
278.8	101.03	62.31	4.89
279.0	100.91	62.11	4.9
279.2	100.77	61.63	4.9
279.4	100.63	60.95	4.89
279.6	100.46	60.11	4.89
279.8	100.27	59.16	4.89
280.0	100.05	58.13	4.89
280.2	99.77	57.05	4.89
280.4	99.37	55.89	4.89
280.6	98.95	54.87	4.89
280.8	98.54	54.05	4.89
281.0	98.17	53.55	4.89
281.2	97.86	53.87	4.89
281.4	97.64	54.77	4.89
281.6	97.51	55.86	4.89
281.8	97.49	57.0	4.89
282.0	97.64	57.78	4.89
282.2	97.96	58.14	4.89
282.4	98.38	58.55	4.89
282.6	98.89	59.1	4.89
282.8	99.48	60.31	4.89
283.0	100.12	61.94	4.89
283.2	100.79	63.6	4.89
283.4	101.47	65.11	4.89
283.6	102.11	65.96	4.89
283.8	102.72	66.49	4.89
284.0	103.27	66.76	4.89
284.2	103.74	66.82	4.89
284.4	104.11	66.71	4.89
284.6	104.38	66.33	4.89
284.8	104.52	65.65	4.89
285.0	104.45	64.27	4.89
285.2	104.23	62.52	4.89
285.4	103.91	60.75	4.89
285.6	103.53	59.15	4.89
285.8	103.18	58.62	4.89
286.0	102.83	58.76	4.89
286.2	102.48	59.18	4.89
286.4	102.11	59.74	4.89
286.6	101.75	60.28	4.89
286.8	101.38	60.38	4.89
287.0	101.03	60.38	4.89
287.2	100.68	60.29	4.89
287.4	100.36	60.08	4.89
287.6	100.06	59.6	4.89
287.8	99.78	58.89	4.89
