0.2	125.42	59.03	5.84
0.4	125.49	59.07	5.84
0.6	125.53	59.09	5.84
0.8	125.54	59.09	5.84
1.0	125.52	59.08	5.84
1.2	125.48	59.05	5.84
1.4	125.41	59.02	5.84
1.6	125.32	58.97	5.84
1.8	125.21	58.92	5.84
2.0	125.08	58.87	5.84
2.2	124.94	58.82	5.84
2.4	124.78	58.76	5.84
2.6	124.6	58.71	5.84
2.8	124.42	58.67	5.84
3.0	124.23	58.64	5.84
3.2	124.03	58.63	5.84
3.4	123.84	58.64	5.84
3.6	123.63	58.69	5.84
3.8	123.43	58.77	5.84
4.0	123.25	58.89	5.84
4.2	123.09	59.03	5.84
4.4	122.97	59.21	5.84
4.6	122.93	59.46	5.84
4.8	122.96	59.77	5.83
5.0	123.04	60.1	5.83
5.2	123.14	60.42	5.83
5.4	123.27	60.74	5.83
5.6	123.42	61.0	5.82
5.8	123.59	61.15	5.82
6.0	123.76	61.27	5.82
6.2	123.92	61.37	5.82
6.4	124.05	61.45	5.81
6.6	124.16	61.54	5.81
6.8	124.15	61.72	5.81
7.0	124.1	61.9	5.81
7.2	124.01	62.08	5.8
7.4	123.91	62.25	5.8
7.6	123.8	62.38	5.8
7.8	123.69	62.44	5.8
8.0	123.59	62.4	5.8
8.2	123.5	62.34	5.8
8.4	123.42	62.26	5.8
8.6	123.36	62.17	5.8
8.8	123.31	62.1	5.8
9.0	123.3	62.09	5.8
9.2	123.32	62.11	5.8
9.4	123.35	62.14	5.8
9.6	123.39	62.19	5.8
9.8	123.45	62.27	5.81
10.0	123.52	62.41	5.81
10.2	123.61	62.58	5.81
10.4	123.69	62.75	5.81
10.6	123.78	62.91	5.82
10.8	123.85	63.05	5.82
11.0	123.9	63.1	5.82
11.2	123.93	63.09	5.82
11.4	123.94	63.04	5.83
11.6	123.93	62.95	5.83
11.8	123.91	62.85	5.83
12.0	123.88	62.72	5.83
12.2	123.83	62.58	5.83
12.4	123.76	62.43	5.84
12.6	123.67	62.27	5.84
12.8	123.57	62.11	5.84
13.0	123.45	61.95	5.84
13.2	123.29	61.8	5.84
13.4	123.11	61.66	5.84
13.6	122.91	61.54	5.85
13.8	122.72	61.43	5.85
14.0	122.55	61.36	5.85
14.2	122.4	61.32	5.85
14.4	122.29	61.33	5.85
14.6	122.22	61.37	5.85
14.8	122.18	61.45	5.85
15.0	122.17	61.57	5.85
15.2	122.19	61.73	5.85
15.4	122.28	62.0	5.85
15.6	122.41	62.31	5.85
15.8	122.56	62.62	5.85
16.0	122.72	62.93	5.86
16.2	122.88	63.22	5.86
16.4	123.01	63.41	5.86
16.6	123.11	63.53	5.86
16.8	123.21	63.61	5.86
17.0	123.29	63.64	5.86
17.2	123.36	63.63	5.86
17.4	123.42	63.57	5.86
17.6	123.47	63.44	5.86
17.8	123.5	63.29	5.86
18.0	123.51	63.11	5.86
18.2	123.48	62.93	5.86
18.4	123.43	62.74	5.87
18.6	123.28	62.62	5.87
18.8	123.09	62.51	5.87
19.0	122.88	62.41	5.87
19.2	122.66	62.31	5.87
19.4	122.45	62.22	5.88
19.6	122.27	62.1	5.88
19.8	122.13	61.94	5.88
20.0	122.02	61.8	5.88
20.2	121.93	61.69	5.89
20.4	121.87	61.61	5.89
20.6	121.85	61.61	5.89
20.8	121.91	61.78	5.89
21.0	122.0	61.98	5.9
21.2	122.09	62.21	5.9
21.4	122.18	62.42	5.9
21.6	122.27	62.62	5.9
21.8	122.27	62.65	5.91
22.0	122.25	62.62	5.91
22.2	122.21	62.56	5.91
22.4	122.16	62.47	5.92
22.6	122.1	62.37	5.92
22.8	122.05	62.26	5.92
23.0	122.01	62.17	5.92
23.2	121.97	62.08	5.93
23.4	121.93	62.01	5.93
23.6	121.9	61.96	5.93
23.8	121.88	61.94	5.93
24.0	121.86	62.02	5.94
24.2	121.85	62.12	5.94
24.4	121.86	62.24	5.94
24.6	121.88	62.36	5.94
24.8	121.92	62.48	5.95
25.0	122.05	62.58	5.95
25.2	122.2	62.66	5.95
25.4	122.34	62.71	5.95
25.6	122.45	62.72	5.96
25.8	122.53	62.67	5.96
26.0	122.47	62.49	5.96
26.2	122.32	62.21	5.97
26.4	122.13	61.89	5.97
26.6	121.9	61.53	5.97
26.8	121.64	61.14	5.97
27.0	121.37	60.76	5.98
27.2	121.1	60.43	5.98
27.4	120.84	60.08	5.98
27.6	120.58	59.72	5.99
27.8	120.34	59.34	5.99
28.0	120.11	58.94	6.0
28.2	119.95	58.4	6.0
28.4	119.82	57.82	6.01
28.6	119.72	57.25	6.01
28.8	119.65	56.74	6.02
29.0	119.6	56.31	6.03
29.2	119.6	56.08	6.03
29.4	119.62	56.08	6.04
29.6	119.67	56.18	6.05
29.8	119.74	56.35	6.05
30.0	119.83	56.57	6.06
30.2	119.91	56.81	6.06
30.4	119.95	56.98	6.07
30.6	120.0	57.17	6.08
30.8	120.09	57.39	6.08
31.0	120.22	57.65	6.09
31.2	120.39	57.94	6.09
31.4	120.68	58.26	6.1
31.6	121.03	58.62	6.1
31.8	121.44	59.05	6.11
32.0	121.9	59.55	6.12
32.2	122.41	60.13	6.12
32.4	123.06	61.02	6.13
32.6	123.78	62.07	6.13
32.8	124.48	63.11	6.14
33.0	125.13	64.04	6.14
33.2	125.69	64.82	6.15
33.4	125.96	65.13	6.16
33.6	126.0	65.04	6.16
33.8	125.96	64.76	6.17
34.0	125.87	64.32	6.18
34.2	125.76	63.75	6.18
34.4	125.77	63.11	6.19
34.6	125.83	62.41	6.19
34.8	125.91	61.7	6.2
35.0	126.0	61.01	6.2
35.2	126.12	60.37	6.21
35.4	126.29	60.02	6.21
35.6	126.48	59.8	6.21
35.8	126.67	59.65	6.21
36.0	126.85	59.54	6.2
36.2	127.03	59.45	6.2
36.4	127.16	59.31	6.19
36.6	127.25	59.07	6.18
36.8	127.32	58.84	6.17
37.0	127.35	58.63	6.16
37.2	127.35	58.43	6.15
37.4	127.31	58.31	6.14
37.6	127.22	58.31	6.13
37.8	127.11	58.32	6.12
38.0	126.97	58.32	6.11
38.2	126.81	58.29	6.1
38.4	126.64	58.16	6.1
38.6	126.49	57.88	6.09
38.8	126.31	57.55	6.08
39.0	126.1	57.15	6.07
39.2	125.84	56.71	6.06
39.4	125.53	56.2	6.05
39.6	125.09	55.53	6.04
39.8	124.61	54.86	6.03
40.0	124.1	54.24	6.02
40.2	123.57	53.7	6.01
40.4	123.04	53.28	6.0
40.6	122.55	53.29	5.99
40.8	122.07	53.5	5.98
41.0	121.62	53.84	5.97
41.2	121.21	54.27	5.96
41.4	120.83	54.77	5.95
41.6	120.48	55.24	5.94
41.8	120.18	55.66	5.94
42.0	119.94	56.11	5.93
42.2	119.79	56.56	5.92
42.4	119.74	57.02	5.92
42.6	119.83	57.49	5.92
42.8	120.14	57.95	5.92
43.0	120.55	58.42	5.92
43.2	121.04	58.89	5.92
43.4	121.59	59.36	5.92
43.6	122.17	59.83	5.93
43.8	122.74	60.3	5.93
44.0	123.32	60.76	5.93
44.2	123.91	61.2	5.93
44.4	124.49	61.61	5.93
44.6	125.06	61.99	5.93
44.8	125.63	62.34	5.93
45.0	126.16	62.64	5.94
45.2	126.64	62.88	5.94
45.4	127.07	63.05	5.94
45.6	127.42	63.13	5.94
45.8	127.64	63.07	5.94
46.0	127.78	62.93	5.94
46.2	127.85	62.71	5.94
46.4	127.85	62.42	5.95
46.6	127.77	62.05	5.95
46.8	127.61	61.57	5.95
47.0	127.38	61.03	5.95
47.2	127.11	60.47	5.95
47.4	126.81	59.89	5.95
47.6	126.48	59.32	5.95
47.8	126.13	58.79	5.95
48.0	125.78	58.32	5.95
48.2	125.44	57.9	5.95
48.4	125.12	57.56	5.95
48.6	124.83	57.31	5.95
48.8	124.62	57.21	5.95
49.0	124.52	57.35	5.95
49.2	124.47	57.57	5.94
49.4	124.47	57.85	5.94
49.6	124.51	58.18	5.94
49.8	124.6	58.51	5.94
50.0	124.76	58.82	5.94
50.2	124.94	59.1	5.93
50.4	125.13	59.34	5.93
50.6	125.29	59.53	5.93
50.8	125.43	59.64	5.93
51.0	125.45	59.48	5.93
51.2	125.41	59.25	5.92
51.4	125.33	58.98	5.92
51.6	125.21	58.69	5.92
51.8	125.04	58.4	5.92
52.0	124.83	58.31	5.92
52.2	124.58	58.31	5.91
52.4	124.3	58.32	5.91
52.6	123.98	58.3	5.91
52.8	123.63	58.24	5.91
53.0	123.25	58.03	5.91
53.2	122.83	57.54	5.9
53.4	122.4	57.02	5.9
53.6	121.96	56.5	5.9
53.8	121.53	56.03	5.9
54.0	121.11	55.63	5.9
54.2	120.72	55.65	5.9
54.4	120.36	55.78	5.9
54.6	120.04	55.97	5.91
54.8	119.75	56.19	5.91
55.0	119.5	56.41	5.91
55.2	119.31	56.45	5.92
55.4	119.18	56.41	5.92
55.6	119.1	56.35	5.92
55.8	119.07	56.3	5.93
56.0	119.08	56.27	5.93
56.2	119.19	56.39	5.93
56.4	119.36	56.6	5.93
56.6	119.55	56.83	5.94
56.8	119.74	57.05	5.94
57.0	119.91	57.22	5.94
57.2	119.98	57.28	5.95
57.4	119.94	57.2	5.95
57.6	119.87	57.06	5.95
57.8	119.77	56.86	5.96
58.0	119.65	56.61	5.96
58.2	119.53	56.28	5.96
58.4	119.42	55.84	5.97
58.6	119.32	55.4	5.97
58.8	119.21	54.97	5.97
59.0	119.12	54.59	5.97
59.2	119.05	54.28	5.98
59.4	119.0	54.26	5.98
59.6	118.97	54.32	5.98
59.8	118.97	54.44	5.98
60.0	119.0	54.6	5.98
60.2	119.05	54.8	5.98
60.4	119.17	54.92	5.98
60.6	119.32	55.04	5.98
60.8	119.5	55.19	5.98
61.0	119.7	55.37	5.98
61.2	119.9	55.59	5.98
61.4	120.1	55.99	5.98
61.6	120.29	56.45	5.98
61.8	120.5	56.92	5.98
62.0	120.71	57.35	5.98
62.2	120.92	57.73	5.98
62.4	121.21	57.84	5.98
62.6	121.5	57.84	5.98
62.8	121.77	57.77	5.98
63.0	121.99	57.66	5.98
63.2	122.16	57.52	5.98
63.4	122.14	57.5	5.98
63.6	122.02	57.48	5.98
63.8	121.85	57.45	5.98
64.0	121.63	57.38	5.98
64.2	121.38	57.26	5.98
64.4	121.14	56.96	5.98
64.6	120.89	56.56	5.98
64.8	120.64	56.14	5.98
65.0	120.38	55.72	5.98
65.2	120.11	55.33	5.98
65.4	119.81	55.05	5.98
65.6	119.48	54.89	5.98
65.8	119.18	54.8	5.98
66.0	118.92	54.77	5.99
66.2	118.71	54.81	5.99
66.4	118.63	54.94	5.99
66.6	118.7	55.16	5.99
66.8	118.84	55.42	5.99
67.0	119.03	55.73	6.0
67.2	119.27	56.07	6.0
67.4	119.54	56.45	6.0
67.6	119.84	56.84	6.0
67.8	120.14	57.23	6.0
68.0	120.43	57.59	6.0
68.2	120.71	57.91	6.01
68.4	120.91	58.11	6.01
68.6	121.03	58.19	6.01
68.8	121.11	58.21	6.01
69.0	121.16	58.18	6.01
69.2	121.16	58.11	6.02
69.4	121.13	58.0	6.02
69.6	121.08	57.86	6.02
69.8	120.99	57.71	6.02
70.0	120.87	57.54	6.02
70.2	120.71	57.37	6.03
70.4	120.51	57.2	6.03
70.6	120.23	57.07	6.03
70.8	119.93	56.94	6.03
71.0	119.64	56.83	6.03
71.2	119.37	56.74	6.03
71.4	119.13	56.67	6.03
71.6	119.0	56.61	6.03
71.8	118.91	56.58	6.04
72.0	118.87	56.59	6.04
72.2	118.87	56.63	6.04
72.4	118.9	56.72	6.04
72.6	118.96	56.88	6.04
72.8	119.07	57.1	6.04
73.0	119.22	57.35	6.04
73.2	119.42	57.66	6.04
73.4	119.7	58.02	6.04
73.6	120.13	58.5	6.04
73.8	120.59	59.0	6.04
74.0	121.07	59.49	6.04
74.2	121.52	59.95	6.04
74.4	121.91	60.34	6.04
74.6	122.14	60.57	6.04
74.8	122.31	60.74	6.04
75.0	122.44	60.83	6.04
75.2	122.51	60.86	6.04
75.4	122.55	60.82	6.04
75.6	122.57	60.68	6.04
75.8	122.55	60.49	6.04
76.0	122.49	60.28	6.05
76.2	122.41	60.04	6.05
76.4	122.29	59.8	6.05
76.6	122.1	59.6	6.05
76.8	121.9	59.41	6.05
77.0	121.68	59.24	6.05
77.2	121.47	59.09	6.05
77.4	121.25	58.97	6.05
77.6	121.07	58.93	6.05
77.8	120.91	58.91	6.06
78.0	120.78	58.91	6.06
78.2	120.69	58.91	6.06
78.4	120.63	58.92	6.06
78.6	120.66	58.87	6.06
78.8	120.73	58.82	6.07
79.0	120.85	58.77	6.07
79.2	121.0	58.72	6.07
79.4	121.19	58.66	6.07
79.6	121.44	58.59	6.07
79.8	121.71	58.52	6.08
80.0	121.99	58.49	6.08
80.2	122.26	58.49	6.08
80.4	122.52	58.59	6.08
80.6	122.74	58.88	6.08
80.8	122.94	59.19	6.09
81.0	123.1	59.47	6.09
81.2	123.24	59.71	6.09
81.4	123.34	59.76	6.09
81.6	123.39	59.52	6.09
81.8	123.41	59.21	6.1
82.0	123.39	58.85	6.1
82.2	123.33	58.47	6.1
82.4	123.24	58.17	6.1
82.6	123.09	58.05	6.1
82.8	122.92	57.96	6.11
83.0	122.73	57.87	6.11
83.2	122.52	57.78	6.11
83.4	122.31	57.64	6.11
83.6	122.1	57.34	6.11
83.8	121.9	57.05	6.11
84.0	121.72	56.78	6.11
84.2	121.56	56.56	6.11
84.4	121.46	56.49	6.11
84.6	121.45	56.68	6.12
84.8	121.46	56.91	6.12
85.0	121.49	57.14	6.12
85.2	121.53	57.32	6.12
85.4	121.53	57.29	6.12
85.6	121.5	57.02	6.12
85.8	121.46	56.69	6.12
86.0	121.41	56.34	6.12
86.2	121.37	56.0	6.12
86.4	121.35	55.83	6.12
86.6	121.35	55.77	6.13
86.8	121.34	55.73	6.13
87.0	121.32	55.68	6.13
87.2	121.27	55.62	6.13
87.4	121.17	55.4	6.13
87.6	121.04	55.11	6.13
87.8	120.88	54.82	6.13
88.0	120.71	54.54	6.13
88.2	120.51	54.3	6.13
88.4	120.24	54.22	6.13
88.6	119.96	54.23	6.13
88.8	119.69	54.27	6.13
89.0	119.45	54.34	6.14
89.2	119.25	54.43	6.14
89.4	119.14	54.39	6.13
89.6	119.1	54.33	6.13
89.8	119.15	54.33	6.13
90.0	119.27	54.41	6.13
90.2	119.49	54.6	6.13
90.4	119.91	55.17	6.12
90.6	120.42	55.88	6.12
90.8	120.99	56.64	6.12
91.0	121.59	57.41	6.11
91.2	122.2	58.13	6.11
91.4	122.76	58.63	6.11
91.6	123.3	59.06	6.1
91.8	123.81	59.42	6.1
92.0	124.27	59.7	6.1
92.2	124.64	59.9	6.09
92.4	124.89	60.01	6.09
92.6	125.09	60.06	6.09
92.8	125.25	60.05	6.08
93.0	125.38	60.0	6.08
93.2	125.53	59.89	6.08
93.4	125.71	59.74	6.07
93.6	125.89	59.57	6.07
93.8	126.05	59.4	6.07
94.0	126.21	59.24	6.06
94.2	126.34	59.17	6.06
94.4	126.44	59.2	6.06
94.6	126.52	59.26	6.05
94.8	126.59	59.32	6.05
95.0	126.63	59.36	6.05
95.2	126.64	59.31	6.05
95.4	126.63	59.15	6.05
95.6	126.6	58.98	6.05
95.8	126.56	58.81	6.04
96.0	126.51	58.67	6.04
96.2	126.49	58.68	6.04
96.4	126.49	58.8	6.04
96.6	126.47	58.92	6.04
96.8	126.42	59.01	6.04
97.0	126.33	59.04	6.04
97.2	126.13	58.81	6.04
97.4	125.85	58.42	6.03
97.6	125.53	57.97	6.03
97.8	125.19	57.5	6.03
98.0	124.82	57.03	6.03
98.2	124.45	56.64	6.03
98.4	124.09	56.36	6.03
98.6	123.73	56.11	6.03
98.8	123.36	55.92	6.02
99.0	123.0	55.77	6.02
99.2	122.62	55.68	6.02
99.4	122.23	55.65	6.02
99.6	121.86	55.67	6.02
99.8	121.53	55.75	6.02
100.0	121.25	55.9	6.02
100.2	121.05	56.15	6.03
100.4	120.97	56.52	6.03
100.6	120.96	56.93	6.03
100.8	121.01	57.38	6.03
101.0	121.12	57.85	6.03
101.2	121.29	58.29	6.04
101.4	121.52	58.69	6.04
101.6	121.79	59.08	6.04
101.8	122.09	59.45	6.04
102.0	122.4	59.79	6.04
102.2	122.71	60.1	6.05
102.4	123.01	60.38	6.05
102.6	123.3	60.62	6.05
102.8	123.58	60.83	6.05
103.0	123.84	61.01	6.05
103.2	124.08	61.14	6.05
103.4	124.29	61.25	6.06
103.6	124.47	61.3	6.06
103.8	124.61	61.29	6.06
104.0	124.7	61.22	6.06
104.2	124.71	61.03	6.06
104.4	124.63	60.69	6.07
104.6	124.5	60.31	6.07
104.8	124.35	59.92	6.07
105.0	124.19	59.55	6.07
105.2	124.03	59.28	6.07
105.4	123.88	59.19	6.07
105.6	123.76	59.16	6.07
105.8	123.66	59.17	6.07
106.0	123.61	59.2	6.07
106.2	123.62	59.23	6.08
106.4	123.75	59.25	6.08
106.6	123.91	59.27	6.08
106.8	124.09	59.3	6.08
107.0	124.27	59.32	6.08
107.2	124.43	59.37	6.08
107.4	124.56	59.43	6.08
107.6	124.67	59.46	6.08
107.8	124.75	59.46	6.08
108.0	124.79	59.41	6.08
108.2	124.78	59.21	6.08
108.4	124.72	58.91	6.09
108.6	124.63	58.56	6.09
108.8	124.49	58.18	6.09
109.0	124.32	57.78	6.09
109.2	124.1	57.42	6.09
109.4	123.85	57.09	6.09
109.6	123.57	56.76	6.09
109.8	123.25	56.44	6.09
110.0	122.91	56.12	6.09
110.2	122.51	55.8	6.09
110.4	122.06	55.49	6.09
110.6	121.62	55.19	6.1
110.8	121.18	54.9	6.1
111.0	120.77	54.63	6.1
111.2	120.4	54.32	6.1
111.4	120.08	53.96	6.1
111.6	119.83	53.67	6.1
111.8	119.67	53.5	6.09
112.0	119.59	53.48	6.09
112.2	119.68	53.81	6.09
112.4	119.95	54.57	6.09
112.6	120.31	55.45	6.09
112.8	120.72	56.39	6.09
113.0	121.18	57.31	6.09
113.2	121.63	58.0	6.09
113.4	122.05	58.42	6.09
113.6	122.47	58.76	6.09
113.8	122.86	59.03	6.09
114.0	123.23	59.27	6.08
114.2	123.56	59.54	6.08
114.4	123.83	59.86	6.08
114.6	124.05	60.13	6.08
114.8	124.22	60.36	6.08
115.0	124.33	60.52	6.08
115.2	124.34	60.54	6.08
115.4	124.24	60.4	6.08
115.6	124.11	60.21	6.08
115.8	123.96	59.98	6.07
116.0	123.8	59.74	6.07
116.2	123.68	59.53	6.07
116.4	123.62	59.36	6.07
116.6	123.57	59.22	6.07
116.8	123.55	59.13	6.07
117.0	123.54	59.08	6.07
117.2	123.58	59.18	6.07
117.4	123.66	59.4	6.07
117.6	123.73	59.64	6.07
117.8	123.8	59.88	6.07
118.0	123.85	60.08	6.07
118.2	123.84	60.16	6.07
118.4	123.78	60.13	6.07
118.6	123.68	60.04	6.07
118.8	123.53	59.88	6.07
119.0	123.35	59.65	6.07
119.2	123.09	59.28	6.07
119.4	122.78	58.84	6.07
119.6	122.43	58.37	6.07
119.8	122.07	57.9	6.07
120.0	121.68	57.44	6.06
120.2	121.29	57.14	6.06
120.4	120.91	56.9	6.06
120.6	120.52	56.69	6.06
120.8	120.15	56.5	6.06
121.0	119.8	56.33	6.06
121.2	119.47	56.04	6.06
121.4	119.18	55.73	6.06
121.6	118.92	55.46	6.06
121.8	118.7	55.26	6.06
122.0	118.54	55.15	6.06
122.2	118.46	55.3	6.06
122.4	118.45	55.61	6.06
122.6	118.49	55.99	6.06
122.8	118.58	56.43	6.06
123.0	118.72	56.89	6.06
123.2	118.94	57.29	6.06
123.4	119.19	57.67	6.06
123.6	119.46	58.03	6.06
123.8	119.71	58.35	6.06
124.0	119.93	58.61	6.06
124.2	119.98	58.73	6.05
124.4	120.01	58.8	6.05
124.6	120.04	58.84	6.05
124.8	120.07	58.86	6.05
125.0	120.16	58.89	6.05
125.2	120.4	59.0	6.05
125.4	120.68	59.11	6.05
125.6	120.98	59.22	6.05
125.8	121.28	59.31	6.05
126.0	121.56	59.38	6.05
126.2	121.75	59.35	6.05
126.4	121.93	59.31	6.05
126.6	122.11	59.29	6.05
126.8	122.29	59.3	6.05
127.0	122.48	59.38	6.04
127.2	122.7	59.61	6.04
127.4	122.94	59.86	6.04
127.6	123.2	60.11	6.04
127.8	123.49	60.35	6.04
128.0	123.86	60.52	6.03
128.2	124.3	60.61	6.03
128.4	124.73	60.66	6.03
128.6	125.12	60.65	6.03
128.8	125.45	60.59	6.02
129.0	125.56	60.42	6.02
129.2	125.58	60.2	6.02
129.4	125.53	59.93	6.02
129.6	125.41	59.63	6.01
129.8	125.24	59.3	6.01
130.0	125.07	58.94	6.01
130.2	124.85	58.57	6.01
130.4	124.6	58.19	6.0
130.6	124.32	57.83	6.0
130.8	124.01	57.48	6.0
131.0	123.62	57.17	6.0
131.2	123.22	56.89	5.99
131.4	122.83	56.65	5.99
131.6	122.47	56.47	5.99
131.8	122.15	56.37	5.98
132.0	122.0	56.45	5.98
132.2	121.88	56.58	5.97
132.4	121.8	56.73	5.97
132.6	121.72	56.87	5.96
132.8	121.62	56.95	5.95
133.0	121.46	56.86	5.95
133.2	121.28	56.74	5.94
133.4	121.08	56.61	5.93
133.6	120.87	56.47	5.93
133.8	120.63	56.36	5.92
134.0	120.35	56.34	5.91
134.2	120.06	56.33	5.91
134.4	119.77	56.34	5.9
134.6	119.49	56.36	5.89
134.8	119.24	56.38	5.89
135.0	119.03	56.37	5.89
135.2	118.86	56.38	5.88
135.4	118.71	56.41	5.88
135.6	118.6	56.47	5.88
135.8	118.52	56.58	5.89
136.0	118.51	56.83	5.89
136.2	118.54	57.09	5.89
136.4	118.58	57.35	5.89
136.6	118.64	57.59	5.9
136.8	118.72	57.77	5.9
137.0	118.82	57.85	5.9
137.2	118.91	57.87	5.91
137.4	118.99	57.84	5.91
137.6	119.06	57.76	5.91
137.8	119.08	57.58	5.92
138.0	119.04	57.3	5.92
138.2	118.98	56.99	5.92
138.4	118.91	56.67	5.93
138.6	118.83	56.37	5.93
138.8	118.76	56.12	5.93
139.0	118.7	55.98	5.93
139.2	118.66	55.91	5.93
139.4	118.65	55.9	5.94
139.6	118.68	55.97	5.94
139.8	118.75	56.14	5.94
140.0	118.87	56.43	5.94
140.2	119.05	56.8	5.94
140.4	119.29	57.26	5.94
140.6	119.61	57.78	5.94
140.8	120.05	58.41	5.94
141.0	120.67	59.2	5.93
141.2	121.34	60.0	5.93
141.4	122.04	60.77	5.93
141.6	122.74	61.47	5.93
141.8	123.4	61.97	5.93
142.0	123.97	62.17	5.93
142.2	124.48	62.26	5.93
142.4	124.94	62.26	5.93
142.6	125.33	62.2	5.93
142.8	125.61	62.14	5.93
143.0	125.74	62.15	5.93
143.2	125.81	62.12	5.93
143.4	125.83	62.05	5.93
143.6	125.82	61.92	5.93
143.8	125.81	61.67	5.93
144.0	125.82	61.24	5.93
144.2	125.83	60.79	5.93
144.4	125.84	60.34	5.93
144.6	125.85	59.93	5.93
144.8	125.9	59.71	5.93
145.0	125.98	59.74	5.93
145.2	126.05	59.81	5.92
145.4	126.1	59.87	5.92
145.6	126.1	59.88	5.92
145.8	126.01	59.67	5.92
146.0	125.81	59.25	5.92
146.2	125.56	58.75	5.91
146.4	125.27	58.17	5.91
146.6	124.95	57.55	5.91
146.8	124.61	56.87	5.91
147.0	124.24	56.16	5.91
147.2	123.88	55.48	5.91
147.4	123.52	54.85	5.9
147.6	123.18	54.32	5.9
147.8	122.89	54.02	5.9
148.0	122.65	53.99	5.9
148.2	122.46	54.06	5.9
148.4	122.3	54.2	5.9
148.6	122.2	54.38	5.9
148.8	122.17	54.51	5.9
149.0	122.2	54.55	5.9
149.2	122.28	54.6	5.9
149.4	122.38	54.66	5.9
149.6	122.49	54.74	5.9
149.8	122.59	54.85	5.9
150.0	122.68	55.0	5.9
150.2	122.77	55.17	5.9
150.4	122.84	55.34	5.9
150.6	122.91	55.51	5.9
150.8	122.92	55.66	5.9
151.0	122.91	55.8	5.9
151.2	122.9	55.92	5.9
151.4	122.89	56.04	5.9
151.6	122.91	56.14	5.9
151.8	122.98	56.17	5.9
152.0	123.09	56.16	5.91
152.2	123.24	56.16	5.91
152.4	123.43	56.2	5.92
152.6	123.67	56.29	5.92
152.8	124.0	56.58	5.92
153.0	124.38	56.99	5.93
153.2	124.79	57.43	5.93
153.4	125.2	57.88	5.93
153.6	125.6	58.29	5.94
153.8	125.93	58.55	5.94
154.0	126.22	58.74	5.94
154.2	126.47	58.86	5.95
154.4	126.69	58.91	5.95
154.6	126.88	58.87	5.96
154.8	127.02	58.69	5.96
155.0	127.13	58.45	5.96
155.2	127.19	58.15	5.97
155.4	127.2	57.81	5.97
155.6	127.17	57.46	5.97
155.8	127.03	57.15	5.98
156.0	126.85	56.83	5.98
156.2	126.64	56.52	5.99
156.4	126.4	56.21	5.99
156.6	126.14	55.92	5.99
156.8	125.87	55.61	5.99
157.0	125.61	55.33	5.99
157.2	125.35	55.09	5.99
157.4	125.1	54.9	5.99
157.6	124.89	54.79	5.99
157.8	124.76	54.88	5.99
158.0	124.67	55.04	5.99
158.2	124.6	55.22	5.98
158.4	124.55	55.42	5.98
158.6	124.52	55.59	5.98
158.8	124.52	55.64	5.97
159.0	124.52	55.67	5.97
159.2	124.51	55.66	5.96
159.4	124.49	55.62	5.96
159.6	124.43	55.54	5.96
159.8	124.3	55.42	5.95
160.0	124.14	55.27	5.95
160.2	123.95	55.1	5.94
160.4	123.74	54.93	5.94
160.6	123.51	54.76	5.94
160.8	123.25	54.62	5.93
161.0	122.98	54.48	5.93
161.2	122.7	54.33	5.92
161.4	122.42	54.18	5.92
161.6	122.13	54.0	5.92
161.8	121.85	53.72	5.92
162.0	121.58	53.45	5.91
162.2	121.32	53.19	5.91
162.4	121.09	52.98	5.91
162.6	120.88	52.82	5.91
162.8	120.74	52.86	5.91
163.0	120.63	52.96	5.91
163.2	120.55	53.12	5.92
163.4	120.5	53.32	5.92
163.6	120.48	53.56	5.92
163.8	120.51	53.85	5.92
164.0	120.55	54.15	5.93
164.2	120.6	54.44	5.93
164.4	120.66	54.72	5.93
164.6	120.7	54.95	5.93
164.8	120.69	54.99	5.94
165.0	120.65	54.99	5.94
165.2	120.61	54.97	5.94
165.4	120.55	54.95	5.94
165.6	120.48	54.95	5.94
165.8	120.39	55.13	5.95
166.0	120.3	55.35	5.95
166.2	120.2	55.58	5.95
166.4	120.12	55.79	5.95
166.6	120.04	55.97	5.95
166.8	120.0	55.99	5.95
167.0	119.99	55.93	5.95
167.2	119.99	55.84	5.95
167.4	120.02	55.76	5.95
167.6	120.06	55.69	5.95
167.8	120.15	55.78	5.95
168.0	120.26	55.93	5.96
168.2	120.37	56.08	5.96
168.4	120.47	56.21	5.96
168.6	120.54	56.28	5.96
168.8	120.51	56.12	5.96
169.0	120.43	55.85	5.96
169.2	120.33	55.54	5.96
169.4	120.22	55.22	5.96
169.6	120.1	54.92	5.96
169.8	120.0	54.79	5.96
170.0	119.91	54.78	5.96
170.2	119.85	54.8	5.96
170.4	119.81	54.83	5.96
170.6	119.82	54.86	5.96
170.8	119.91	54.77	5.95
171.0	120.1	54.57	5.95
171.2	120.31	54.38	5.95
171.4	120.53	54.22	5.94
171.6	120.76	54.14	5.94
171.8	120.94	54.28	5.94
172.0	121.08	54.67	5.94
172.2	121.18	55.1	5.93
172.4	121.25	55.53	5.93
172.6	121.28	55.92	5.93
172.8	121.23	56.07	5.92
173.0	121.1	55.93	5.92
173.2	120.94	55.73	5.92
173.4	120.76	55.5	5.91
173.6	120.56	55.27	5.91
173.8	120.38	55.15	5.91
174.0	120.21	55.22	5.9
174.2	120.06	55.36	5.9
174.4	119.94	55.53	5.9
174.6	119.86	55.74	5.9
174.8	119.83	55.99	5.9
175.0	119.92	56.27	5.9
175.2	120.04	56.55	5.9
175.4	120.18	56.81	5.9
175.6	120.34	57.05	5.9
175.8	120.49	57.22	5.91
176.0	120.6	57.26	5.91
176.2	120.71	57.25	5.91
176.4	120.81	57.22	5.91
176.6	120.9	57.18	5.91
176.8	120.97	57.14	5.91
177.0	121.0	57.15	5.92
177.2	121.02	57.16	5.92
177.4	121.04	57.19	5.92
177.6	121.05	57.23	5.92
177.8	121.06	57.28	5.92
178.0	121.05	57.4	5.92
178.2	121.05	57.52	5.93
178.4	121.08	57.64	5.93
178.6	121.13	57.74	5.93
178.8	121.23	57.82	5.93
179.0	121.49	57.81	5.93
179.2	121.78	57.76	5.93
179.4	122.08	57.69	5.93
179.6	122.35	57.58	5.94
179.8	122.58	57.45	5.94
180.0	122.64	57.3	5.94
180.2	122.64	57.13	5.94
180.4	122.59	56.94	5.94
180.6	122.5	56.74	5.94
180.8	122.37	56.53	5.95
181.0	122.19	56.27	5.95
181.2	121.99	56.02	5.95
181.4	121.78	55.8	5.95
181.6	121.58	55.63	5.95
181.8	121.38	55.54	5.95
182.0	121.24	55.66	5.96
182.2	121.14	55.89	5.96
182.4	121.07	56.18	5.96
182.6	121.04	56.52	5.96
182.8	121.06	56.89	5.96
183.0	121.19	57.28	5.97
183.2	121.38	57.67	5.97
183.4	121.59	58.03	5.97
183.6	121.81	58.36	5.97
183.8	122.02	58.63	5.97
184.0	122.15	58.72	5.97
184.2	122.22	58.68	5.98
184.4	122.28	58.59	5.98
184.6	122.32	58.46	5.98
184.8	122.36	58.32	5.98
185.0	122.4	58.23	5.98
185.2	122.45	58.19	5.99
185.4	122.52	58.17	5.99
185.6	122.59	58.15	5.99
185.8	122.69	58.14	5.99
186.0	122.84	58.16	5.99
186.2	123.06	58.19	5.99
186.4	123.27	58.22	6.0
186.6	123.48	58.23	6.0
186.8	123.65	58.22	6.0
187.0	123.74	58.15	6.0
187.2	123.7	58.02	6.0
187.4	123.64	57.85	6.01
187.6	123.55	57.66	6.01
187.8	123.47	57.44	6.01
188.0	123.41	57.19	6.01
188.2	123.41	56.87	6.01
188.4	123.44	56.55	6.01
188.6	123.49	56.27	6.01
188.8	123.56	56.04	6.01
189.0	123.65	55.92	6.01
189.2	123.79	56.06	6.01
189.4	123.94	56.25	6.0
189.6	124.1	56.49	6.0
189.8	124.27	56.74	6.0
190.0	124.42	56.95	5.99
190.2	124.54	57.0	5.99
190.4	124.65	57.03	5.99
190.6	124.75	57.04	5.99
190.8	124.83	57.06	5.98
191.0	124.89	57.09	5.98
191.2	124.9	57.26	5.98
191.4	124.89	57.44	5.98
191.6	124.89	57.61	5.97
191.8	124.89	57.76	5.97
192.0	124.91	57.88	5.97
192.2	125.03	57.85	5.97
192.4	125.18	57.76	5.96
192.6	125.33	57.63	5.96
192.8	125.46	57.48	5.96
193.0	125.56	57.31	5.96
193.2	125.56	57.21	5.95
193.4	125.5	57.1	5.95
193.6	125.4	56.97	5.95
193.8	125.25	56.81	5.95
194.0	125.06	56.62	5.94
194.2	124.76	56.28	5.94
194.4	124.41	55.88	5.94
194.6	124.06	55.47	5.94
194.8	123.72	55.09	5.93
195.0	123.42	54.76	5.93
195.2	123.24	54.61	5.93
195.4	123.17	54.6	5.93
195.6	123.16	54.65	5.92
195.8	123.19	54.74	5.92
196.0	123.27	54.84	5.92
196.2	123.41	54.92	5.92
196.4	123.61	54.96	5.91
196.6	123.8	54.98	5.91
196.8	123.98	54.99	5.91
197.0	124.11	54.96	5.91
197.2	124.1	54.86	5.9
197.4	123.96	54.7	5.9
197.6	123.76	54.52	5.9
197.8	123.55	54.33	5.9
198.0	123.32	54.15	5.89
198.2	123.12	53.99	5.89
198.4	122.97	53.87	5.89
198.6	122.85	53.78	5.89
198.8	122.76	53.73	5.88
199.0	122.71	53.73	5.88
199.2	122.72	53.79	5.88
199.4	122.83	53.95	5.88
199.6	122.96	54.14	5.88
199.8	123.11	54.36	5.88
200.0	123.25	54.6	5.88
200.2	123.35	54.84	5.88
200.4	123.38	55.06	5.88
200.6	123.39	55.26	5.88
200.8	123.39	55.45	5.88
201.0	123.39	55.6	5.87
201.2	123.37	55.7	5.87
201.4	123.36	55.7	5.87
201.6	123.35	55.66	5.87
201.8	123.37	55.62	5.87
202.0	123.41	55.56	5.87
202.2	123.5	55.52	5.87
202.4	123.67	55.5	5.87
202.6	123.89	55.51	5.87
202.8	124.14	55.55	5.87
203.0	124.44	55.63	5.87
203.2	124.77	55.79	5.87
203.4	125.17	56.09	5.87
203.6	125.59	56.42	5.87
203.8	126.01	56.75	5.87
204.0	126.42	57.04	5.87
204.2	126.79	57.25	5.86
204.4	127.1	57.31	5.86
204.6	127.36	57.3	5.86
204.8	127.58	57.21	5.86
205.0	127.74	57.04	5.86
205.2	127.84	56.76	5.86
205.4	127.85	56.32	5.86
205.6	127.81	55.83	5.86
205.8	127.73	55.31	5.86
206.0	127.63	54.79	5.86
206.2	127.5	54.31	5.86
206.4	127.35	53.93	5.87
206.6	127.2	53.59	5.87
206.8	127.05	53.31	5.88
207.0	126.91	53.08	5.89
207.2	126.82	52.94	5.89
207.4	126.81	52.92	5.9
207.6	126.82	52.95	5.9
207.8	126.83	53.0	5.91
208.0	126.83	53.05	5.91
208.2	126.79	53.07	5.92
208.4	126.68	53.0	5.93
208.6	126.53	52.9	5.93
208.8	126.36	52.78	5.94
209.0	126.15	52.65	5.94
209.2	125.91	52.51	5.95
209.4	125.63	52.34	5.96
209.6	125.33	52.18	5.96
209.8	125.01	52.02	5.97
210.0	124.69	51.88	5.97
210.2	124.37	51.76	5.97
210.4	124.06	51.69	5.98
210.6	123.76	51.65	5.98
210.8	123.48	51.64	5.98
211.0	123.23	51.67	5.97
211.2	123.02	51.73	5.97
211.4	122.91	51.87	5.97
211.6	122.82	52.03	5.97
211.8	122.76	52.22	5.97
212.0	122.7	52.43	5.97
212.2	122.64	52.65	5.97
212.4	122.55	52.89	5.96
212.6	122.44	53.13	5.96
212.8	122.33	53.33	5.96
213.0	122.2	53.48	5.96
213.2	122.06	53.57	5.96
213.4	121.85	53.39	5.96
213.6	121.63	53.17	5.96
213.8	121.4	52.93	5.95
214.0	121.19	52.7	5.95
214.2	120.99	52.51	5.95
214.4	120.86	52.58	5.95
214.6	120.77	52.73	5.95
214.8	120.69	52.91	5.95
215.0	120.63	53.09	5.95
215.2	120.59	53.24	5.94
215.4	120.56	53.21	5.94
215.6	120.53	53.12	5.94
215.8	120.51	52.99	5.94
216.0	120.49	52.85	5.94
216.2	120.48	52.71	5.94
216.4	120.44	52.61	5.94
216.6	120.4	52.53	5.93
216.8	120.37	52.48	5.93
217.0	120.36	52.46	5.93
217.2	120.37	52.49	5.93
217.4	120.47	52.63	5.93
217.6	120.62	52.86	5.93
217.8	120.8	53.11	5.93
218.0	120.99	53.37	5.93
218.2	121.18	53.63	5.93
218.4	121.33	53.83	5.93
218.6	121.44	53.98	5.93
218.8	121.55	54.09	5.94
219.0	121.66	54.16	5.94
219.2	121.77	54.19	5.94
219.4	121.87	54.12	5.94
219.6	121.96	53.95	5.94
219.8	122.09	53.77	5.94
220.0	122.26	53.61	5.94
220.2	122.5	53.49	5.94
220.4	122.89	53.51	5.94
220.6	123.45	53.71	5.94
220.8	124.07	53.95	5.94
221.0	124.7	54.22	5.94
221.2	125.34	54.47	5.94
221.4	125.9	54.65	5.94
221.6	126.38	54.76	5.94
221.8	126.81	54.82	5.94
222.0	127.2	54.84	5.94
222.2	127.52	54.8	5.94
222.4	127.75	54.65	5.95
222.6	127.88	54.4	5.95
222.8	127.96	54.13	5.95
223.0	128.02	53.87	5.95
223.2	128.07	53.64	5.95
223.4	128.16	53.52	5.95
223.6	128.31	53.55	5.95
223.8	128.46	53.63	5.95
224.0	128.6	53.77	5.95
224.2	128.72	53.93	5.94
224.4	128.81	54.15	5.94
224.6	128.86	54.41	5.94
224.8	128.87	54.66	5.94
225.0	128.86	54.88	5.93
225.2	128.83	55.06	5.93
225.4	128.77	55.06	5.93
225.6	128.69	54.9	5.92
225.8	128.58	54.68	5.92
226.0	128.44	54.44	5.92
226.2	128.27	54.19	5.92
226.4	128.05	54.0	5.91
226.6	127.77	53.91	5.91
226.8	127.48	53.85	5.91
227.0	127.18	53.81	5.9
227.2	126.88	53.81	5.9
227.4	126.62	53.82	5.9
227.6	126.43	53.83	5.89
227.8	126.27	53.87	5.89
228.0	126.12	53.93	5.89
228.2	125.99	54.02	5.89
228.4	125.88	54.14	5.88
228.6	125.77	54.34	5.88
228.8	125.68	54.54	5.88
229.0	125.59	54.75	5.87
229.2	125.5	54.93	5.87
229.4	125.42	55.07	5.87
229.6	125.35	55.07	5.86
229.8	125.28	55.04	5.86
230.0	125.2	55.01	5.86
230.2	125.12	54.98	5.85
230.4	125.03	54.97	5.85
230.6	124.88	55.07	5.85
230.8	124.72	55.19	5.85
231.0	124.58	55.35	5.86
231.2	124.46	55.53	5.86
231.4	124.36	55.74	5.86
231.6	124.36	56.0	5.87
231.8	124.39	56.27	5.87
232.0	124.45	56.54	5.88
232.2	124.53	56.8	5.88
232.4	124.63	57.04	5.89
232.6	124.77	57.21	5.89
232.8	124.91	57.35	5.9
233.0	125.04	57.44	5.9
233.2	125.16	57.49	5.91
233.4	125.25	57.49	5.91
233.6	125.27	57.39	5.92
233.8	125.26	57.24	5.93
234.0	125.21	57.06	5.93
234.2	125.13	56.84	5.94
234.4	125.02	56.6	5.94
234.6	124.81	56.26	5.94
234.8	124.59	55.94	5.95
235.0	124.36	55.66	5.95
235.2	124.16	55.44	5.95
235.4	123.98	55.32	5.95
235.6	123.92	55.51	5.95
235.8	123.9	55.79	5.95
236.0	123.92	56.13	5.95
236.2	123.99	56.49	5.95
236.4	124.12	56.85	5.95
236.6	124.35	57.13	5.95
236.8	124.61	57.38	5.94
237.0	124.86	57.56	5.94
237.2	125.09	57.67	5.94
237.4	125.25	57.64	5.94
237.6	125.3	57.44	5.94
237.8	125.29	57.16	5.93
238.0	125.23	56.81	5.93
238.2	125.13	56.43	5.93
238.4	124.97	56.02	5.93
238.6	124.75	55.63	5.92
238.8	124.5	55.23	5.92
239.0	124.25	54.85	5.92
239.2	124.0	54.49	5.92
239.4	123.79	54.15	5.92
239.6	123.64	53.85	5.92
239.8	123.52	53.62	5.92
240.0	123.42	53.45	5.92
240.2	123.35	53.38	5.93
240.4	123.32	53.52	5.93
240.6	123.33	53.84	5.93
240.8	123.35	54.21	5.93
241.0	123.37	54.59	5.94
241.2	123.38	54.97	5.94
241.4	123.33	55.15	5.94
241.6	123.24	55.23	5.95
241.8	123.14	55.29	5.95
242.0	123.01	55.31	5.95
242.2	122.85	55.32	5.95
242.4	122.66	55.42	5.96
242.6	122.45	55.52	5.96
242.8	122.23	55.59	5.96
243.0	122.01	55.62	5.97
243.2	121.77	55.6	5.97
243.4	121.54	55.32	5.97
243.6	121.3	55.03	5.97
243.8	121.09	54.76	5.98
244.0	120.89	54.56	5.98
244.2	120.73	54.5	5.98
244.4	120.65	54.91	5.99
244.6	120.59	55.4	5.99
244.8	120.55	55.9	5.99
245.0	120.53	56.36	6.0
245.2	120.51	56.6	6.0
245.4	120.48	56.53	6.0
245.6	120.46	56.35	6.0
245.8	120.46	56.11	6.01
246.0	120.47	55.84	6.01
246.2	120.51	55.61	6.01
246.4	120.58	55.43	6.02
246.6	120.65	55.27	6.02
246.8	120.73	55.13	6.02
247.0	120.8	55.02	6.02
247.2	120.81	54.95	6.03
247.4	120.77	54.92	6.03
247.6	120.73	54.92	6.04
247.8	120.7	54.98	6.04
248.0	120.71	55.09	6.05
248.2	120.8	55.33	6.05
248.4	120.96	55.67	6.06
248.6	121.15	56.01	6.06
248.8	121.35	56.32	6.07
249.0	121.55	56.58	6.07
249.2	121.72	56.59	6.08
249.4	121.87	56.5	6.09
249.6	122.01	56.36	6.09
249.8	122.12	56.18	6.1
250.0	122.21	56.01	6.1
250.2	122.21	55.94	6.11
250.4	122.19	55.9	6.11
250.6	122.16	55.87	6.12
250.8	122.12	55.84	6.12
251.0	122.09	55.8	6.13
251.2	122.11	55.68	6.13
251.4	122.15	55.55	6.14
251.6	122.21	55.44	6.14
251.8	122.31	55.37	6.15
252.0	122.43	55.35	6.15
252.2	122.62	55.49	6.16
252.4	122.84	55.69	6.16
252.6	123.07	55.92	6.17
252.8	123.31	56.18	6.17
253.0	123.54	56.45	6.18
253.2	123.74	56.72	6.18
253.4	123.93	56.97	6.19
253.6	124.09	57.18	6.19
253.8	124.24	57.35	6.2
254.0	124.35	57.42	6.2
254.2	124.43	57.34	6.21
254.4	124.47	57.21	6.21
254.6	124.49	57.05	6.22
254.8	124.48	56.86	6.23
255.0	124.45	56.68	6.23
255.2	124.39	56.55	6.24
255.4	124.31	56.43	6.24
255.6	124.21	56.31	6.25
255.8	124.1	56.21	6.25
256.0	123.97	56.11	6.26
256.2	123.81	56.02	6.26
256.4	123.64	55.95	6.26
256.6	123.48	55.88	6.26
256.8	123.35	55.84	6.26
257.0	123.24	55.81	6.26
257.2	123.21	55.8	6.26
257.4	123.23	55.81	6.25
257.6	123.29	55.85	6.25
257.8	123.39	55.91	6.24
258.0	123.51	55.99	6.23
258.2	123.72	56.12	6.22
258.4	123.96	56.28	6.21
258.6	124.2	56.45	6.2
258.8	124.43	56.62	6.19
259.0	124.64	56.79	6.18
259.2	124.74	56.96	6.17
259.4	124.81	57.1	6.16
259.6	124.84	57.2	6.15
259.8	124.84	57.24	6.14
260.0	124.82	57.22	6.13
260.2	124.79	56.97	6.12
260.4	124.73	56.65	6.11
260.6	124.67	56.28	6.1
260.8	124.59	55.9	6.09
261.0	124.51	55.52	6.08
261.2	124.43	55.25	6.07
261.4	124.35	55.03	6.06
261.6	124.28	54.84	6.05
261.8	124.2	54.68	6.04
262.0	124.13	54.53	6.03
262.2	124.1	54.43	6.02
262.4	124.07	54.35	6.01
262.6	124.03	54.26	6.01
262.8	123.96	54.16	6.0
263.0	123.85	54.04	5.99
263.2	123.62	53.81	5.98
263.4	123.34	53.54	5.97
263.6	123.02	53.26	5.96
263.8	122.68	52.96	5.96
264.0	122.34	52.67	5.95
264.2	121.98	52.36	5.94
264.4	121.62	52.07	5.93
264.6	121.3	51.81	5.92
264.8	121.02	51.61	5.91
265.0	120.79	51.48	5.9
265.2	120.66	51.47	5.91
265.4	120.65	51.59	5.91
265.6	120.72	51.8	5.92
265.8	120.85	52.11	5.94
266.0	121.05	52.52	5.95
266.2	121.35	53.09	5.96
266.4	121.78	53.9	5.97
266.6	122.24	54.75	5.98
266.8	122.7	55.58	5.99
267.0	123.12	56.35	6.0
267.2	123.46	56.94	6.01
267.4	123.65	57.17	6.03
267.6	123.75	57.29	6.04
267.8	123.78	57.32	6.05
268.0	123.74	57.3	6.06
268.2	123.57	57.32	6.07
268.4	123.3	57.37	6.08
268.6	122.98	57.39	6.1
268.8	122.64	57.37	6.11
269.0	122.31	57.28	6.12
269.2	122.07	56.96	6.13
269.4	121.88	56.54	6.14
269.6	121.73	56.11	6.15
269.8	121.61	55.71	6.16
270.0	121.52	55.37	6.17
270.2	121.45	55.32	6.17
270.4	121.41	55.46	6.17
270.6	121.4	55.67	6.17
270.8	121.44	55.94	6.17
271.0	121.51	56.23	6.16
271.2	121.63	56.44	6.16
271.4	121.81	56.58	6.15
271.6	122.03	56.74	6.13
271.8	122.29	56.91	6.12
272.0	122.6	57.1	6.11
272.2	123.0	57.44	6.1
272.4	123.45	57.86	6.08
272.6	123.92	58.26	6.07
272.8	124.39	58.6	6.06
273.0	124.84	58.86	6.05
273.2	125.22	58.76	6.04
273.4	125.54	58.45	6.02
273.6	125.81	58.08	6.01
273.8	126.02	57.69	6.0
274.0	126.16	57.34	5.99
274.2	126.17	57.25	5.98
274.4	126.06	57.41	5.96
274.6	125.91	57.61	5.95
274.8	125.74	57.82	5.94
275.0	125.57	58.01	5.93
275.2	125.47	58.03	5.92
275.4	125.47	57.81	5.92
275.6	125.49	57.55	5.92
275.8	125.5	57.29	5.91
276.0	125.51	57.04	5.92
276.2	125.48	56.91	5.92
276.4	125.38	56.98	5.92
276.6	125.26	57.09	5.92
276.8	125.1	57.21	5.92
277.0	124.92	57.32	5.92
277.2	124.71	57.36	5.92
277.4	124.45	57.2	5.93
277.6	124.17	57.01	5.93
277.8	123.88	56.82	5.93
278.0	123.59	56.63	5.93
278.2	123.31	56.48	5.93
278.4	123.08	56.49	5.93
278.6	122.87	56.56	5.93
278.8	122.67	56.66	5.94
279.0	122.48	56.8	5.94
279.2	122.31	56.96	5.94
279.4	122.15	57.17	5.94
279.6	122.0	57.4	5.94
279.8	121.87	57.6	5.94
280.0	121.74	57.75	5.95
280.2	121.61	57.83	5.95
280.4	121.47	57.63	5.95
280.6	121.32	57.23	5.95
280.8	121.18	56.81	5.95
281.0	121.07	56.4	5.95
281.2	120.99	56.06	5.95
281.4	120.97	55.94	5.95
281.6	121.02	56.16	5.96
281.8	121.11	56.48	5.96
282.0	121.23	56.89	5.96
282.2	121.38	57.35	5.96
282.4	121.56	57.86	5.96
282.6	121.76	58.41	5.96
282.8	121.97	58.93	5.96
283.0	122.19	59.4	5.96
283.2	122.4	59.76	5.96
283.4	122.59	59.9	5.96
283.6	122.74	59.66	5.96
283.8	122.87	59.33	5.96
284.0	123.0	58.94	5.97
284.2	123.12	58.55	5.97
284.4	123.23	58.25	5.97
284.6	123.34	58.21	5.97
284.8	123.45	58.23	5.97
285.0	123.59	58.3	5.97
285.2	123.75	58.42	5.97
285.4	123.98	58.59	5.97
285.6	124.31	58.86	5.97
285.8	124.68	59.11	5.97
286.0	125.05	59.32	5.97
286.2	125.42	59.45	5.98
286.4	125.74	59.36	5.98
286.6	126.0	58.96	5.98
286.8	126.23	58.48	5.98
287.0	126.41	57.99	5.98
287.2	126.54	57.51	5.98
287.4	126.61	57.2	5.98
287.6	126.59	57.16	5.98
287.8	126.54	57.2	5.98
