0.2	95.47	63.82	45.52
0.4	95.13	63.64	45.52
0.6	94.77	63.47	45.52
0.8	94.4	63.32	45.52
1.0	94.01	63.19	45.52
1.2	93.63	63.1	45.52
1.4	93.25	63.04	45.52
1.6	92.9	63.03	45.52
1.8	92.58	63.06	45.52
2.0	92.3	63.15	45.52
2.2	92.07	63.3	45.52
2.4	91.92	63.56	45.52
2.6	91.84	63.88	45.52
2.8	91.82	64.25	45.52
3.0	91.86	64.66	45.52
3.2	91.97	65.08	45.52
3.4	92.16	65.49	45.52
3.6	92.42	65.96	45.53
3.8	92.74	66.5	45.53
4.0	93.11	67.13	45.54
4.2	93.62	68.12	45.55
4.4	94.16	69.14	45.57
4.6	94.7	70.11	45.58
4.8	95.23	70.96	45.6
5.0	95.65	71.39	45.62
5.2	96.0	71.55	45.64
5.4	96.29	71.53	45.65
5.6	96.51	71.34	45.67
5.8	96.63	70.98	45.69
6.0	96.68	70.49	45.7
6.2	96.66	69.93	45.72
6.4	96.58	69.33	45.74
6.6	96.46	68.78	45.76
6.8	96.29	68.34	45.77
7.0	96.09	67.93	45.79
7.2	95.86	67.53	45.81
7.4	95.62	67.16	45.83
7.6	95.39	66.77	45.84
7.8	95.15	66.39	45.86
8.0	94.91	66.05	45.87
8.2	94.67	65.76	45.89
8.4	94.42	65.53	45.9
8.6	94.15	65.44	45.92
8.8	93.87	65.45	45.94
9.0	93.6	65.52	45.95
9.2	93.35	65.65	45.97
9.4	93.11	65.84	45.98
9.6	92.89	66.07	46.0
9.8	92.71	66.34	46.01
10.0	92.55	66.63	46.03
10.2	92.44	66.94	46.04
10.4	92.38	67.25	46.06
10.6	92.39	67.53	46.08
10.8	92.45	67.81	46.1
11.0	92.54	68.07	46.12
11.2	92.66	68.31	46.14
11.4	92.82	68.5	46.16
11.6	93.0	68.67	46.19
11.8	93.19	68.81	46.21
12.0	93.37	68.94	46.23
12.2	93.51	69.13	46.26
12.4	93.62	69.35	46.28
12.6	93.7	69.49	46.31
12.8	93.73	69.53	46.33
13.0	93.72	69.31	46.36
13.2	93.65	68.7	46.38
13.4	93.54	67.99	46.41
13.6	93.39	67.26	46.43
13.8	93.2	66.57	46.46
14.0	92.97	66.32	46.48
14.2	92.71	66.17	46.51
14.4	92.43	66.07	46.53
14.6	92.13	65.98	46.55
14.8	91.81	65.81	46.58
15.0	91.47	65.4	46.6
15.2	91.14	64.99	46.63
15.4	90.82	64.58	46.65
15.6	90.53	64.23	46.67
15.8	90.29	64.02	46.69
16.0	90.12	64.01	46.72
16.2	89.99	64.06	46.74
16.4	89.89	64.16	46.76
16.6	89.81	64.29	46.78
16.8	89.71	64.35	46.81
17.0	89.62	64.38	46.83
17.2	89.57	64.44	46.85
17.4	89.58	64.55	46.88
17.6	89.66	64.73	46.89
17.8	89.94	65.05	46.91
18.0	90.27	65.44	46.92
18.2	90.64	65.9	46.92
18.4	91.03	66.42	46.93
18.6	91.39	67.14	46.93
18.8	91.73	67.9	46.93
19.0	92.03	68.59	46.93
19.2	92.3	69.13	46.93
19.4	92.47	69.22	46.93
19.6	92.57	68.98	46.93
19.8	92.61	68.59	46.92
20.0	92.61	68.11	46.92
20.2	92.58	67.71	46.92
20.4	92.52	67.41	46.92
20.6	92.43	67.09	46.92
20.8	92.29	66.76	46.92
21.0	92.11	66.38	46.92
21.2	91.86	65.87	46.92
21.4	91.58	65.33	46.92
21.6	91.28	64.8	46.92
21.8	90.95	64.3	46.91
22.0	90.61	63.89	46.91
22.2	90.25	63.58	46.91
22.4	89.91	63.33	46.91
22.6	89.58	63.13	46.91
22.8	89.28	62.98	46.91
23.0	89.08	62.88	46.91
23.2	88.93	62.82	46.91
23.4	88.81	62.79	46.91
23.6	88.7	62.79	46.91
23.8	88.6	62.78	46.9
24.0	88.47	62.69	46.9
24.2	88.35	62.66	46.9
24.4	88.26	62.72	46.9
24.6	88.22	62.88	46.9
24.8	88.24	63.37	46.9
25.0	88.32	64.0	46.9
25.2	88.45	64.71	46.9
25.4	88.65	65.46	46.9
25.6	88.91	66.11	46.9
25.8	89.25	66.66	46.9
26.0	89.66	67.24	46.89
26.2	90.13	67.87	46.9
26.4	90.72	68.68	46.9
26.6	91.43	69.7	46.9
26.8	92.17	70.74	46.9
27.0	92.89	71.74	46.91
27.2	93.52	72.56	46.91
27.4	94.03	73.14	46.92
27.6	94.47	73.58	46.92
27.8	94.81	73.87	46.92
28.0	95.03	73.94	46.93
28.2	95.11	73.79	46.93
28.4	95.12	73.55	46.94
28.6	95.08	73.24	46.94
28.8	95.03	72.94	46.94
29.0	95.04	72.79	46.95
29.2	95.04	72.66	46.95
29.4	95.03	72.55	46.96
29.6	94.99	72.44	46.96
29.8	94.93	72.35	46.96
30.0	94.83	72.28	46.97
30.2	94.7	72.19	46.97
30.4	94.54	72.08	46.98
30.6	94.35	71.95	46.98
30.8	94.1	71.74	46.98
31.0	93.81	71.46	46.99
31.2	93.51	71.16	46.99
31.4	93.18	70.83	46.99
31.6	92.86	70.48	47.0
31.8	92.53	70.11	47.0
32.0	92.21	69.73	47.01
32.2	91.91	69.37	47.01
32.4	91.64	69.03	47.01
32.6	91.39	68.74	47.02
32.8	91.21	68.55	47.02
33.0	91.09	68.46	47.02
33.2	91.0	68.41	47.03
33.4	90.95	68.42	47.03
33.6	90.92	68.47	47.03
33.8	90.9	68.53	47.04
34.0	90.89	68.62	47.04
34.2	90.92	68.75	47.05
34.4	90.97	68.94	47.05
34.6	91.06	69.18	47.05
34.8	91.19	69.56	47.06
35.0	91.36	69.98	47.06
35.2	91.56	70.42	47.06
35.4	91.79	70.85	47.07
35.6	92.06	71.2	47.07
35.8	92.36	71.46	47.07
36.0	92.68	71.68	47.08
36.2	93.01	71.88	47.08
36.4	93.33	72.07	47.09
36.6	93.62	72.37	47.1
36.8	93.9	72.64	47.1
37.0	94.16	72.84	47.11
37.2	94.37	72.96	47.12
37.4	94.54	72.78	47.13
37.6	94.66	72.42	47.14
37.8	94.74	72.01	47.14
38.0	94.76	71.61	47.15
38.2	94.74	71.35	47.16
38.4	94.65	71.43	47.17
38.6	94.51	71.55	47.17
38.8	94.33	71.67	47.18
39.0	94.11	71.72	47.19
39.2	93.84	71.46	47.2
39.4	93.53	70.95	47.21
39.6	93.19	70.36	47.21
39.8	92.84	69.72	47.22
40.0	92.48	69.07	47.23
40.2	92.15	68.5	47.24
40.4	91.83	68.0	47.24
40.6	91.52	67.57	47.25
40.8	91.22	67.23	47.26
41.0	90.91	66.98	47.26
41.2	90.6	66.97	47.27
41.4	90.27	67.2	47.28
41.6	89.97	67.5	47.29
41.8	89.69	67.82	47.29
42.0	89.44	68.12	47.3
42.2	89.26	68.25	47.31
42.4	89.16	68.12	47.31
42.6	89.1	67.97	47.32
42.8	89.08	67.83	47.33
43.0	89.09	67.72	47.34
43.2	89.13	67.8	47.34
43.4	89.19	68.07	47.35
43.6	89.27	68.37	47.36
43.8	89.37	68.7	47.36
44.0	89.49	69.0	47.37
44.2	89.57	69.05	47.38
44.4	89.67	69.04	47.39
44.6	89.81	69.07	47.39
44.8	90.03	69.2	47.4
45.0	90.37	69.54	47.4
45.2	90.9	70.21	47.41
45.4	91.49	71.0	47.41
45.6	92.11	71.85	47.41
45.8	92.74	72.73	47.41
46.0	93.32	73.64	47.4
46.2	93.86	74.47	47.4
46.4	94.34	75.16	47.39
46.6	94.73	75.59	47.38
46.8	94.97	75.53	47.37
47.0	95.11	75.26	47.36
47.2	95.17	74.83	47.34
47.4	95.15	74.31	47.33
47.6	95.01	73.79	47.32
47.8	94.81	73.23	47.31
48.0	94.56	72.65	47.3
48.2	94.27	72.07	47.29
48.4	93.98	71.59	47.28
48.6	93.7	71.16	47.27
48.8	93.4	70.75	47.26
49.0	93.1	70.35	47.25
49.2	92.8	69.95	47.24
49.4	92.5	69.44	47.23
49.6	92.2	68.9	47.22
49.8	91.91	68.39	47.21
50.0	91.64	67.92	47.2
50.2	91.39	67.53	47.18
50.4	91.2	67.37	47.17
50.6	91.07	67.38	47.16
50.8	90.94	67.45	47.15
51.0	90.82	67.54	47.14
51.2	90.7	67.62	47.13
51.4	90.51	67.52	47.12
51.6	90.28	67.32	47.11
51.8	90.05	67.12	47.1
52.0	89.84	66.94	47.09
52.2	89.67	66.82	47.08
52.4	89.57	66.89	47.07
52.6	89.52	67.04	47.06
52.8	89.52	67.24	47.05
53.0	89.57	67.47	47.04
53.2	89.69	67.71	47.02
53.4	89.89	67.91	47.01
53.6	90.14	68.13	47.0
53.8	90.44	68.38	46.99
54.0	90.81	68.68	46.98
54.2	91.27	69.14	46.98
54.4	91.78	69.65	46.97
54.6	92.3	70.14	46.97
54.8	92.79	70.58	46.97
55.0	93.19	70.83	46.98
55.2	93.51	70.9	46.98
55.4	93.77	70.9	46.98
55.6	93.95	70.83	46.98
55.8	94.06	70.74	46.99
56.0	94.07	70.64	46.99
56.2	94.02	70.51	46.99
56.4	93.93	70.35	46.99
56.6	93.8	70.15	47.0
56.8	93.67	69.9	47.0
57.0	93.51	69.63	47.0
57.2	93.34	69.36	47.0
57.4	93.16	69.09	47.01
57.6	92.98	68.88	47.01
57.8	92.83	68.77	47.01
58.0	92.66	68.67	47.01
58.2	92.49	68.55	47.02
58.4	92.3	68.41	47.02
58.6	92.09	68.17	47.02
58.8	91.84	67.79	47.02
59.0	91.58	67.39	47.03
59.2	91.32	66.98	47.03
59.4	91.05	66.59	47.03
59.6	90.78	66.26	47.03
59.8	90.52	66.03	47.03
60.0	90.27	65.85	47.04
60.2	90.05	65.73	47.04
60.4	89.86	65.68	47.04
60.6	89.71	65.69	47.04
60.8	89.62	65.77	47.05
61.0	89.59	65.92	47.05
61.2	89.61	66.16	47.05
61.4	89.71	66.48	47.05
61.6	89.92	66.96	47.05
61.8	90.23	67.56	47.06
62.0	90.59	68.21	47.06
62.2	90.98	68.9	47.06
62.4	91.4	69.6	47.06
62.6	91.78	70.27	47.07
62.8	92.17	70.92	47.07
63.0	92.57	71.53	47.07
63.2	92.98	72.07	47.07
63.4	93.42	72.48	47.08
63.6	93.87	72.8	47.08
63.8	94.3	73.06	47.08
64.0	94.69	73.25	47.09
64.2	95.0	73.46	47.09
64.4	95.24	73.62	47.1
64.6	95.43	73.68	47.1
64.8	95.55	73.63	47.1
65.0	95.61	73.3	47.11
65.2	95.61	72.76	47.11
65.4	95.57	72.14	47.12
65.6	95.49	71.48	47.12
65.8	95.39	70.9	47.12
66.0	95.3	70.53	47.13
66.2	95.18	70.19	47.13
66.4	95.03	69.86	47.13
66.6	94.85	69.52	47.14
66.8	94.59	69.06	47.14
67.0	94.27	68.52	47.15
67.2	93.93	67.98	47.15
67.4	93.56	67.44	47.15
67.6	93.18	66.92	47.16
67.8	92.79	66.48	47.16
68.0	92.4	66.09	47.16
68.2	92.03	65.76	47.17
68.4	91.68	65.49	47.17
68.6	91.37	65.27	47.18
68.8	91.17	65.19	47.18
69.0	91.02	65.17	47.18
69.2	90.9	65.2	47.19
69.4	90.8	65.27	47.19
69.6	90.72	65.36	47.19
69.8	90.59	65.45	47.2
70.0	90.49	65.56	47.2
70.2	90.44	65.69	47.2
70.4	90.46	65.86	47.21
70.6	90.63	66.06	47.21
70.8	90.92	66.28	47.22
71.0	91.26	66.55	47.22
71.2	91.62	66.86	47.22
71.4	91.97	67.29	47.2
71.6	92.29	67.88	47.18
71.8	92.57	68.44	47.15
72.0	92.78	68.89	47.12
72.2	92.88	69.08	47.08
72.4	92.77	68.76	47.05
72.6	92.6	68.3	47.01
72.8	92.38	67.76	46.97
73.0	92.14	67.22	46.94
73.2	91.98	67.0	46.9
73.4	91.83	66.87	46.86
73.6	91.71	66.79	46.83
73.8	91.6	66.75	46.79
74.0	91.5	66.68	46.76
74.2	91.4	66.5	46.72
74.4	91.34	66.38	46.68
74.6	91.33	66.35	46.65
74.8	91.37	66.44	46.61
75.0	91.56	66.89	46.58
75.2	91.87	67.64	46.54
75.4	92.23	68.45	46.5
75.6	92.61	69.26	46.47
75.8	92.99	69.96	46.43
76.0	93.34	70.27	46.4
76.2	93.65	70.48	46.36
76.4	93.9	70.6	46.33
76.6	94.08	70.65	46.29
76.8	94.08	70.68	46.25
77.0	93.98	70.67	46.22
77.2	93.83	70.64	46.18
77.4	93.65	70.59	46.15
77.6	93.49	70.54	46.11
77.8	93.34	70.51	46.07
78.0	93.19	70.46	46.04
78.2	93.04	70.42	46.0
78.4	92.88	70.37	45.97
78.6	92.7	70.31	45.93
78.8	92.52	70.25	45.89
79.0	92.35	70.2	45.86
79.2	92.2	70.15	45.82
79.4	92.09	70.1	45.79
79.6	92.04	70.02	45.75
79.8	92.03	69.98	45.71
80.0	92.06	69.97	45.68
80.2	92.12	70.03	45.64
80.4	92.23	70.22	45.6
80.6	92.38	70.55	45.56
80.8	92.57	70.92	45.52
81.0	92.8	71.32	45.49
81.2	93.08	71.72	45.47
81.4	93.47	72.08	45.46
81.6	93.86	72.42	45.47
81.8	94.23	72.71	45.48
82.0	94.54	72.94	45.51
82.2	94.69	73.12	45.54
82.4	94.75	73.21	45.58
82.6	94.74	73.17	45.62
82.8	94.67	72.99	45.66
83.0	94.5	72.39	45.7
83.2	94.29	71.68	45.74
83.4	94.04	70.89	45.78
83.6	93.79	70.1	45.81
83.8	93.57	69.52	45.85
84.0	93.39	69.09	45.89
84.2	93.22	68.73	45.92
84.4	93.07	68.42	45.95
84.6	92.93	68.16	45.99
84.8	92.79	67.84	46.02
85.0	92.67	67.58	46.06
85.2	92.58	67.39	46.09
85.4	92.52	67.29	46.12
85.6	92.5	67.34	46.16
85.8	92.53	67.57	46.19
86.0	92.6	67.89	46.22
86.2	92.71	68.28	46.26
86.4	92.86	68.72	46.29
86.6	93.06	69.19	46.32
86.8	93.32	69.69	46.36
87.0	93.64	70.2	46.39
87.2	94.05	70.72	46.44
87.4	94.58	71.22	46.48
87.6	95.16	71.7	46.53
87.8	95.76	72.14	46.59
88.0	96.33	72.55	46.64
88.2	96.87	72.9	46.69
88.4	97.37	73.13	46.75
88.6	97.84	73.21	46.8
88.8	98.26	72.92	46.85
89.0	98.62	72.44	46.91
89.2	98.92	71.84	46.96
89.4	99.14	71.16	47.02
89.6	99.23	70.52	47.08
89.8	99.25	69.86	47.13
90.0	99.21	69.2	47.19
90.2	99.13	68.58	47.25
90.4	99.0	68.0	47.3
90.6	98.86	67.48	47.35
90.8	98.71	67.05	47.41
91.0	98.58	66.72	47.46
91.2	98.52	66.59	47.5
91.4	98.51	66.62	47.55
91.6	98.54	66.74	47.6
91.8	98.6	66.93	47.64
92.0	98.69	67.15	47.69
92.2	98.85	67.31	47.73
92.4	99.02	67.53	47.78
92.6	99.17	67.82	47.83
92.8	99.27	68.23	47.88
93.0	99.27	68.89	47.93
93.2	99.23	69.58	47.98
93.4	99.17	70.24	48.03
93.6	99.14	70.74	48.08
93.8	99.14	71.02	48.13
94.0	99.12	71.19	48.17
94.2	99.06	71.26	48.22
94.4	98.88	71.3	48.28
94.6	98.65	71.25	48.33
94.8	98.38	71.1	48.38
95.0	98.08	70.73	48.44
95.2	97.76	70.15	48.49
95.4	97.48	69.6	48.54
95.6	97.26	69.17	48.6
95.8	97.29	69.37	48.65
96.0	97.4	69.73	48.7
96.2	97.55	70.14	48.73
96.4	97.7	70.43	48.75
96.6	97.81	70.45	48.76
96.8	97.85	70.35	48.74
97.0	97.77	70.12	48.71
97.2	97.44	69.73	48.65
97.4	96.93	69.21	48.58
97.6	96.3	68.6	48.5
97.8	95.61	67.93	48.41
98.0	94.93	67.16	48.33
98.2	94.22	66.38	48.26
98.4	93.5	65.65	48.18
98.6	92.77	64.99	48.1
98.8	92.06	64.66	48.02
99.0	91.35	64.46	47.95
99.2	90.66	64.32	47.87
99.4	89.98	64.2	47.79
99.6	89.32	63.94	47.71
99.8	88.69	63.52	47.64
100.0	88.08	63.1	47.56
100.2	87.53	62.72	47.48
100.4	87.02	62.41	47.4
100.6	86.57	62.31	47.33
100.8	86.19	62.35	47.25
101.0	85.9	62.49	47.17
101.2	85.71	62.76	47.1
101.4	85.65	63.16	47.02
101.6	85.74	63.69	46.94
101.8	85.95	64.34	46.86
102.0	86.27	65.1	46.79
102.2	86.7	65.96	46.71
102.4	87.25	66.93	46.63
102.6	87.91	67.99	46.55
102.8	88.66	69.15	46.47
103.0	89.55	70.5	46.4
103.2	90.53	71.97	46.34
103.4	91.53	73.37	46.28
103.6	92.5	74.61	46.24
103.8	93.41	75.45	46.22
104.0	94.19	76.02	46.21
104.2	94.82	76.33	46.2
104.4	95.14	76.3	46.2
104.6	95.14	75.94	46.19
104.8	94.97	75.36	46.18
105.0	94.68	74.59	46.17
105.2	94.41	73.67	46.16
105.4	94.14	72.66	46.15
105.6	93.85	71.61	46.14
105.8	93.55	70.55	46.13
106.0	93.27	69.59	46.12
106.2	93.03	68.85	46.11
106.4	92.8	68.18	46.1
106.6	92.58	67.58	46.09
106.8	92.38	67.03	46.08
107.0	92.17	66.51	46.07
107.2	91.96	66.01	46.06
107.4	91.78	65.56	46.05
107.6	91.64	65.18	46.04
107.8	91.54	64.87	46.03
108.0	91.55	64.66	46.01
108.2	91.62	64.55	46.0
108.4	91.74	64.51	45.99
108.6	91.9	64.53	45.98
108.8	92.08	64.6	45.98
109.0	92.31	64.79	45.98
109.2	92.53	65.0	45.98
109.4	92.72	65.18	45.99
109.6	92.85	65.32	46.0
109.8	92.8	65.28	46.01
110.0	92.64	65.12	46.01
110.2	92.43	64.9	46.02
110.4	92.16	64.63	46.03
110.6	91.88	64.32	46.03
110.8	91.59	63.99	46.04
111.0	91.3	63.65	46.05
111.2	91.01	63.32	46.05
111.4	90.73	63.03	46.06
111.6	90.5	62.84	46.06
111.8	90.31	62.78	46.07
112.0	90.14	62.76	46.07
112.2	90.0	62.77	46.08
112.4	89.87	62.81	46.09
112.6	89.72	62.8	46.09
112.8	89.56	62.76	46.1
113.0	89.43	62.75	46.1
113.2	89.36	62.79	46.11
113.4	89.35	62.91	46.11
113.6	89.47	63.16	46.12
113.8	89.68	63.51	46.12
114.0	89.98	63.97	46.12
114.2	90.36	64.54	46.13
114.4	90.85	65.26	46.13
114.6	91.48	66.22	46.13
114.8	92.15	67.21	46.14
115.0	92.82	68.18	46.14
115.2	93.46	69.07	46.14
115.4	93.99	69.79	46.14
115.6	94.45	70.33	46.15
115.8	94.79	70.64	46.15
116.0	95.01	70.66	46.15
116.2	94.94	70.05	46.16
116.4	94.76	69.22	46.16
116.6	94.5	68.23	46.16
116.8	94.19	67.18	46.17
117.0	93.93	66.29	46.17
117.2	93.7	65.53	46.17
117.4	93.48	64.84	46.17
117.6	93.27	64.26	46.18
117.8	93.09	63.81	46.18
118.0	92.99	63.67	46.18
118.2	92.93	63.73	46.19
118.4	92.9	63.88	46.19
118.6	92.88	64.07	46.19
118.8	92.86	64.28	46.19
119.0	92.78	64.28	46.2
119.2	92.68	64.14	46.2
119.4	92.6	64.04	46.2
119.6	92.56	64.0	46.2
119.8	92.59	64.07	46.21
120.0	92.8	64.53	46.21
120.2	93.1	65.17	46.21
120.4	93.46	65.87	46.21
120.6	93.85	66.58	46.21
120.8	94.27	67.19	46.21
121.0	94.7	67.64	46.21
121.2	95.11	68.01	46.2
121.4	95.47	68.29	46.19
121.6	95.73	68.48	46.19
121.8	95.81	68.56	46.18
122.0	95.82	68.55	46.17
122.2	95.79	68.45	46.17
122.4	95.73	68.26	46.16
122.6	95.73	67.94	46.15
122.8	95.71	67.55	46.15
123.0	95.66	67.11	46.14
123.2	95.58	66.63	46.13
123.4	95.44	66.15	46.12
123.6	95.24	65.67	46.12
123.8	95.01	65.2	46.11
124.0	94.76	64.76	46.1
124.2	94.51	64.35	46.1
124.4	94.27	64.04	46.09
124.6	94.04	63.79	46.08
124.8	93.82	63.59	46.07
125.0	93.61	63.44	46.07
125.2	93.41	63.34	46.06
125.4	93.23	63.28	46.05
125.6	93.07	63.27	46.05
125.8	92.93	63.33	46.04
126.0	92.8	63.44	46.03
126.2	92.67	63.66	46.02
126.4	92.54	63.98	46.02
126.6	92.45	64.34	46.01
126.8	92.4	64.72	46.0
127.0	92.42	65.09	46.0
127.2	92.6	65.33	45.99
127.4	92.85	65.53	45.99
127.6	93.15	65.76	46.0
127.8	93.46	66.02	46.0
128.0	93.75	66.52	46.01
128.2	94.02	67.15	46.02
128.4	94.25	67.74	46.04
128.6	94.45	68.2	46.05
128.8	94.59	68.27	46.07
129.0	94.65	67.95	46.08
129.2	94.66	67.48	46.1
129.4	94.62	66.92	46.11
129.6	94.53	66.36	46.13
129.8	94.38	65.88	46.14
130.0	94.2	65.42	46.15
130.2	93.98	65.0	46.17
130.4	93.75	64.62	46.18
130.6	93.51	64.45	46.2
130.8	93.26	64.32	46.21
131.0	93.01	64.22	46.22
131.2	92.75	64.12	46.24
131.4	92.49	63.96	46.25
131.6	92.23	63.64	46.26
131.8	91.98	63.3	46.28
132.0	91.73	62.97	46.29
132.2	91.49	62.68	46.3
132.4	91.24	62.46	46.32
132.6	91.0	62.33	46.33
132.8	90.78	62.28	46.35
133.0	90.6	62.32	46.36
133.2	90.46	62.47	46.37
133.4	90.42	62.82	46.38
133.6	90.45	63.32	46.38
133.8	90.52	63.87	46.39
134.0	90.65	64.44	46.39
134.2	90.81	64.97	46.39
134.4	91.05	65.38	46.38
134.6	91.29	65.73	46.37
134.8	91.52	66.01	46.36
135.0	91.71	66.22	46.34
135.2	91.76	66.29	46.32
135.4	91.75	66.29	46.31
135.6	91.69	66.22	46.29
135.8	91.59	66.11	46.27
136.0	91.46	65.95	46.25
136.2	91.31	65.77	46.23
136.4	91.14	65.58	46.21
136.6	90.97	65.39	46.2
136.8	90.8	65.22	46.18
137.0	90.67	65.15	46.16
137.2	90.55	65.13	46.14
137.4	90.45	65.13	46.13
137.6	90.35	65.16	46.11
137.8	90.24	65.2	46.09
138.0	90.09	65.21	46.07
138.2	89.96	65.25	46.05
138.4	89.87	65.35	46.04
138.6	89.81	65.5	46.02
138.8	89.85	65.79	46.0
139.0	90.0	66.21	45.99
139.2	90.19	66.69	45.97
139.4	90.42	67.18	45.95
139.6	90.66	67.68	45.93
139.8	90.89	68.06	45.9
140.0	91.13	68.42	45.88
140.2	91.38	68.78	45.85
140.4	91.64	69.12	45.82
140.6	91.88	69.49	45.79
140.8	92.11	69.88	45.76
141.0	92.36	70.26	45.73
141.2	92.63	70.62	45.7
141.4	92.93	70.96	45.67
141.6	93.33	71.24	45.64
141.8	93.76	71.48	45.61
142.0	94.19	71.68	45.58
142.2	94.62	71.84	45.55
142.4	95.01	71.93	45.52
142.6	95.34	71.93	45.49
142.8	95.63	71.89	45.46
143.0	95.89	71.81	45.43
143.2	96.11	71.69	45.4
143.4	96.29	71.54	45.37
143.6	96.43	71.37	45.34
143.8	96.53	71.19	45.31
144.0	96.6	71.02	45.28
144.2	96.63	70.85	45.25
144.4	96.61	70.74	45.21
144.6	96.54	70.69	45.18
144.8	96.45	70.66	45.14
145.0	96.37	70.65	45.11
145.2	96.31	70.64	45.09
145.4	96.33	70.57	45.08
145.6	96.42	70.47	45.08
145.8	96.53	70.39	45.09
146.0	96.67	70.35	45.11
146.2	96.81	70.37	45.13
146.4	96.95	70.64	45.15
146.6	97.08	70.97	45.17
146.8	97.19	71.3	45.2
147.0	97.29	71.57	45.23
147.2	97.36	71.69	45.26
147.4	97.38	71.52	45.29
147.6	97.37	71.24	45.31
147.8	97.33	70.86	45.34
148.0	97.26	70.39	45.36
148.2	97.15	69.8	45.39
148.4	97.0	69.1	45.42
148.6	96.84	68.4	45.44
148.8	96.68	67.75	45.47
149.0	96.53	67.17	45.49
149.2	96.42	66.9	45.52
149.4	96.36	66.88	45.54
149.6	96.3	66.95	45.57
149.8	96.26	67.08	45.59
150.0	96.23	67.24	45.61
150.2	96.16	67.29	45.64
150.4	96.09	67.28	45.66
150.6	96.04	67.27	45.69
150.8	95.99	67.27	45.71
151.0	95.98	67.28	45.73
151.2	96.05	67.42	45.75
151.4	96.15	67.55	45.78
151.6	96.24	67.66	45.8
151.8	96.32	67.73	45.82
152.0	96.34	67.64	45.84
152.2	96.3	67.37	45.86
152.4	96.23	67.09	45.88
152.6	96.14	66.82	45.9
152.8	96.01	66.6	45.92
153.0	95.87	66.66	45.95
153.2	95.71	66.82	45.97
153.4	95.53	67.05	45.99
153.6	95.34	67.31	46.01
153.8	95.15	67.59	46.03
154.0	94.97	67.84	46.05
154.2	94.79	68.08	46.07
154.4	94.59	68.27	46.1
154.6	94.38	68.39	46.12
154.8	94.14	68.39	46.14
155.0	93.87	68.2	46.16
155.2	93.59	67.94	46.18
155.4	93.28	67.63	46.2
155.6	92.96	67.28	46.22
155.8	92.6	66.92	46.24
156.0	92.21	66.56	46.26
156.2	91.83	66.22	46.29
156.4	91.46	65.94	46.31
156.6	91.12	65.73	46.33
156.8	90.86	65.71	46.35
157.0	90.69	65.91	46.37
157.2	90.56	66.18	46.39
157.4	90.48	66.5	46.41
157.6	90.44	66.85	46.42
157.8	90.4	67.09	46.44
158.0	90.36	67.24	46.46
158.2	90.38	67.42	46.48
158.4	90.47	67.66	46.51
158.6	90.63	67.99	46.53
158.8	90.94	68.56	46.55
159.0	91.35	69.25	46.57
159.2	91.82	70.01	46.59
159.4	92.36	70.82	46.61
159.6	92.97	71.73	46.63
159.8	93.63	72.68	46.66
160.0	94.29	73.56	46.68
160.2	94.94	74.32	46.7
160.4	95.51	74.82	46.72
160.6	95.97	74.89	46.75
160.8	96.36	74.79	46.77
161.0	96.7	74.56	46.79
161.2	96.98	74.26	46.82
161.4	97.22	74.04	46.84
161.6	97.4	73.78	46.87
161.8	97.53	73.48	46.89
162.0	97.63	73.13	46.91
162.2	97.69	72.7	46.94
162.4	97.71	72.21	46.96
162.6	97.7	71.68	46.98
162.8	97.65	71.13	47.01
163.0	97.58	70.57	47.03
163.2	97.47	70.03	47.05
163.4	97.34	69.51	47.08
163.6	97.18	69.0	47.1
163.8	96.98	68.51	47.12
164.0	96.75	68.04	47.14
164.2	96.47	67.59	47.16
164.4	96.15	67.18	47.19
164.6	95.8	66.81	47.21
164.8	95.43	66.48	47.23
165.0	95.04	66.21	47.25
165.2	94.61	66.04	47.27
165.4	94.17	65.94	47.3
165.6	93.74	65.88	47.32
165.8	93.34	65.87	47.34
166.0	92.99	65.9	47.36
166.2	92.77	65.91	47.37
166.4	92.6	65.97	47.39
166.6	92.49	66.08	47.4
166.8	92.41	66.25	47.41
167.0	92.38	66.53	47.42
167.2	92.38	66.93	47.44
167.4	92.42	67.38	47.45
167.6	92.49	67.86	47.46
167.8	92.59	68.37	47.47
168.0	92.76	68.88	47.48
168.2	92.95	69.37	47.49
168.4	93.15	69.84	47.5
168.6	93.35	70.25	47.51
168.8	93.5	70.57	47.52
169.0	93.6	70.77	47.54
169.2	93.68	70.91	47.55
169.4	93.76	71.0	47.56
169.6	93.83	71.06	47.57
169.8	93.91	71.07	47.58
170.0	93.99	71.07	47.59
170.2	94.09	71.07	47.6
170.4	94.19	71.11	47.62
170.6	94.31	71.28	47.63
170.8	94.45	71.54	47.64
171.0	94.59	71.79	47.65
171.2	94.74	72.03	47.66
171.4	94.88	72.17	47.67
171.6	95.02	72.1	47.68
171.8	95.15	71.98	47.7
172.0	95.25	71.85	47.71
172.2	95.32	71.72	47.72
172.4	95.32	71.77	47.73
172.6	95.27	71.9	47.74
172.8	95.19	72.03	47.75
173.0	95.07	72.13	47.76
173.2	94.93	72.12	47.78
173.4	94.78	71.82	47.79
173.6	94.6	71.45	47.8
173.8	94.41	71.06	47.81
174.0	94.21	70.68	47.82
174.2	94.0	70.39	47.83
174.4	93.77	70.21	47.84
174.6	93.56	70.09	47.85
174.8	93.37	70.03	47.86
175.0	93.21	70.02	47.87
175.2	93.15	70.03	47.88
175.4	93.12	70.11	47.89
175.6	93.13	70.28	47.91
175.8	93.17	70.55	47.92
176.0	93.21	71.05	47.93
176.2	93.28	71.69	47.94
176.4	93.38	72.36	47.95
176.6	93.52	73.02	47.96
176.8	93.72	73.47	47.97
177.0	93.99	73.74	47.98
177.2	94.29	73.99	47.99
177.4	94.62	74.25	48.0
177.6	94.99	74.66	48.02
177.8	95.4	75.24	48.03
178.0	95.79	75.83	48.04
178.2	96.14	76.36	48.05
178.4	96.39	76.75	48.06
178.6	96.55	76.99	48.06
178.8	96.64	77.12	48.06
179.0	96.67	77.13	48.05
179.2	96.58	76.96	48.0
179.4	96.46	76.7	47.93
179.6	96.35	76.38	47.86
179.8	96.35	76.01	47.79
180.0	96.49	75.64	47.73
180.2	96.66	75.3	47.67
180.4	96.82	75.0	47.6
180.6	96.89	74.89	47.54
180.8	96.88	74.92	47.47
181.0	96.84	74.98	47.41
181.2	96.78	75.05	47.35
181.4	96.79	75.01	47.28
181.6	96.8	74.92	47.22
181.8	96.78	74.79	47.15
182.0	96.72	74.62	47.09
182.2	96.51	74.42	47.03
182.4	96.21	74.19	46.96
182.6	95.89	73.92	46.9
182.8	95.54	73.6	46.83
183.0	95.23	73.16	46.77
183.2	94.93	72.67	46.71
183.4	94.67	72.16	46.64
183.6	94.45	71.67	46.58
183.8	94.35	71.26	46.51
184.0	94.35	70.96	46.45
184.2	94.39	70.7	46.39
184.4	94.43	70.5	46.32
184.6	94.46	70.33	46.26
184.8	94.34	70.24	46.19
185.0	94.15	70.18	46.13
185.2	93.91	70.15	46.07
185.4	93.65	70.12	46.0
185.6	93.37	70.09	45.94
185.8	93.07	69.94	45.87
186.0	92.77	69.76	45.81
186.2	92.48	69.59	45.75
186.4	92.23	69.44	45.68
186.6	92.02	69.35	45.62
186.8	91.89	69.38	45.56
187.0	91.82	69.48	45.49
187.2	91.83	69.64	45.43
187.4	91.9	69.87	45.36
187.6	92.05	70.17	45.3
187.8	92.3	70.57	45.24
188.0	92.63	71.01	45.17
188.2	93.02	71.48	45.11
188.4	93.48	71.96	45.04
188.6	94.02	72.44	44.98
188.8	94.62	72.91	44.92
189.0	95.25	73.36	44.85
189.2	95.89	73.77	44.79
189.4	96.55	74.21	44.72
189.6	97.2	74.58	44.65
189.8	97.81	74.82	44.59
190.0	98.36	74.88	44.53
190.2	98.75	74.51	44.49
190.4	99.02	73.86	44.45
190.6	99.23	73.06	44.43
190.8	99.39	72.15	44.42
191.0	99.52	71.25	44.43
191.2	99.63	70.35	44.44
191.4	99.73	69.45	44.47
191.6	99.83	68.59	44.49
191.8	99.97	67.83	44.52
192.0	100.17	67.21	44.54
192.2	100.37	66.61	44.56
192.4	100.57	66.02	44.59
192.6	100.74	65.38	44.61
192.8	100.88	64.58	44.63
193.0	100.97	63.76	44.65
193.2	101.01	62.92	44.68
193.4	100.99	62.1	44.7
193.6	100.83	61.32	44.72
193.8	100.59	60.58	44.74
194.0	100.29	59.91	44.77
194.2	99.96	59.31	44.79
194.4	99.62	58.83	44.81
194.6	99.35	58.59	44.83
194.8	99.07	58.43	44.86
195.0	98.76	58.32	44.88
195.2	98.43	58.24	44.9
195.4	98.03	58.11	44.92
195.6	97.53	57.87	44.94
195.8	97.0	57.62	44.97
196.0	96.44	57.38	44.99
196.2	95.87	57.15	45.01
196.4	95.3	56.97	45.03
196.6	94.76	56.86	45.05
196.8	94.21	56.78	45.08
197.0	93.68	56.71	45.1
197.2	93.16	56.65	45.12
197.4	92.65	56.6	45.14
197.6	92.14	56.52	45.16
197.8	91.65	56.46	45.18
198.0	91.2	56.4	45.2
198.2	90.79	56.37	45.22
198.4	90.44	56.34	45.24
198.6	90.18	56.33	45.26
198.8	89.98	56.35	45.28
199.0	89.82	56.41	45.3
199.2	89.72	56.52	45.32
199.4	89.65	56.7	45.34
199.6	89.61	56.99	45.37
199.8	89.62	57.33	45.39
200.0	89.69	57.71	45.41
200.2	89.81	58.12	45.43
200.4	90.02	58.53	45.45
200.6	90.3	58.95	45.47
200.8	90.63	59.39	45.49
201.0	91.0	59.82	45.51
201.2	91.42	60.28	45.53
201.4	91.89	60.76	45.55
201.6	92.37	61.22	45.57
201.8	92.85	61.64	45.59
202.0	93.31	61.98	45.61
202.2	93.73	62.18	45.64
202.4	94.1	62.29	45.66
202.6	94.42	62.3	45.68
202.8	94.66	62.23	45.7
203.0	94.76	61.98	45.73
203.2	94.77	61.65	45.75
203.4	94.73	61.29	45.77
203.6	94.65	60.93	45.8
203.8	94.58	60.68	45.82
204.0	94.53	60.53	45.84
204.2	94.45	60.42	45.86
204.4	94.37	60.32	45.88
204.6	94.28	60.22	45.9
204.8	94.17	60.02	45.93
205.0	94.05	59.82	45.95
205.2	93.92	59.64	45.97
205.4	93.78	59.5	45.99
205.6	93.63	59.45	46.01
205.8	93.47	59.55	46.04
206.0	93.3	59.68	46.06
206.2	93.12	59.8	46.08
206.4	92.94	59.88	46.1
206.6	92.75	59.77	46.12
206.8	92.56	59.54	46.14
207.0	92.37	59.29	46.17
207.2	92.17	59.03	46.19
207.4	91.98	58.79	46.21
207.6	91.76	58.65	46.23
207.8	91.54	58.58	46.25
208.0	91.36	58.57	46.27
208.2	91.21	58.63	46.29
208.4	91.13	58.8	46.31
208.6	91.15	59.13	46.33
208.8	91.22	59.52	46.35
209.0	91.34	59.96	46.37
209.2	91.5	60.44	46.39
209.4	91.67	60.84	46.41
209.6	91.88	61.26	46.44
209.8	92.12	61.71	46.46
210.0	92.42	62.23	46.48
210.2	92.79	62.91	46.5
210.4	93.23	63.73	46.52
210.6	93.7	64.57	46.54
210.8	94.19	65.39	46.56
211.0	94.71	66.11	46.58
211.2	95.23	66.7	46.59
211.4	95.72	67.22	46.6
211.6	96.18	67.67	46.61
211.8	96.54	68.08	46.62
212.0	96.77	68.47	46.63
212.2	96.93	68.77	46.64
212.4	97.04	68.97	46.65
212.6	97.09	69.04	46.67
212.8	97.12	68.79	46.68
213.0	97.1	68.44	46.69
213.2	97.05	68.05	46.7
213.4	96.96	67.67	46.71
213.6	96.82	67.46	46.72
213.8	96.65	67.47	46.73
214.0	96.45	67.51	46.74
214.2	96.23	67.58	46.75
214.4	95.98	67.64	46.76
214.6	95.74	67.58	46.77
214.8	95.49	67.46	46.78
215.0	95.23	67.3	46.79
215.2	94.96	67.1	46.8
215.4	94.68	66.88	46.81
215.6	94.4	66.61	46.82
215.8	94.12	66.31	46.83
216.0	93.83	66.01	46.84
216.2	93.54	65.73	46.85
216.4	93.26	65.48	46.86
216.6	92.97	65.37	46.87
216.8	92.7	65.31	46.88
217.0	92.42	65.28	46.89
217.2	92.14	65.26	46.9
217.4	91.85	65.25	46.91
217.6	91.56	65.18	46.92
217.8	91.26	65.09	46.93
218.0	90.96	64.99	46.94
218.2	90.66	64.87	46.95
218.4	90.37	64.75	46.96
218.6	90.07	64.59	46.96
218.8	89.77	64.41	46.97
219.0	89.49	64.25	46.98
219.2	89.24	64.1	46.99
219.4	89.01	63.97	47.0
219.6	88.84	63.87	47.01
219.8	88.72	63.82	47.02
220.0	88.64	63.81	47.03
220.2	88.6	63.88	47.04
220.4	88.62	64.03	47.05
220.6	88.75	64.39	47.06
220.8	88.92	64.82	47.07
221.0	89.11	65.27	47.08
221.2	89.3	65.73	47.09
221.4	89.45	66.13	47.1
221.6	89.53	66.44	47.11
221.8	89.61	66.72	47.12
222.0	89.7	66.96	47.13
222.2	89.82	67.16	47.14
222.4	90.06	67.31	47.15
222.6	90.32	67.42	47.16
222.8	90.6	67.49	47.17
223.0	90.88	67.52	47.18
223.2	91.09	67.47	47.19
223.4	91.26	67.36	47.2
223.6	91.41	67.24	47.21
223.8	91.55	67.16	47.22
224.0	91.7	67.15	47.24
224.2	91.89	67.36	47.26
224.4	92.08	67.62	47.27
224.6	92.27	67.9	47.29
224.8	92.45	68.16	47.31
225.0	92.62	68.33	47.33
225.2	92.76	68.43	47.35
225.4	92.87	68.47	47.37
225.6	92.96	68.44	47.39
225.8	92.99	68.32	47.41
226.0	92.97	68.09	47.43
226.2	92.91	67.8	47.45
226.4	92.82	67.47	47.47
226.6	92.71	67.12	47.49
226.8	92.61	66.84	47.51
227.0	92.5	66.58	47.52
227.2	92.37	66.3	47.54
227.4	92.22	65.98	47.56
227.6	92.02	65.62	47.58
227.8	91.74	65.08	47.6
228.0	91.43	64.51	47.62
228.2	91.12	63.96	47.64
228.4	90.8	63.43	47.66
228.6	90.52	63.02	47.68
228.8	90.31	62.8	47.7
229.0	90.1	62.63	47.71
229.2	89.9	62.51	47.73
229.4	89.7	62.41	47.75
229.6	89.45	62.29	47.77
229.8	89.15	62.13	47.79
230.0	88.85	61.97	47.81
230.2	88.54	61.83	47.83
230.4	88.25	61.69	47.85
230.6	87.99	61.57	47.86
230.8	87.77	61.48	47.88
231.0	87.57	61.39	47.9
231.2	87.4	61.33	47.92
231.4	87.24	61.29	47.94
231.6	87.06	61.24	47.95
231.8	86.9	61.19	47.97
232.0	86.78	61.21	47.99
232.2	86.71	61.29	48.01
232.4	86.71	61.48	48.03
232.6	86.82	61.89	48.04
232.8	87.01	62.41	48.06
233.0	87.26	63.0	48.08
233.2	87.58	63.66	48.1
233.4	87.96	64.35	48.12
233.6	88.4	65.05	48.13
233.8	88.89	65.76	48.15
234.0	89.41	66.46	48.17
234.2	89.94	67.16	48.19
234.4	90.48	67.83	48.21
234.6	91.02	68.45	48.23
234.8	91.55	69.02	48.25
235.0	92.05	69.52	48.26
235.2	92.49	69.89	48.28
235.4	92.89	70.15	48.3
235.6	93.25	70.32	48.32
235.8	93.57	70.39	48.34
236.0	93.85	70.33	48.36
236.2	94.07	70.12	48.37
236.4	94.27	69.85	48.38
236.6	94.45	69.57	48.39
236.8	94.63	69.31	48.39
237.0	94.89	69.3	48.38
237.2	95.13	69.28	48.36
237.4	95.34	69.23	48.33
237.6	95.51	69.1	48.31
237.8	95.55	68.65	48.27
238.0	95.52	68.05	48.23
238.2	95.46	67.42	48.19
238.4	95.38	66.79	48.14
238.6	95.31	66.31	48.1
238.8	95.3	66.08	48.05
239.0	95.29	65.91	48.01
239.2	95.28	65.77	47.97
239.4	95.28	65.63	47.93
239.6	95.31	65.37	47.89
239.8	95.33	65.04	47.84
240.0	95.35	64.69	47.8
240.2	95.34	64.35	47.76
240.4	95.3	64.03	47.72
240.6	95.16	63.79	47.68
240.8	94.98	63.58	47.63
241.0	94.77	63.4	47.59
241.2	94.53	63.24	47.55
241.4	94.27	63.1	47.51
241.6	93.98	62.92	47.47
241.8	93.69	62.76	47.42
242.0	93.39	62.62	47.38
242.2	93.1	62.51	47.34
242.4	92.84	62.43	47.3
242.6	92.65	62.44	47.26
242.8	92.49	62.5	47.21
243.0	92.34	62.59	47.17
243.2	92.2	62.72	47.13
243.4	92.07	62.88	47.09
243.6	91.87	63.07	47.04
243.8	91.67	63.29	47.0
244.0	91.5	63.53	46.96
244.2	91.36	63.8	46.92
244.4	91.27	64.08	46.88
244.6	91.28	64.32	46.84
244.8	91.36	64.6	46.8
245.0	91.5	64.93	46.77
245.2	91.7	65.33	46.75
245.4	92.0	65.92	46.75
245.6	92.42	66.74	46.76
245.8	92.86	67.59	46.77
246.0	93.32	68.4	46.79
246.2	93.77	69.14	46.82
246.4	94.1	69.43	46.84
246.6	94.39	69.59	46.86
246.8	94.65	69.71	46.87
247.0	94.9	69.84	46.89
247.2	95.12	70.2	46.91
247.4	95.32	70.85	46.93
247.6	95.53	71.51	46.95
247.8	95.76	72.14	46.96
248.0	96.02	72.67	46.98
248.2	96.41	72.75	47.0
248.4	96.85	72.63	47.02
248.6	97.3	72.42	47.04
248.8	97.75	72.16	47.05
249.0	98.17	71.9	47.07
249.2	98.5	71.81	47.09
249.4	98.8	71.74	47.11
249.6	99.05	71.69	47.13
249.8	99.25	71.67	47.15
250.0	99.4	71.68	47.16
250.2	99.48	71.76	47.18
250.4	99.51	71.84	47.2
250.6	99.49	71.91	47.22
250.8	99.42	71.96	47.24
251.0	99.31	71.97	47.25
251.2	99.15	71.86	47.27
251.4	98.94	71.71	47.29
251.6	98.71	71.52	47.31
251.8	98.46	71.28	47.32
252.0	98.18	71.0	47.34
252.2	97.87	70.6	47.36
252.4	97.56	70.18	47.37
252.6	97.26	69.77	47.39
252.8	96.97	69.38	47.41
253.0	96.7	69.05	47.42
253.2	96.48	68.91	47.44
253.4	96.3	68.85	47.46
253.6	96.16	68.83	47.47
253.8	96.07	68.85	47.49
254.0	96.03	68.87	47.51
254.2	96.08	68.74	47.52
254.4	96.18	68.64	47.54
254.6	96.33	68.6	47.56
254.8	96.53	68.66	47.57
255.0	96.8	68.93	47.59
255.2	97.15	69.54	47.61
255.4	97.52	70.2	47.63
255.6	97.89	70.84	47.64
255.8	98.24	71.42	47.66
256.0	98.49	71.65	47.68
256.2	98.69	71.72	47.7
256.4	98.87	71.67	47.72
256.6	99.01	71.54	47.73
256.8	99.15	71.33	47.8
257.0	99.28	71.06	47.92
257.2	99.39	70.75	47.99
257.4	99.49	70.41	47.97
257.6	99.57	70.06	47.82
257.8	99.64	69.73	47.84
258.0	99.7	69.41	47.85
258.2	99.74	69.1	47.87
258.4	99.76	68.81	47.88
258.6	99.79	68.56	47.9
258.8	99.8	68.34	47.91
259.0	99.8	68.14	47.93
259.2	99.78	67.96	47.94
259.4	99.73	67.81	47.96
259.6	99.61	67.71	47.97
259.8	99.45	67.62	47.99
260.0	99.28	67.54	48.01
260.2	99.09	67.44	48.02
260.4	98.91	67.3	48.04
260.6	98.77	67.07	48.05
260.8	98.63	66.81	48.07
261.0	98.48	66.53	48.08
261.2	98.33	66.24	48.1
261.4	98.17	65.95	48.11
261.6	98.0	65.66	48.13
261.8	97.81	65.38	48.15
262.0	97.61	65.14	48.16
262.2	97.39	64.93	48.18
262.4	97.14	64.81	48.19
262.6	96.85	64.76	48.21
262.8	96.56	64.76	48.22
263.0	96.26	64.78	48.24
263.2	95.95	64.83	48.25
263.4	95.66	64.86	48.27
263.6	95.37	64.9	48.29
263.8	95.09	64.96	48.3
264.0	94.82	65.04	48.32
264.2	94.56	65.14	48.33
264.4	94.31	65.3	48.35
264.6	94.08	65.47	48.36
264.8	93.87	65.65	48.38
265.0	93.68	65.83	48.39
265.2	93.52	65.99	48.41
265.4	93.36	66.04	48.43
265.6	93.25	66.09	48.44
265.8	93.19	66.16	48.46
266.0	93.21	66.29	48.47
266.2	93.34	66.54	48.49
266.4	93.61	66.94	48.5
266.6	93.94	67.4	48.52
266.8	94.32	67.9	48.53
267.0	94.74	68.41	48.55
267.2	95.17	68.96	48.57
267.4	95.61	69.5	48.58
267.6	96.04	69.97	48.6
267.8	96.44	70.37	48.61
268.0	96.78	70.57	48.63
268.2	97.04	70.54	48.64
268.4	97.25	70.42	48.66
268.6	97.43	70.25	48.67
268.8	97.56	70.04	48.69
269.0	97.63	69.92	48.71
269.2	97.67	69.81	48.72
269.4	97.69	69.7	48.74
269.6	97.69	69.58	48.75
269.8	97.69	69.42	48.77
270.0	97.7	69.23	48.78
270.2	97.71	69.03	48.8
270.4	97.74	68.85	48.81
270.6	97.78	68.71	48.83
270.8	97.88	68.67	48.85
271.0	98.01	68.69	48.86
271.2	98.15	68.73	48.88
271.4	98.29	68.78	48.89
271.6	98.42	68.81	48.91
271.8	98.52	68.79	48.92
272.0	98.62	68.76	48.94
272.2	98.71	68.71	48.95
272.4	98.81	68.65	48.97
272.6	98.92	68.6	48.98
272.8	99.02	68.53	49.0
273.0	99.1	68.4	49.02
273.2	99.17	68.22	49.03
273.4	99.18	67.84	49.05
273.6	99.16	67.39	49.06
273.8	99.11	66.91	49.08
274.0	99.02	66.46	49.09
274.2	98.86	66.12	49.11
274.4	98.65	65.89	49.12
274.6	98.44	65.71	49.14
274.8	98.23	65.57	49.16
275.0	98.07	65.47	49.17
275.2	98.0	65.41	49.19
275.4	97.97	65.36	49.2
275.6	97.97	65.33	49.22
275.8	98.0	65.31	49.23
276.0	98.03	65.22	49.25
276.2	98.08	65.12	49.26
276.4	98.16	65.06	49.28
276.6	98.25	65.06	49.3
276.8	98.38	65.2	49.3
277.0	98.54	65.46	49.31
277.2	98.72	65.77	49.31
277.4	98.91	66.11	49.32
277.6	99.13	66.41	49.33
277.8	99.38	66.65	49.33
278.0	99.63	66.89	49.34
278.2	99.89	67.16	49.35
278.4	100.14	67.5	49.35
278.6	100.41	67.97	49.36
278.8	100.65	68.45	49.36
279.0	100.87	68.9	49.37
279.2	101.03	69.29	49.38
279.4	101.09	69.45	49.38
279.6	101.09	69.52	49.39
279.8	101.05	69.52	49.4
280.0	100.97	69.46	49.4
280.2	100.89	69.33	49.41
280.4	100.79	69.16	49.42
280.6	100.67	68.99	49.42
280.8	100.51	68.85	49.43
281.0	100.33	68.81	49.43
281.2	100.1	68.97	49.44
281.4	99.85	69.17	49.45
281.6	99.59	69.37	49.45
281.8	99.32	69.54	49.46
282.0	99.07	69.54	49.47
282.2	98.84	69.43	49.47
282.4	98.6	69.28	49.48
282.6	98.34	69.08	49.48
282.8	98.07	68.86	49.49
283.0	97.72	68.57	49.5
283.2	97.37	68.3	49.5
283.4	97.01	68.07	49.51
283.6	96.67	67.92	49.52
283.8	96.38	68.0	49.52
284.0	96.14	68.27	49.53
284.2	95.91	68.6	49.53
284.4	95.69	68.92	49.54
284.6	95.46	69.2	49.55
284.8	95.2	69.21	49.55
285.0	94.93	69.15	49.56
285.2	94.64	69.05	49.57
285.4	94.34	68.9	49.57
285.6	94.01	68.77	49.58
285.8	93.66	68.65	49.59
286.0	93.31	68.51	49.59
286.2	92.96	68.36	49.6
286.4	92.63	68.19	49.6
286.6	92.31	67.94	49.61
286.8	92.02	67.69	49.62
287.0	91.76	67.47	49.62
287.2	91.55	67.31	49.63
287.4	91.37	67.22	49.64
287.6	91.24	67.23	49.64
287.8	91.18	67.36	49.65
