0.2	60.47	56.5	35.27
0.4	60.58	56.36	35.27
0.6	60.4	55.97	35.29
0.8	59.97	55.38	35.32
1.0	59.36	54.64	35.35
1.2	58.63	53.79	35.39
1.4	57.84	52.89	35.44
1.6	57.06	51.97	35.49
1.8	56.34	51.1	35.54
2.0	55.9	50.42	35.59
2.2	55.61	49.84	35.63
2.4	55.46	49.36	35.68
2.6	55.45	48.98	35.72
2.8	55.76	48.82	35.76
3.0	56.2	48.75	35.81
3.2	56.64	48.65	35.85
3.4	57.0	48.48	35.89
3.6	56.98	47.97	35.94
3.8	56.72	47.25	35.99
4.0	56.34	46.44	36.04
4.2	55.89	45.57	36.09
4.4	55.44	44.7	36.14
4.6	54.99	43.85	36.19
4.8	54.54	43.04	36.24
5.0	54.14	42.32	36.29
5.2	53.87	41.8	36.34
5.4	53.71	41.45	36.38
5.6	53.59	41.21	36.43
5.8	53.51	41.07	36.48
6.0	53.45	41.0	36.52
6.2	53.36	41.0	36.57
6.4	53.27	41.06	36.61
6.6	53.17	41.14	36.66
6.8	53.06	41.26	36.7
7.0	52.9	41.35	36.74
7.2	52.68	41.41	36.78
7.4	52.45	41.47	36.83
7.6	52.23	41.55	36.87
7.8	52.03	41.65	36.92
8.0	51.9	41.81	36.97
8.2	51.8	41.99	37.02
8.4	51.76	42.17	37.08
8.6	51.75	42.35	37.14
8.8	51.83	42.51	37.2
9.0	51.96	42.65	37.27
9.2	52.12	42.77	37.33
9.4	52.3	42.87	37.4
9.6	52.48	42.93	37.46
9.8	52.63	42.94	37.53
10.0	52.77	42.95	37.6
10.2	52.9	42.95	37.67
10.4	53.01	42.98	37.74
10.6	53.1	43.11	37.8
10.8	53.17	43.25	37.87
11.0	53.19	43.37	37.94
11.2	53.17	43.46	38.01
11.4	53.05	43.42	38.07
11.6	52.86	43.29	38.14
11.8	52.61	43.11	38.21
12.0	52.33	42.91	38.28
12.2	52.03	42.69	38.34
12.4	51.67	42.46	38.41
12.6	51.3	42.24	38.48
12.8	50.95	42.05	38.54
13.0	50.63	41.89	38.61
13.2	50.38	41.79	38.67
13.4	50.28	41.82	38.74
13.6	50.22	41.89	38.8
13.8	50.22	42.01	38.86
14.0	50.24	42.17	38.93
14.2	50.22	42.29	38.99
14.4	50.03	42.29	39.05
14.6	49.94	42.36	39.12
14.8	50.0	42.54	39.18
15.0	50.27	42.89	39.23
15.2	51.6	43.98	39.28
15.4	54.0	45.83	39.32
15.6	56.03	47.45	39.36
15.8	57.23	48.53	39.41
16.0	57.17	48.78	39.47
16.2	53.39	46.54	39.57
16.4	48.73	43.71	39.69
16.6	43.98	40.81	39.8
16.8	41.91	39.62	39.86
17.0	41.76	39.64	39.88
17.2	42.59	40.31	39.88
17.4	44.14	41.44	39.88
17.6	46.12	42.88	39.86
17.8	48.28	44.46	39.84
18.0	49.47	45.54	39.85
18.2	50.7	46.66	39.85
18.4	51.96	47.79	39.86
18.6	53.22	48.9	39.86
18.8	54.47	49.96	39.87
19.0	55.72	50.96	39.87
19.2	56.94	51.88	39.88
19.4	58.14	52.71	39.88
19.6	59.4	53.45	39.89
19.8	60.6	54.06	39.9
20.0	61.67	54.52	39.9
20.2	62.59	54.79	39.91
20.4	63.06	54.67	39.91
20.6	63.27	54.32	39.92
20.8	63.33	53.82	39.93
21.0	63.27	53.24	39.93
21.2	63.19	52.64	39.94
21.4	63.31	52.22	39.94
21.6	63.41	51.82	39.95
21.8	63.46	51.43	39.95
22.0	63.46	51.04	39.96
22.2	63.39	50.66	39.96
22.4	63.13	50.26	39.97
22.6	62.74	49.86	39.97
22.8	62.28	49.47	39.98
23.0	61.77	49.1	39.98
23.2	61.23	48.77	39.99
23.4	60.71	48.5	39.99
23.6	60.23	48.31	40.0
23.8	59.75	48.16	40.0
24.0	59.25	48.02	40.01
24.2	58.75	47.91	40.01
24.4	58.23	47.81	40.02
24.6	57.72	47.72	40.02
24.8	57.19	47.62	40.03
25.0	56.63	47.51	40.03
25.2	56.04	47.37	40.04
25.4	55.42	47.2	40.04
25.6	54.65	46.86	40.05
25.8	53.86	46.5	40.05
26.0	53.07	46.13	40.05
26.2	52.29	45.79	40.06
26.4	51.54	45.51	40.07
26.6	50.89	45.4	40.08
26.8	50.31	45.37	40.1
27.0	49.79	45.4	40.12
27.2	49.35	45.49	40.14
27.4	48.98	45.63	40.16
27.6	48.67	45.78	40.18
27.8	48.46	45.97	40.2
28.0	48.36	46.22	40.22
28.2	48.38	46.53	40.24
28.4	48.57	46.94	40.26
28.6	48.94	47.47	40.28
28.8	49.44	48.05	40.3
29.0	50.03	48.66	40.32
29.2	50.71	49.29	40.34
29.4	51.53	49.97	40.36
29.6	52.39	50.63	40.39
29.8	53.23	51.23	40.41
30.0	54.03	51.73	40.43
30.2	54.63	51.99	40.45
30.4	55.1	52.1	40.47
30.6	55.49	52.1	40.5
30.8	55.78	52.01	40.52
31.0	55.99	51.86	40.54
31.2	56.11	51.66	40.57
31.4	56.18	51.42	40.59
31.6	56.2	51.15	40.61
31.8	56.19	50.87	40.63
32.0	56.22	50.61	40.66
32.2	56.23	50.37	40.68
32.4	56.21	50.14	40.7
32.6	56.17	49.94	40.72
32.8	56.08	49.76	40.74
33.0	55.93	49.69	40.76
33.2	55.75	49.64	40.78
33.4	55.52	49.6	40.8
33.6	55.25	49.55	40.82
33.8	54.94	49.46	40.84
34.0	54.56	49.27	40.86
34.2	54.16	49.06	40.89
34.4	53.76	48.85	40.91
34.6	53.35	48.64	40.93
34.8	53.0	48.47	40.95
35.0	52.7	48.36	40.97
35.2	52.42	48.26	41.0
35.4	52.13	48.19	41.02
35.6	51.85	48.13	41.03
35.8	51.5	48.04	41.05
36.0	51.13	47.97	41.05
36.2	50.78	47.93	41.06
36.4	50.45	47.95	41.07
36.6	50.16	48.06	41.07
36.8	49.97	48.36	41.08
37.0	49.82	48.7	41.08
37.2	49.72	49.07	41.08
37.4	49.65	49.42	41.08
37.6	49.62	49.64	41.09
37.8	49.62	49.8	41.09
38.0	49.67	49.96	41.09
38.2	49.76	50.12	41.1
38.4	49.95	50.35	41.1
38.6	50.23	50.68	41.1
38.8	50.54	51.02	41.11
39.0	50.84	51.36	41.11
39.2	51.12	51.68	41.11
39.4	51.24	51.92	41.12
39.6	51.32	52.12	41.12
39.8	51.39	52.29	41.12
40.0	51.44	52.43	41.13
40.2	51.58	52.54	41.13
40.4	51.74	52.61	41.13
40.6	51.88	52.65	41.14
40.8	52.01	52.65	41.14
41.0	52.08	52.62	41.14
41.2	52.03	52.53	41.15
41.4	51.95	52.42	41.15
41.6	51.83	52.29	41.15
41.8	51.7	52.15	41.16
42.0	51.57	52.02	41.16
42.2	51.46	51.9	41.16
42.4	51.35	51.8	41.17
42.6	51.25	51.71	41.17
42.8	51.15	51.64	41.17
43.0	51.06	51.61	41.18
43.2	50.99	51.62	41.18
43.4	50.93	51.66	41.18
43.6	50.9	51.72	41.18
43.8	50.89	51.82	41.19
44.0	50.93	51.99	41.19
44.2	51.01	52.2	41.19
44.4	51.11	52.42	41.2
44.6	51.24	52.62	41.2
44.8	51.38	52.8	41.2
45.0	51.51	52.85	41.21
45.2	51.65	52.85	41.21
45.4	51.81	52.83	41.21
45.6	51.98	52.77	41.21
45.8	52.19	52.7	41.22
46.0	52.43	52.62	41.23
46.2	52.69	52.55	41.24
46.4	52.94	52.48	41.25
46.6	53.19	52.43	41.26
46.8	53.39	52.46	41.27
47.0	53.57	52.52	41.29
47.2	53.72	52.57	41.3
47.4	53.84	52.6	41.31
47.6	53.91	52.55	41.32
47.8	53.93	52.43	41.33
48.0	53.93	52.31	41.35
48.2	53.9	52.19	41.36
48.4	53.86	52.12	41.37
48.6	53.81	52.13	41.38
48.8	53.75	52.16	41.39
49.0	53.69	52.21	41.41
49.2	53.64	52.27	41.42
49.4	53.65	52.35	41.43
49.6	53.66	52.43	41.44
49.8	53.66	52.5	41.45
50.0	53.63	52.54	41.47
50.2	53.53	52.55	41.48
50.4	53.35	52.52	41.49
50.6	53.15	52.45	41.5
50.8	52.91	52.33	41.52
51.0	52.65	52.14	41.53
51.2	52.38	51.82	41.54
51.4	52.09	51.47	41.55
51.6	51.8	51.11	41.57
51.8	51.49	50.78	41.58
52.0	51.18	50.55	41.59
52.2	50.87	50.46	41.6
52.4	50.56	50.41	41.61
52.6	50.26	50.41	41.62
52.8	49.96	50.43	41.64
53.0	49.69	50.45	41.65
53.2	49.44	50.46	41.66
53.4	49.2	50.49	41.67
53.6	48.98	50.52	41.68
53.8	48.78	50.57	41.7
54.0	48.61	50.64	41.71
54.2	48.46	50.72	41.72
54.4	48.32	50.8	41.73
54.6	48.21	50.87	41.74
54.8	48.11	50.94	41.76
55.0	48.04	50.98	41.77
55.2	47.98	51.01	41.78
55.4	47.94	51.03	41.79
55.6	47.92	51.05	41.8
55.8	47.9	51.05	41.81
56.0	47.81	50.99	41.82
56.2	47.78	50.97	41.83
56.4	47.84	50.99	41.85
56.6	48.01	51.1	41.86
56.8	48.43	51.42	41.87
57.0	49.05	51.88	41.88
57.2	49.78	52.41	41.89
57.4	50.6	52.97	41.91
57.6	51.47	53.54	41.92
57.8	52.39	54.08	41.93
58.0	53.3	54.59	41.94
58.2	54.2	55.03	41.96
58.4	55.05	55.38	41.97
58.6	55.85	55.59	41.98
58.8	56.53	55.69	41.99
59.0	57.04	55.68	42.01
59.2	57.31	55.52	42.02
59.4	57.12	55.14	42.03
59.6	56.73	54.65	42.05
59.8	56.21	54.1	42.06
60.0	55.61	53.49	42.08
60.2	55.1	52.92	42.09
60.4	54.61	52.36	42.1
60.6	54.11	51.82	42.12
60.8	53.63	51.32	42.13
61.0	53.15	50.88	42.14
61.2	52.72	50.6	42.15
61.4	52.31	50.4	42.17
61.6	51.92	50.26	42.18
61.8	51.55	50.17	42.19
62.0	51.19	50.12	42.2
62.2	50.86	50.1	42.21
62.4	50.54	50.11	42.23
62.6	50.24	50.12	42.24
62.8	49.96	50.15	42.25
63.0	49.7	50.17	42.26
63.2	49.44	50.13	42.27
63.4	49.2	50.09	42.29
63.6	48.98	50.04	42.3
63.8	48.8	50.0	42.31
64.0	48.65	49.95	42.32
64.2	48.55	49.91	42.34
64.4	48.48	49.89	42.35
64.6	48.45	49.89	42.36
64.8	48.45	49.92	42.37
65.0	48.48	50.02	42.38
65.2	48.54	50.17	42.4
65.4	48.63	50.37	42.41
65.6	48.75	50.59	42.41
65.8	48.92	50.85	42.42
66.0	49.14	51.13	42.42
66.2	49.39	51.44	42.42
66.4	49.67	51.75	42.42
66.6	49.96	52.06	42.41
66.8	50.27	52.34	42.4
67.0	50.59	52.61	42.38
67.2	50.9	52.87	42.36
67.4	51.2	53.12	42.35
67.6	51.45	53.36	42.33
67.8	51.66	53.6	42.31
68.0	51.85	53.82	42.3
68.2	52.03	54.01	42.28
68.4	52.21	54.13	42.26
68.6	52.41	54.19	42.25
68.8	52.6	54.23	42.23
69.0	52.79	54.24	42.22
69.2	52.99	54.27	42.2
69.4	53.19	54.34	42.18
69.6	53.39	54.4	42.17
69.8	53.57	54.45	42.15
70.0	53.72	54.47	42.13
70.2	53.85	54.42	42.12
70.4	53.95	54.33	42.1
70.6	53.99	54.2	42.09
70.8	53.97	54.03	42.07
71.0	53.83	53.8	42.05
71.2	53.61	53.54	42.04
71.4	53.34	53.23	42.02
71.6	53.02	52.87	42.0
71.8	52.66	52.44	41.99
72.0	52.28	51.91	41.97
72.2	51.89	51.37	41.96
72.4	51.51	50.85	41.94
72.6	51.15	50.39	41.92
72.8	50.85	50.09	41.91
73.0	50.61	49.94	41.89
73.2	50.4	49.87	41.87
73.4	50.24	49.87	41.86
73.6	50.12	49.95	41.84
73.8	50.08	50.13	41.83
74.0	50.09	50.36	41.81
74.2	50.11	50.61	41.79
74.4	50.14	50.87	41.78
74.6	50.17	51.1	41.76
74.8	50.17	51.26	41.74
75.0	50.14	51.38	41.73
75.2	50.09	51.48	41.71
75.4	50.01	51.54	41.7
75.6	49.82	51.51	41.68
75.8	49.58	51.45	41.66
76.0	49.34	51.4	41.65
76.2	49.1	51.36	41.63
76.4	48.92	51.41	41.61
76.6	48.81	51.56	41.6
76.8	48.74	51.76	41.58
77.0	48.71	51.97	41.56
77.2	48.72	52.19	41.55
77.4	48.78	52.36	41.54
77.6	48.88	52.52	41.53
77.8	49.02	52.68	41.52
78.0	49.2	52.86	41.52
78.2	49.39	53.09	41.52
78.4	49.61	53.35	41.52
78.6	49.88	53.62	41.52
78.8	50.19	53.88	41.52
79.0	50.6	54.12	41.52
79.2	51.1	54.34	41.52
79.4	51.61	54.53	41.51
79.6	52.11	54.69	41.51
79.8	52.58	54.84	41.51
80.0	52.99	54.98	41.51
80.2	53.29	55.04	41.51
80.4	53.44	54.99	41.51
80.6	53.37	54.77	41.51
80.8	52.83	54.18	41.51
81.0	52.13	53.48	41.51
81.2	51.32	52.71	41.51
81.4	50.45	51.93	41.51
81.6	49.72	51.32	41.51
81.8	49.07	50.83	41.51
82.0	48.45	50.38	41.51
82.2	47.85	49.97	41.51
82.4	47.28	49.6	41.51
82.6	46.73	49.23	41.5
82.8	46.21	48.87	41.5
83.0	45.72	48.54	41.5
83.2	45.26	48.26	41.5
83.4	44.83	48.03	41.5
83.6	44.45	47.89	41.5
83.8	44.11	47.83	41.5
84.0	43.8	47.81	41.5
84.2	43.53	47.83	41.5
84.4	43.29	47.86	41.5
84.6	43.08	47.87	41.5
84.8	42.91	47.87	41.5
85.0	42.77	47.89	41.5
85.2	42.67	47.93	41.5
85.4	42.61	48.0	41.5
85.6	42.59	48.1	41.49
85.8	42.61	48.24	41.49
86.0	42.7	48.43	41.49
86.2	42.85	48.68	41.49
86.4	43.09	49.01	41.5
86.6	43.46	49.46	41.51
86.8	43.89	49.97	41.52
87.0	44.38	50.51	41.54
87.2	44.91	51.09	41.57
87.4	45.48	51.7	41.6
87.6	46.08	52.31	41.63
87.8	46.71	52.9	41.66
88.0	47.35	53.45	41.69
88.2	48.03	53.9	41.72
88.4	48.72	54.29	41.75
88.6	49.38	54.63	41.78
88.8	50.02	54.91	41.81
89.0	50.68	55.22	41.85
89.2	51.26	55.45	41.88
89.4	51.71	55.57	41.91
89.6	51.99	55.54	41.94
89.8	51.81	55.17	41.98
90.0	51.45	54.67	42.01
90.2	50.97	54.07	42.05
90.4	50.4	53.42	42.08
90.6	49.91	52.87	42.12
90.8	49.42	52.34	42.15
91.0	48.92	51.83	42.18
91.2	48.41	51.34	42.21
91.4	47.9	50.87	42.24
91.6	47.35	50.42	42.28
91.8	46.82	50.0	42.31
92.0	46.31	49.63	42.34
92.2	45.86	49.33	42.37
92.4	45.46	49.1	42.4
92.6	45.1	48.93	42.43
92.8	44.83	48.86	42.46
93.0	44.71	48.89	42.48
93.2	44.75	49.05	42.51
93.4	44.98	49.35	42.53
93.6	46.58	50.65	42.55
93.8	48.18	51.93	42.57
94.0	49.33	52.82	42.59
94.2	49.69	53.09	42.62
94.4	48.15	51.83	42.66
94.6	44.69	49.05	42.71
94.8	41.02	46.1	42.76
95.0	38.2	43.81	42.81
95.2	38.11	43.7	42.84
95.4	38.97	44.34	42.87
95.6	40.52	45.51	42.89
95.8	42.47	47.0	42.91
96.0	44.55	48.57	42.93
96.2	45.53	49.26	42.96
96.4	46.29	49.75	42.99
96.6	47.07	50.23	43.02
96.8	47.92	50.72	43.04
97.0	49.06	51.35	43.06
97.2	50.43	52.09	43.07
97.4	51.83	52.83	43.07
97.6	53.18	53.54	43.06
97.8	54.29	54.18	43.05
98.0	55.19	54.73	43.04
98.2	55.96	55.18	43.02
98.4	56.61	55.51	43.0
98.6	57.18	55.61	42.98
98.8	57.65	55.52	42.97
99.0	58.04	55.34	42.95
99.2	58.34	55.1	42.93
99.4	58.58	54.87	42.92
99.6	58.78	54.73	42.9
99.8	58.9	54.56	42.88
100.0	58.91	54.35	42.86
100.2	58.82	54.06	42.85
100.4	58.55	53.59	42.83
100.6	58.17	53.07	42.81
100.8	57.69	52.52	42.79
101.0	57.12	51.96	42.78
101.2	56.45	51.5	42.76
101.4	55.7	51.1	42.74
101.6	54.9	50.72	42.73
101.8	54.08	50.35	42.71
102.0	53.25	49.99	42.69
102.2	52.5	49.54	42.67
102.4	51.78	49.08	42.66
102.6	51.09	48.64	42.64
102.8	50.42	48.23	42.62
103.0	49.78	47.86	42.6
103.2	49.17	47.6	42.59
103.4	48.6	47.43	42.57
103.6	48.06	47.32	42.55
103.8	47.57	47.27	42.54
104.0	47.13	47.26	42.52
104.2	46.75	47.33	42.5
104.4	46.45	47.48	42.48
104.6	46.2	47.66	42.47
104.8	46.0	47.84	42.45
105.0	45.85	48.02	42.43
105.2	45.73	48.14	42.41
105.4	45.63	48.12	42.4
105.6	45.57	48.1	42.38
105.8	45.55	48.1	42.36
106.0	45.56	48.13	42.35
106.2	45.58	48.26	42.33
106.4	45.61	48.51	42.31
106.6	45.69	48.82	42.29
106.8	45.83	49.17	42.28
107.0	46.04	49.55	42.26
107.2	46.39	49.98	42.24
107.4	46.82	50.42	42.22
107.6	47.32	50.86	42.2
107.8	47.85	51.29	42.19
108.0	48.41	51.68	42.17
108.2	48.99	52.01	42.16
108.4	49.56	52.33	42.16
108.6	50.13	52.63	42.15
108.8	50.66	52.96	42.14
109.0	51.13	53.33	42.13
109.2	51.57	53.69	42.12
109.4	51.99	54.02	42.12
109.6	52.41	54.3	42.11
109.8	52.93	54.51	42.1
110.0	53.38	54.63	42.09
110.2	53.73	54.66	42.08
110.4	53.91	54.57	42.08
110.6	53.68	54.24	42.07
110.8	53.3	53.8	42.06
111.0	52.79	53.28	42.05
111.2	52.19	52.7	42.04
111.4	51.61	52.1	42.04
111.6	51.0	51.48	42.03
111.8	50.38	50.86	42.02
112.0	49.75	50.25	42.01
112.2	49.14	49.69	42.0
112.4	48.59	49.25	42.0
112.6	48.07	48.86	41.99
112.8	47.57	48.53	41.98
113.0	47.1	48.25	41.97
113.2	46.66	48.03	41.96
113.4	46.29	47.9	41.96
113.6	45.94	47.81	41.95
113.8	45.61	47.78	41.94
114.0	45.27	47.78	41.93
114.2	44.92	47.81	41.92
114.4	44.45	47.84	41.92
114.6	43.96	47.89	41.91
114.8	43.5	47.97	41.9
115.0	43.07	48.06	41.89
115.2	42.72	48.18	41.89
115.4	42.53	48.29	41.88
115.6	42.42	48.43	41.87
115.8	42.4	48.6	41.86
116.0	42.45	48.8	41.85
116.2	42.59	49.04	41.85
116.4	42.79	49.33	41.84
116.6	43.08	49.66	41.83
116.8	43.44	50.04	41.82
117.0	43.89	50.48	41.81
117.2	44.44	51.03	41.81
117.4	45.09	51.67	41.81
117.6	45.8	52.34	41.82
117.8	46.55	53.01	41.82
118.0	47.31	53.65	41.83
118.2	48.04	54.22	41.83
118.4	48.79	54.74	41.84
118.6	49.56	55.21	41.84
118.8	50.38	55.63	41.84
119.0	51.31	55.99	41.85
119.2	52.24	56.29	41.85
119.4	53.11	56.51	41.85
119.6	53.9	56.64	41.86
119.8	54.48	56.68	41.86
120.0	54.93	56.62	41.87
120.2	55.25	56.45	41.87
120.4	55.43	56.16	41.87
120.6	55.4	55.65	41.88
120.8	55.24	55.02	41.88
121.0	54.98	54.33	41.89
121.2	54.63	53.6	41.89
121.4	54.25	52.9	41.89
121.6	53.86	52.29	41.9
121.8	53.45	51.72	41.9
122.0	53.02	51.19	41.91
122.2	52.59	50.72	41.91
122.4	52.19	50.35	41.91
122.6	51.84	50.11	41.92
122.8	51.5	49.92	41.92
123.0	51.14	49.75	41.92
123.2	50.78	49.58	41.93
123.4	50.36	49.37	41.93
123.6	49.89	49.06	41.94
123.8	49.39	48.74	41.94
124.0	48.9	48.42	41.94
124.2	48.4	48.11	41.95
124.4	47.94	47.82	41.95
124.6	47.54	47.56	41.95
124.8	47.14	47.33	41.96
125.0	46.74	47.13	41.96
125.2	46.34	46.97	41.96
125.4	45.84	46.84	41.97
125.6	45.27	46.76	41.97
125.8	44.73	46.73	41.97
126.0	44.25	46.75	41.98
126.2	43.88	46.84	41.98
126.4	43.76	47.0	41.98
126.6	43.81	47.24	41.98
126.8	43.96	47.55	41.98
127.0	44.2	47.94	41.98
127.2	44.52	48.44	41.97
127.4	44.91	49.06	41.97
127.6	45.34	49.72	41.96
127.8	45.8	50.37	41.96
128.0	46.28	50.99	41.95
128.2	46.77	51.51	41.94
128.4	47.25	51.95	41.94
128.6	47.69	52.31	41.93
128.8	48.08	52.59	41.93
129.0	48.38	52.7	41.92
129.2	48.6	52.7	41.91
129.4	48.73	52.62	41.91
129.6	48.75	52.47	41.9
129.8	48.58	52.27	41.9
130.0	48.27	52.02	41.89
130.2	47.86	51.73	41.88
130.4	47.39	51.39	41.88
130.6	46.87	51.0	41.87
130.8	46.36	50.54	41.87
131.0	45.84	50.07	41.86
131.2	45.31	49.59	41.86
131.4	44.79	49.15	41.85
131.6	44.3	48.77	41.84
131.8	43.86	48.53	41.84
132.0	43.46	48.33	41.83
132.2	43.07	48.16	41.83
132.4	42.71	48.02	41.82
132.6	42.37	47.87	41.81
132.8	42.06	47.69	41.81
133.0	41.76	47.52	41.8
133.2	41.47	47.37	41.8
133.4	41.19	47.23	41.79
133.6	40.9	47.13	41.78
133.8	40.58	47.07	41.78
134.0	40.27	47.03	41.77
134.2	39.97	47.01	41.77
134.4	39.68	46.99	41.76
134.6	39.42	46.95	41.75
134.8	39.17	46.88	41.75
135.0	38.96	46.82	41.74
135.2	38.8	46.79	41.74
135.4	38.71	46.81	41.73
135.6	38.72	46.91	41.72
135.8	38.83	47.11	41.72
136.0	39.01	47.36	41.71
136.2	39.28	47.64	41.7
136.4	39.62	47.96	41.7
136.6	40.08	48.32	41.7
136.8	40.61	48.7	41.7
137.0	41.18	49.07	41.7
137.2	41.77	49.42	41.7
137.4	42.32	49.71	41.71
137.6	42.83	49.92	41.71
137.8	43.35	50.1	41.71
138.0	43.88	50.25	41.71
138.2	44.46	50.4	41.72
138.4	45.14	50.56	41.72
138.6	45.82	50.69	41.72
138.8	46.46	50.8	41.72
139.0	47.03	50.87	41.73
139.2	47.43	50.91	41.73
139.4	47.74	50.89	41.73
139.6	47.95	50.8	41.73
139.8	48.07	50.63	41.74
140.0	48.07	50.25	41.74
140.2	47.97	49.77	41.74
140.4	47.81	49.24	41.75
140.6	47.58	48.7	41.75
140.8	47.31	48.2	41.75
141.0	47.01	47.86	41.75
141.2	46.69	47.57	41.76
141.4	46.35	47.31	41.76
141.6	46.01	47.08	41.76
141.8	45.67	46.88	41.76
142.0	45.38	46.65	41.77
142.2	45.11	46.43	41.77
142.4	44.85	46.24	41.77
142.6	44.6	46.07	41.77
142.8	44.36	45.92	41.77
143.0	44.13	45.79	41.78
143.2	43.91	45.7	41.78
143.4	43.7	45.63	41.78
143.6	43.53	45.6	41.78
143.8	43.38	45.62	41.79
144.0	43.27	45.7	41.79
144.2	43.19	45.84	41.79
144.4	43.16	46.02	41.79
144.6	43.18	46.22	41.79
144.8	43.25	46.45	41.8
145.0	43.35	46.64	41.8
145.2	43.53	46.85	41.8
145.4	43.77	47.09	41.8
145.6	44.1	47.37	41.81
145.8	44.54	47.73	41.81
146.0	45.1	48.17	41.81
146.2	45.74	48.64	41.81
146.4	46.48	49.11	41.81
146.6	47.32	49.56	41.81
146.8	48.33	49.96	41.8
147.0	49.38	50.33	41.79
147.2	50.42	50.65	41.77
147.4	51.42	50.92	41.75
147.6	52.21	51.08	41.74
147.8	52.92	51.18	41.72
148.0	53.57	51.24	41.7
148.2	54.15	51.25	41.68
148.4	54.73	51.27	41.66
148.6	55.25	51.25	41.65
148.8	55.7	51.19	41.63
149.0	56.06	51.07	41.61
149.2	56.37	50.9	41.59
149.4	56.58	50.66	41.58
149.6	56.65	50.34	41.56
149.8	56.54	49.94	41.54
150.0	56.12	49.36	41.52
150.2	55.41	48.63	41.51
150.4	54.56	47.86	41.49
150.6	53.64	47.09	41.47
150.8	52.71	46.38	41.45
151.0	51.95	45.87	41.43
151.2	51.22	45.45	41.42
151.4	50.52	45.09	41.4
151.6	49.86	44.8	41.38
151.8	49.25	44.57	41.36
152.0	48.73	44.44	41.35
152.2	48.25	44.35	41.33
152.4	47.79	44.3	41.31
152.6	47.36	44.26	41.29
152.8	46.92	44.24	41.27
153.0	46.44	44.14	41.26
153.2	45.95	44.03	41.24
153.4	45.46	43.93	41.22
153.6	44.98	43.85	41.2
153.8	44.52	43.8	41.19
154.0	44.06	43.81	41.16
154.2	43.62	43.87	41.14
154.4	43.22	43.95	41.12
154.6	42.88	44.06	41.11
154.8	42.61	44.19	41.1
155.0	42.46	44.27	41.1
155.2	42.39	44.38	41.1
155.4	42.42	44.55	41.11
155.6	42.53	44.78	41.13
155.8	42.77	45.17	41.15
156.0	43.12	45.72	41.17
156.2	43.55	46.31	41.19
156.4	44.01	46.91	41.22
156.6	44.5	47.47	41.25
156.8	44.99	47.92	41.27
157.0	45.47	48.31	41.3
157.2	45.93	48.65	41.32
157.4	46.34	48.93	41.35
157.6	46.68	49.15	41.37
157.8	46.95	49.3	41.4
158.0	47.12	49.39	41.43
158.2	47.19	49.4	41.45
158.4	47.05	49.3	41.48
158.6	46.78	49.12	41.51
158.8	46.41	48.86	41.54
159.0	45.98	48.54	41.57
159.2	45.48	48.12	41.59
159.4	44.96	47.61	41.62
159.6	44.42	47.08	41.65
159.8	43.87	46.56	41.67
160.0	43.34	46.06	41.7
160.2	42.91	45.72	41.73
160.4	42.53	45.47	41.75
160.6	42.19	45.27	41.78
160.8	41.87	45.11	41.8
161.0	41.58	44.98	41.83
161.2	41.29	44.86	41.85
161.4	41.01	44.75	41.88
161.6	40.76	44.66	41.9
161.8	40.53	44.59	41.93
162.0	40.32	44.54	41.95
162.2	40.16	44.49	41.98
162.4	40.03	44.46	42.01
162.6	39.92	44.45	42.03
162.8	39.82	44.47	42.06
163.0	39.74	44.51	42.08
163.2	39.66	44.62	42.11
163.4	39.58	44.76	42.13
163.6	39.51	44.92	42.16
163.8	39.45	45.09	42.18
164.0	39.4	45.25	42.2
164.2	39.31	45.32	42.22
164.4	39.23	45.39	42.24
164.6	39.21	45.49	42.25
164.8	39.27	45.65	42.26
165.0	39.45	45.93	42.26
165.2	39.83	46.41	42.25
165.4	40.29	46.95	42.25
165.6	40.8	47.53	42.23
165.8	41.36	48.13	42.22
166.0	41.9	48.69	42.2
166.2	42.44	49.23	42.18
166.4	42.98	49.74	42.16
166.6	43.5	50.21	42.13
166.8	44.0	50.62	42.11
167.0	44.47	50.95	42.09
167.2	44.88	51.23	42.07
167.4	45.23	51.43	42.05
167.6	45.49	51.56	42.03
167.8	45.66	51.61	42.01
168.0	45.74	51.57	41.99
168.2	45.75	51.45	41.97
168.4	45.66	51.22	41.95
168.6	45.44	50.82	41.92
168.8	45.15	50.34	41.9
169.0	44.82	49.82	41.88
169.2	44.45	49.28	41.86
169.4	44.1	48.76	41.84
169.6	43.77	48.29	41.82
169.8	43.45	47.86	41.8
170.0	43.15	47.46	41.78
170.2	42.86	47.12	41.76
170.4	42.62	46.87	41.74
170.6	42.42	46.73	41.72
170.8	42.25	46.65	41.69
171.0	42.12	46.64	41.67
171.2	42.02	46.7	41.65
171.4	41.95	46.83	41.63
171.6	41.93	47.07	41.61
171.8	41.93	47.34	41.59
172.0	41.98	47.63	41.57
172.2	42.05	47.92	41.55
172.4	42.15	48.15	41.53
172.6	42.24	48.28	41.5
172.8	42.4	48.4	41.48
173.0	42.63	48.52	41.46
173.2	42.95	48.65	41.44
173.4	43.48	48.86	41.42
173.6	44.14	49.12	41.41
173.8	44.86	49.39	41.39
174.0	45.6	49.66	41.38
174.2	46.34	49.93	41.37
174.4	47.02	50.16	41.37
174.6	47.67	50.4	41.37
174.8	48.3	50.63	41.37
175.0	48.89	50.88	41.38
175.2	49.44	51.24	41.38
175.4	49.94	51.59	41.38
175.6	50.37	51.9	41.38
175.8	50.73	52.13	41.38
176.0	51.0	52.17	41.38
176.2	51.18	52.04	41.38
176.4	51.25	51.81	41.38
176.6	51.23	51.49	41.38
176.8	51.06	51.08	41.38
177.0	50.71	50.6	41.38
177.2	50.26	50.07	41.38
177.4	49.75	49.51	41.38
177.6	49.18	48.94	41.38
177.8	48.61	48.4	41.39
178.0	48.03	47.88	41.39
178.2	47.45	47.39	41.39
178.4	46.89	46.94	41.39
178.6	46.36	46.55	41.39
178.8	45.95	46.31	41.39
179.0	45.58	46.13	41.39
179.2	45.24	46.0	41.39
179.4	44.93	45.9	41.39
179.6	44.63	45.82	41.39
179.8	44.32	45.71	41.39
180.0	44.03	45.61	41.39
180.2	43.73	45.53	41.39
180.4	43.44	45.47	41.39
180.6	43.14	45.42	41.39
180.8	42.85	45.41	41.39
181.0	42.55	45.43	41.4
181.2	42.23	45.45	41.4
181.4	41.91	45.48	41.4
181.6	41.57	45.51	41.4
181.8	41.07	45.47	41.4
182.0	40.56	45.43	41.4
182.2	40.11	45.42	41.4
182.4	39.76	45.46	41.4
182.6	39.56	45.57	41.4
182.8	39.57	45.71	41.4
183.0	39.78	45.97	41.4
183.2	40.21	46.37	41.4
183.4	40.9	46.96	41.4
183.6	42.53	48.34	41.39
183.8	45.22	50.62	41.37
184.0	47.48	52.53	41.35
184.2	48.86	53.67	41.33
184.4	48.81	53.6	41.31
184.6	44.94	50.28	41.29
184.8	40.39	46.38	41.27
185.0	35.81	42.43	41.25
185.2	34.8	41.45	41.23
185.4	35.12	41.59	41.21
185.6	36.4	42.5	41.19
185.8	38.33	43.96	41.17
186.0	40.64	45.71	41.15
186.2	42.93	47.44	41.13
186.4	44.25	48.39	41.11
186.6	45.5	49.24	41.09
186.8	46.63	49.95	41.07
187.0	47.59	50.46	41.05
187.2	48.11	50.46	41.03
187.4	48.43	50.23	41.01
187.6	48.63	49.87	40.99
187.8	48.77	49.44	40.97
188.0	49.04	49.13	40.95
188.2	49.41	48.94	40.93
188.4	49.78	48.77	40.91
188.6	50.14	48.63	40.89
188.8	50.46	48.5	40.87
189.0	50.71	48.41	40.85
189.2	50.89	48.36	40.83
189.4	51.0	48.3	40.81
189.6	51.04	48.22	40.79
189.8	51.0	48.11	40.77
190.0	50.85	47.92	40.75
190.2	50.56	47.59	40.73
190.4	50.19	47.22	40.71
190.6	49.77	46.83	40.69
190.8	49.29	46.43	40.67
191.0	48.78	46.04	40.65
191.2	48.25	45.7	40.63
191.4	47.7	45.38	40.61
191.6	47.16	45.08	40.6
191.8	46.62	44.81	40.58
192.0	46.11	44.56	40.56
192.2	45.61	44.32	40.53
192.4	45.17	44.12	40.51
192.6	44.8	43.98	40.49
192.8	44.53	43.9	40.47
193.0	44.41	43.93	40.46
193.2	44.45	44.08	40.45
193.4	44.62	44.3	40.44
193.6	44.9	44.58	40.43
193.8	45.29	44.9	40.42
194.0	45.79	45.3	40.42
194.2	46.4	45.72	40.41
194.4	47.09	46.15	40.41
194.6	47.85	46.55	40.41
194.8	48.75	46.92	40.4
195.0	49.73	47.23	40.4
195.2	50.69	47.47	40.4
195.4	51.59	47.63	40.39
195.6	52.29	47.67	40.39
195.8	52.75	47.56	40.39
196.0	53.07	47.36	40.38
196.2	53.27	47.1	40.38
196.4	53.35	46.77	40.38
196.6	53.33	46.38	40.38
196.8	53.21	45.96	40.37
197.0	53.02	45.52	40.37
197.2	52.75	45.08	40.37
197.4	52.41	44.66	40.36
197.6	52.02	44.27	40.36
197.8	51.59	43.92	40.36
198.0	51.13	43.61	40.35
198.2	50.66	43.33	40.35
198.4	50.24	43.16	40.35
198.6	49.87	43.09	40.34
198.8	49.49	43.05	40.34
199.0	49.09	43.03	40.34
199.2	48.68	43.01	40.33
199.4	48.2	42.95	40.33
199.6	47.63	42.8	40.33
199.8	47.03	42.64	40.32
200.0	46.43	42.49	40.32
200.2	45.84	42.34	40.32
200.4	45.26	42.23	40.31
200.6	44.72	42.17	40.3
200.8	44.22	42.15	40.3
201.0	43.8	42.16	40.29
201.2	43.47	42.2	40.29
201.4	43.29	42.28	40.3
201.6	43.28	42.39	40.32
201.8	43.38	42.55	40.35
202.0	43.56	42.77	40.37
202.2	43.82	43.05	40.4
202.4	44.19	43.53	40.44
202.6	44.61	44.09	40.47
202.8	45.04	44.64	40.5
203.0	45.44	45.16	40.54
203.2	45.74	45.55	40.58
203.4	45.89	45.75	40.62
203.6	45.97	45.85	40.66
203.8	45.96	45.85	40.69
204.0	45.88	45.75	40.73
204.2	45.66	45.47	40.77
204.4	45.38	45.12	40.81
204.6	45.04	44.72	40.85
204.8	44.66	44.3	40.88
205.0	44.26	43.9	40.92
205.2	43.87	43.59	40.96
205.4	43.47	43.3	41.0
205.6	43.07	43.04	41.03
205.8	42.66	42.8	41.07
206.0	42.25	42.59	41.1
206.2	41.87	42.39	41.14
206.4	41.5	42.23	41.17
206.6	41.13	42.09	41.2
206.8	40.76	41.98	41.24
207.0	40.39	41.9	41.27
207.2	39.99	41.87	41.31
207.4	39.59	41.87	41.34
207.6	39.21	41.9	41.38
207.8	38.86	41.95	41.41
208.0	38.56	42.03	41.45
208.2	38.34	42.09	41.48
208.4	38.19	42.16	41.52
208.6	38.11	42.27	41.55
208.8	38.09	42.42	41.59
209.0	38.15	42.63	41.61
209.2	38.28	42.95	41.63
209.4	38.5	43.35	41.65
209.6	38.8	43.8	41.66
209.8	39.18	44.3	41.66
210.0	39.64	44.85	41.66
210.2	40.24	45.48	41.65
210.4	40.92	46.12	41.63
210.6	41.66	46.77	41.61
210.8	42.46	47.4	41.59
211.0	43.29	47.96	41.57
211.2	44.16	48.45	41.55
211.4	45.05	48.9	41.52
211.6	45.94	49.3	41.5
211.8	46.84	49.67	41.48
212.0	47.78	50.03	41.45
212.2	48.66	50.31	41.43
212.4	49.43	50.5	41.41
212.6	50.05	50.59	41.38
212.8	50.3	50.44	41.36
213.0	50.35	50.17	41.34
213.2	50.25	49.79	41.31
213.4	50.03	49.33	41.29
213.6	49.72	48.8	41.27
213.8	49.35	48.19	41.24
214.0	48.93	47.56	41.22
214.2	48.49	46.94	41.2
214.4	48.03	46.36	41.17
214.6	47.59	45.86	41.15
214.8	47.31	45.66	41.13
215.0	47.04	45.53	41.1
215.2	46.78	45.45	41.08
215.4	46.51	45.41	41.06
215.6	46.22	45.38	41.03
215.8	45.78	45.22	41.01
216.0	45.28	45.02	40.99
216.2	44.79	44.84	40.96
216.4	44.32	44.7	40.94
216.6	43.92	44.61	40.92
216.8	43.67	44.68	40.89
217.0	43.53	44.85	40.87
217.2	43.47	45.07	40.84
217.4	43.49	45.32	40.82
217.6	43.58	45.59	40.8
217.8	43.75	45.79	40.77
218.0	43.99	45.98	40.74
218.2	44.29	46.2	40.72
218.4	44.63	46.46	40.7
218.6	45.02	46.77	40.69
218.8	45.46	47.21	40.69
219.0	45.91	47.66	40.69
219.2	46.35	48.12	40.7
219.4	46.75	48.56	40.71
219.6	47.01	48.9	40.72
219.8	47.2	49.18	40.72
220.0	47.37	49.43	40.73
220.2	47.51	49.64	40.74
220.4	47.66	49.86	40.75
220.6	47.84	50.09	40.76
220.8	48.02	50.26	40.77
221.0	48.18	50.36	40.78
221.2	48.33	50.37	40.78
221.4	48.52	50.13	40.79
221.6	48.68	49.8	40.8
221.8	48.78	49.39	40.81
222.0	48.8	48.93	40.82
222.2	48.65	48.48	40.83
222.4	48.3	48.03	40.84
222.6	47.88	47.59	40.85
222.8	47.4	47.17	40.85
223.0	46.9	46.76	40.86
223.2	46.46	46.42	40.87
223.4	46.06	46.12	40.88
223.6	45.66	45.86	40.89
223.8	45.28	45.61	40.9
224.0	44.9	45.39	40.91
224.2	44.53	45.17	40.91
224.4	44.17	44.96	40.92
224.6	43.83	44.77	40.93
224.8	43.52	44.61	40.94
225.0	43.26	44.48	40.95
225.2	43.07	44.4	40.95
225.4	42.99	44.4	40.96
225.6	42.95	44.42	40.97
225.8	42.93	44.46	40.98
226.0	42.93	44.52	40.99
226.2	42.93	44.59	40.99
226.4	42.91	44.65	41.0
226.6	42.88	44.71	41.01
226.8	42.84	44.76	41.02
227.0	42.79	44.8	41.02
227.2	42.66	44.79	41.03
227.4	42.43	44.68	41.04
227.6	42.23	44.61	41.05
227.8	42.11	44.58	41.06
228.0	42.09	44.63	41.06
228.2	42.37	44.95	41.07
228.4	42.82	45.39	41.08
228.6	43.37	45.87	41.09
228.8	44.0	46.38	41.1
229.0	44.65	46.81	41.11
229.2	45.3	47.17	41.12
229.4	45.96	47.5	41.12
229.6	46.61	47.78	41.13
229.8	47.2	48.03	41.14
230.0	47.71	48.24	41.15
230.2	48.18	48.4	41.16
230.4	48.6	48.52	41.17
230.6	48.99	48.57	41.18
230.8	49.35	48.57	41.19
231.0	49.65	48.5	41.2
231.2	49.85	48.36	41.21
231.4	49.93	48.16	41.22
231.6	49.78	47.83	41.23
231.8	49.52	47.45	41.24
232.0	49.16	47.02	41.25
232.2	48.71	46.56	41.26
232.4	48.2	46.08	41.27
232.6	47.64	45.58	41.28
232.8	47.04	45.09	41.29
233.0	46.42	44.63	41.3
233.2	45.8	44.22	41.31
233.4	45.22	43.95	41.31
233.6	44.68	43.79	41.32
233.8	44.17	43.69	41.33
234.0	43.69	43.62	41.34
234.2	43.25	43.59	41.35
234.4	42.87	43.55	41.36
234.6	42.57	43.49	41.37
234.8	42.29	43.44	41.38
235.0	42.03	43.39	41.38
235.2	41.76	43.34	41.39
235.4	41.46	43.27	41.4
235.6	41.07	43.17	41.41
235.8	40.68	43.08	41.42
236.0	40.32	43.01	41.43
236.2	39.99	42.97	41.44
236.4	39.72	43.0	41.45
236.6	39.51	43.09	41.46
236.8	39.39	43.23	41.46
237.0	39.35	43.43	41.47
237.2	39.41	43.67	41.48
237.4	39.65	44.0	41.49
237.6	40.01	44.38	41.5
237.8	40.47	44.8	41.5
238.0	41.0	45.26	41.5
238.2	41.61	45.77	41.5
238.4	42.28	46.32	41.49
238.6	42.97	46.87	41.47
238.8	43.67	47.39	41.45
239.0	44.35	47.87	41.43
239.2	44.97	48.26	41.4
239.4	45.56	48.58	41.37
239.6	46.1	48.82	41.34
239.8	46.59	48.94	41.3
240.0	47.05	48.91	41.27
240.2	47.44	48.78	41.24
240.4	47.72	48.55	41.21
240.6	47.87	48.24	41.18
240.8	47.8	47.82	41.15
241.0	47.6	47.35	41.12
241.2	47.3	46.82	41.08
241.4	46.9	46.27	41.05
241.6	46.42	45.71	41.02
241.8	45.88	45.15	40.99
242.0	45.31	44.59	40.96
242.2	44.73	44.05	40.93
242.4	44.19	43.53	40.9
242.6	43.78	43.08	40.87
242.8	43.39	42.67	40.83
243.0	43.02	42.3	40.8
243.2	42.64	41.97	40.77
243.4	42.25	41.7	40.74
243.6	41.75	41.54	40.71
243.8	41.24	41.42	40.68
244.0	40.73	41.33	40.65
244.2	40.22	41.28	40.62
244.4	39.74	41.25	40.58
244.6	39.26	41.16	40.55
244.8	38.82	41.08	40.52
245.0	38.43	41.05	40.49
245.2	38.11	41.07	40.46
245.4	37.85	41.15	40.43
245.6	37.73	41.4	40.39
245.8	37.7	41.71	40.35
246.0	37.75	42.09	40.31
246.2	37.89	42.51	40.29
246.4	38.15	42.97	40.28
246.6	38.55	43.45	40.3
246.8	39.02	43.95	40.33
247.0	39.53	44.45	40.37
247.2	40.05	44.95	40.41
247.4	40.5	45.42	40.45
247.6	40.92	45.86	40.49
247.8	41.33	46.26	40.54
248.0	41.73	46.62	40.58
248.2	42.14	46.89	40.63
248.4	42.56	47.08	40.67
248.6	42.96	47.22	40.71
248.8	43.33	47.32	40.75
249.0	43.67	47.39	40.8
249.2	43.95	47.52	40.84
249.4	44.17	47.62	40.89
249.6	44.35	47.65	40.93
249.8	44.46	47.61	40.98
250.0	44.48	47.36	41.02
250.2	44.41	46.94	41.07
250.4	44.29	46.45	41.11
250.6	44.15	45.92	41.16
250.8	43.98	45.37	41.2
251.0	43.87	44.91	41.25
251.2	43.76	44.49	41.29
251.4	43.64	44.1	41.34
251.6	43.51	43.75	41.38
251.8	43.36	43.44	41.43
252.0	43.18	43.26	41.47
252.2	42.97	43.13	41.51
252.4	42.75	43.03	41.55
252.6	42.52	42.96	41.6
252.8	42.27	42.9	41.64
253.0	42.01	42.79	41.68
253.2	41.73	42.66	41.72
253.4	41.45	42.54	41.77
253.6	41.17	42.42	41.81
253.8	40.89	42.32	41.85
254.0	40.65	42.27	41.89
254.2	40.46	42.26	41.93
254.4	40.25	42.26	41.97
254.6	40.03	42.27	42.01
254.8	39.78	42.26	42.05
255.0	39.4	42.18	42.1
255.2	38.82	41.99	42.14
255.4	38.27	41.81	42.18
255.6	37.77	41.69	42.22
255.8	37.38	41.63	42.25
256.0	37.24	41.76	42.27
256.2	37.42	42.09	42.28
256.4	37.74	42.51	42.28
256.6	38.18	43.0	42.28
256.8	38.71	43.54	42.27
257.0	39.31	44.13	42.26
257.2	39.96	44.73	42.26
257.4	40.66	45.31	42.25
257.6	41.37	45.86	42.24
257.8	42.08	46.3	42.23
258.0	42.74	46.59	42.22
258.2	43.38	46.82	42.21
258.4	44.01	46.99	42.21
258.6	44.63	47.13	42.2
258.8	45.25	47.29	42.19
259.0	45.86	47.44	42.18
259.2	46.42	47.56	42.17
259.4	46.91	47.64	42.17
259.6	47.32	47.68	42.16
259.8	47.6	47.66	42.15
260.0	47.8	47.6	42.14
260.2	47.9	47.48	42.13
260.4	47.9	47.3	42.13
260.6	47.76	46.99	42.12
260.8	47.51	46.6	42.11
261.0	47.2	46.19	42.1
261.2	46.84	45.76	42.09
261.4	46.45	45.35	42.08
261.6	46.1	45.08	42.08
261.8	45.76	44.85	42.07
262.0	45.4	44.65	42.06
262.2	45.04	44.47	42.05
262.4	44.67	44.31	42.04
262.6	44.3	44.13	42.04
262.8	43.91	43.96	42.03
263.0	43.53	43.79	42.02
263.2	43.14	43.64	42.01
263.4	42.77	43.5	42.0
263.6	42.44	43.4	42.0
263.8	42.14	43.33	41.99
264.0	41.83	43.26	41.98
264.2	41.49	43.19	41.97
264.4	41.12	43.09	41.96
264.6	40.61	42.9	41.96
264.8	40.0	42.65	41.95
265.0	39.37	42.39	41.94
265.2	38.76	42.13	41.93
265.4	38.18	41.9	41.92
265.6	37.69	41.7	41.92
265.8	37.29	41.56	41.91
266.0	37.0	41.49	41.9
266.2	36.83	41.5	41.89
266.4	36.79	41.61	41.88
266.6	37.04	41.96	41.88
266.8	37.79	42.75	41.87
267.0	38.55	43.52	41.86
267.2	39.19	44.17	41.85
267.4	39.62	44.61	41.84
267.6	39.23	44.3	41.83
267.8	38.16	43.37	41.81
268.0	37.07	42.39	41.79
268.2	36.16	41.5	41.77
268.4	36.13	41.26	41.75
268.6	37.18	41.86	41.73
268.8	38.62	42.75	41.71
269.0	40.3	43.83	41.69
269.2	42.1	45.02	41.68
269.4	43.73	46.14	41.66
269.6	45.1	47.13	41.64
269.8	46.35	48.03	41.62
270.0	47.44	48.77	41.6
270.2	48.29	49.28	41.58
270.4	48.77	49.36	41.56
270.6	49.07	49.27	41.54
270.8	49.22	49.02	41.52
271.0	49.26	48.68	41.51
271.2	49.31	48.35	41.49
271.4	49.28	47.97	41.47
271.6	49.18	47.54	41.45
271.8	49.01	47.07	41.43
272.0	48.75	46.58	41.41
272.2	48.39	46.06	41.39
272.4	47.97	45.55	41.37
272.6	47.52	45.04	41.35
272.8	47.03	44.55	41.34
273.0	46.57	44.16	41.32
273.2	46.15	43.87	41.3
273.4	45.72	43.6	41.28
273.6	45.25	43.35	41.26
273.8	44.76	43.1	41.24
274.0	44.19	42.81	41.22
274.2	43.45	42.36	41.2
274.4	42.7	41.91	41.18
274.6	41.95	41.49	41.16
274.8	41.23	41.12	41.15
275.0	40.56	40.81	41.13
275.2	40.1	40.74	41.11
275.4	39.75	40.78	41.09
275.6	39.47	40.89	41.07
275.8	39.27	41.05	41.05
276.0	39.15	41.25	41.03
276.2	39.06	41.44	41.01
276.4	38.99	41.57	40.99
276.6	39.02	41.75	40.97
276.8	39.14	41.98	40.95
277.0	39.39	42.27	40.93
277.2	39.83	42.7	40.92
277.4	40.48	43.29	40.92
277.6	41.23	43.93	40.91
277.8	42.06	44.61	40.91
278.0	42.95	45.3	40.92
278.2	43.86	46.0	40.92
278.4	44.77	46.68	40.92
278.6	45.68	47.29	40.92
278.8	46.55	47.82	40.93
279.0	47.38	48.17	40.93
279.2	48.14	48.34	40.94
279.4	48.8	48.38	40.94
279.6	49.34	48.31	40.94
279.8	49.73	48.13	40.95
280.0	49.85	47.8	40.95
280.2	49.84	47.39	40.96
280.4	49.71	46.93	40.96
280.6	49.49	46.43	40.96
280.8	49.22	45.99	40.97
281.0	48.91	45.6	40.97
281.2	48.54	45.2	40.98
281.4	48.14	44.81	40.98
281.6	47.69	44.42	40.98
281.8	47.22	44.0	40.99
282.0	46.73	43.56	40.99
282.2	46.22	43.13	41.0
282.4	45.71	42.73	41.0
282.6	45.18	42.36	41.0
282.8	44.66	42.05	41.01
283.0	44.14	41.86	41.01
283.2	43.63	41.71	41.01
283.4	43.14	41.6	41.02
283.6	42.67	41.52	41.02
283.8	42.22	41.47	41.03
284.0	41.85	41.38	41.03
284.2	41.51	41.3	41.03
284.4	41.21	41.24	41.04
284.6	40.93	41.22	41.04
284.8	40.67	41.24	41.04
285.0	40.43	41.33	41.05
285.2	40.21	41.53	41.05
285.4	40.0	41.77	41.05
285.6	39.79	42.01	41.06
285.8	39.6	42.26	41.06
286.0	39.39	42.45	41.06
286.2	39.06	42.45	41.07
286.4	38.77	42.46	41.07
286.6	38.55	42.5	41.08
286.8	38.43	42.61	41.08
287.0	38.46	42.83	41.08
287.2	38.86	43.39	41.08
287.4	39.38	44.03	41.08
287.6	40.0	44.73	41.08
287.8	40.69	45.45	41.08
