0.2	94.23	70.85	41.8
0.4	94.09	71.48	41.77
0.6	94.17	72.32	41.76
0.8	94.41	73.3	41.77
1.0	94.77	74.34	41.8
1.2	95.21	75.37	41.84
1.4	95.67	76.32	41.9
1.6	96.12	77.12	41.97
1.8	96.47	77.57	42.05
2.0	96.67	77.58	42.13
2.2	96.78	77.42	42.21
2.4	96.8	77.16	42.3
2.6	96.65	76.98	42.38
2.8	96.42	76.85	42.46
3.0	96.18	76.77	42.54
3.2	95.99	76.75	42.62
3.4	96.09	77.01	42.69
3.6	96.37	77.42	42.75
3.8	96.7	77.84	42.81
4.0	97.01	78.22	42.87
4.2	97.23	78.45	42.94
4.4	97.15	78.25	43.01
4.6	97.02	77.99	43.08
4.8	96.86	77.74	43.15
5.0	96.77	77.66	43.19
5.2	96.84	77.97	43.21
5.4	96.85	78.26	43.22
5.6	96.74	78.43	43.21
5.8	96.33	78.22	43.17
6.0	95.66	77.67	43.12
6.2	94.84	76.89	43.06
6.4	93.87	75.87	43.0
6.6	92.66	74.36	42.94
6.8	91.41	72.75	42.88
7.0	90.19	71.18	42.83
7.2	89.08	69.78	42.77
7.4	88.56	69.27	42.71
7.6	88.27	69.15	42.65
7.8	88.11	69.28	42.59
8.0	88.03	69.59	42.54
8.2	87.96	70.0	42.48
8.4	87.64	70.21	42.42
8.6	87.29	70.47	42.36
8.8	86.95	70.81	42.3
9.0	86.65	71.26	42.25
9.2	86.47	71.97	42.18
9.4	86.37	72.84	42.12
9.6	86.29	73.68	42.07
9.8	86.2	74.4	42.02
10.0	85.92	74.65	41.99
10.2	85.61	74.66	41.97
10.4	85.37	74.56	41.96
10.6	85.29	74.41	41.95
10.8	85.85	74.46	41.94
11.0	86.53	74.53	41.93
11.2	87.21	74.59	41.91
11.4	87.79	74.65	41.9
11.6	87.68	74.56	41.88
11.8	87.41	74.49	41.87
12.0	87.17	74.51	41.85
12.2	87.11	74.72	41.84
12.4	87.54	75.3	41.83
12.6	88.15	76.0	41.81
12.8	88.9	76.75	41.8
13.0	89.81	77.6	41.78
13.2	90.81	78.42	41.77
13.4	91.73	79.0	41.75
13.6	92.46	79.15	41.74
13.8	92.51	78.09	41.73
14.0	92.4	76.69	41.71
14.2	92.25	75.13	41.7
14.4	92.33	73.82	41.68
14.6	92.96	73.21	41.67
14.8	93.7	72.79	41.65
15.0	94.45	72.49	41.64
15.2	95.14	72.27	41.63
15.4	95.43	71.96	41.61
15.6	95.51	71.63	41.6
15.8	95.52	71.33	41.58
16.0	95.48	71.04	41.57
16.2	95.59	70.86	41.56
16.4	95.68	70.67	41.54
16.6	95.68	70.39	41.53
16.8	95.48	69.93	41.51
17.0	94.82	68.99	41.5
17.2	94.06	67.97	41.48
17.4	93.31	66.97	41.47
17.6	92.79	66.21	41.46
17.8	92.73	65.91	41.44
18.0	92.78	65.78	41.43
18.2	92.87	65.81	41.41
18.4	92.94	65.96	41.4
18.6	92.71	66.14	41.38
18.8	92.37	66.4	41.37
19.0	91.98	66.74	41.36
19.2	91.55	67.17	41.34
19.4	91.08	67.72	41.33
19.6	90.62	68.34	41.31
19.8	90.21	68.95	41.3
20.0	89.91	69.51	41.28
20.2	89.9	69.98	41.27
20.4	89.96	70.32	41.26
20.6	90.04	70.46	41.25
20.8	90.0	70.17	41.24
21.0	89.81	69.47	41.23
21.2	89.64	68.69	41.23
21.4	89.53	67.98	41.22
21.6	89.74	67.85	41.22
21.8	90.11	68.09	41.21
22.0	90.5	68.45	41.2
22.2	90.82	68.87	41.2
22.4	90.81	69.08	41.19
22.6	90.54	69.14	41.19
22.8	90.23	69.25	41.18
23.0	89.94	69.46	41.17
23.2	89.85	70.11	41.17
23.4	89.87	70.87	41.16
23.6	89.94	71.56	41.16
23.8	90.01	71.9	41.15
24.0	90.05	71.62	41.15
24.2	90.12	71.19	41.14
24.4	90.24	70.71	41.13
24.6	90.56	70.55	41.13
24.8	90.97	70.62	41.12
25.0	91.35	70.72	41.12
25.2	91.63	70.78	41.11
25.4	91.47	70.49	41.1
25.6	91.13	70.1	41.1
25.8	90.73	69.74	41.09
26.0	90.35	69.5	41.09
26.2	90.2	69.68	41.08
26.4	90.13	70.0	41.07
26.6	90.17	70.4	41.06
26.8	90.37	70.84	41.07
27.0	90.73	71.27	41.08
27.2	91.14	71.67	41.1
27.4	91.52	71.97	41.12
27.6	91.73	72.1	41.14
27.8	91.84	72.07	41.17
28.0	91.9	71.88	41.2
28.2	91.9	71.47	41.23
28.4	91.84	70.67	41.25
28.6	91.76	69.82	41.28
28.8	91.68	69.01	41.31
29.0	91.68	68.47	41.33
29.2	91.85	68.47	41.35
29.4	91.99	68.65	41.38
29.6	92.04	68.93	41.4
29.8	91.9	69.25	41.42
30.0	91.18	69.3	41.44
30.2	90.41	69.46	41.47
30.4	89.68	69.77	41.49
30.6	89.25	70.51	41.52
30.8	89.24	71.8	41.54
31.0	89.4	73.08	41.57
31.2	89.7	74.17	41.59
31.4	90.08	74.31	41.62
31.6	90.51	74.01	41.65
31.8	90.98	73.53	41.68
32.0	91.47	73.1	41.7
32.2	91.96	73.09	41.73
32.4	92.39	73.11	41.76
32.6	92.71	73.1	41.78
32.8	92.82	72.93	41.81
33.0	92.55	72.35	41.83
33.2	92.15	71.76	41.85
33.4	91.69	71.23	41.88
33.6	91.21	70.93	41.9
33.8	90.77	71.09	41.92
34.0	90.42	71.41	41.93
34.2	90.2	71.85	41.95
34.4	90.35	72.44	41.95
34.6	90.8	73.08	41.95
34.8	91.3	73.62	41.95
35.0	91.75	73.95	41.95
35.2	91.74	73.54	41.94
35.4	91.58	72.84	41.94
35.6	91.37	72.01	41.94
35.8	91.16	71.2	41.93
36.0	91.29	70.86	41.93
36.2	91.44	70.62	41.93
36.4	91.54	70.45	41.93
36.6	91.54	70.32	41.92
36.8	91.07	70.0	41.92
37.0	90.5	69.73	41.92
37.2	89.93	69.59	41.91
37.4	89.52	69.7	41.91
37.6	89.52	70.27	41.91
37.8	89.6	70.98	41.91
38.0	89.69	71.72	41.9
38.2	89.6	72.35	41.9
38.4	89.37	72.83	41.9
38.6	89.11	73.18	41.89
38.8	88.87	73.37	41.89
39.0	88.82	73.12	41.89
39.2	88.82	72.72	41.89
39.4	88.82	72.28	41.88
39.6	88.79	71.9	41.88
39.8	88.52	71.92	41.88
40.0	88.2	72.11	41.87
40.2	87.89	72.41	41.87
40.4	87.63	72.83	41.87
40.6	87.68	73.45	41.86
40.8	87.8	74.12	41.86
41.0	87.88	74.7	41.86
41.2	87.76	75.06	41.86
41.4	87.18	74.95	41.85
41.6	86.57	74.7	41.85
41.8	86.06	74.37	41.85
42.0	86.04	74.15	41.84
42.2	86.37	74.0	41.84
42.4	86.86	73.89	41.84
42.6	87.41	73.81	41.84
42.8	87.98	73.86	41.83
43.0	88.46	73.92	41.83
43.2	88.78	73.95	41.83
43.4	88.84	73.91	41.82
43.6	88.03	73.55	41.82
43.8	87.07	73.16	41.82
44.0	86.13	72.83	41.81
44.2	85.53	72.72	41.81
44.4	85.65	73.04	41.81
44.6	85.89	73.37	41.82
44.8	86.13	73.61	41.82
45.0	85.87	73.3	41.83
45.2	85.34	72.65	41.84
45.4	84.83	71.95	41.85
45.6	84.48	71.34	41.86
45.8	85.05	71.43	41.86
46.0	85.77	71.64	41.87
46.2	86.47	71.89	41.88
46.4	87.0	72.07	41.89
46.6	86.54	71.66	41.9
46.8	85.8	71.14	41.9
47.0	84.98	70.63	41.91
47.2	84.19	70.23	41.92
47.4	84.0	70.44	41.93
47.6	83.92	70.77	41.94
47.8	83.88	71.12	41.94
48.0	83.74	71.35	41.95
48.2	83.37	71.29	41.96
48.4	82.99	71.13	41.97
48.6	82.63	70.88	41.98
48.8	82.45	70.52	41.99
49.0	82.44	70.09	42.0
49.2	82.48	69.68	42.01
49.4	82.51	69.36	42.01
49.6	82.45	69.32	42.02
49.8	82.27	69.57	42.03
50.0	82.05	69.94	42.04
50.2	81.78	70.36	42.05
50.4	81.47	70.7	42.05
50.6	81.09	70.9	42.06
50.8	80.74	71.16	42.07
51.0	80.45	71.54	42.08
51.2	80.37	72.3	42.08
51.4	80.42	73.3	42.09
51.6	80.47	74.26	42.1
51.8	80.44	75.0	42.11
52.0	80.08	75.1	42.12
52.2	79.7	75.03	42.13
52.4	79.39	74.89	42.14
52.6	79.46	74.96	42.15
52.8	79.89	75.25	42.15
53.0	80.33	75.51	42.16
53.2	80.65	75.68	42.17
53.4	80.29	75.38	42.18
53.6	79.59	74.85	42.19
53.8	78.87	74.38	42.19
54.0	78.35	74.12	42.2
54.2	78.55	74.58	42.21
54.4	78.93	75.23	42.21
54.6	79.36	75.96	42.22
54.8	79.6	76.63	42.22
55.0	79.68	77.18	42.22
55.2	79.73	77.57	42.21
55.4	79.82	77.65	42.2
55.6	80.01	77.25	42.19
55.8	80.23	76.66	42.18
56.0	80.47	75.95	42.16
56.2	80.76	75.3	42.15
56.4	81.06	74.71	42.13
56.6	81.32	74.14	42.12
56.8	81.49	73.59	42.1
57.0	81.33	73.1	42.09
57.2	81.09	72.66	42.07
57.4	80.88	72.28	42.06
57.6	80.87	71.98	42.05
57.8	81.19	71.76	42.03
58.0	81.55	71.59	42.02
58.2	81.9	71.47	42.0
58.4	81.93	71.47	41.99
58.6	81.88	71.44	41.98
58.8	81.82	71.3	41.96
59.0	81.88	70.77	41.95
59.2	82.09	69.8	41.93
59.4	82.35	68.78	41.92
59.6	82.65	67.85	41.9
59.8	83.03	67.52	41.89
60.0	83.43	67.64	41.88
60.2	83.75	67.89	41.86
60.4	83.95	68.16	41.85
60.6	83.77	68.1	41.83
60.8	83.35	67.83	41.82
61.0	82.86	67.55	41.81
61.2	82.39	67.34	41.79
61.4	82.2	67.41	41.78
61.6	82.1	67.59	41.76
61.8	82.08	67.84	41.75
62.0	82.13	68.15	41.74
62.2	82.23	68.49	41.73
62.4	82.36	68.78	41.73
62.6	82.5	68.97	41.73
62.8	82.6	68.8	41.73
63.0	82.69	68.45	41.73
63.2	82.75	68.03	41.73
63.4	82.78	67.62	41.73
63.6	82.77	67.4	41.73
63.8	82.72	67.27	41.73
64.0	82.65	67.21	41.73
64.2	82.56	67.24	41.73
64.4	82.41	67.32	41.73
64.6	82.28	67.51	41.73
64.8	82.18	67.85	41.73
65.0	82.23	68.46	41.73
65.2	82.46	69.39	41.73
65.4	82.67	70.32	41.73
65.6	82.78	71.12	41.73
65.8	82.45	71.42	41.73
66.0	82.02	71.45	41.73
66.2	81.57	71.26	41.73
66.4	81.34	70.78	41.73
66.6	81.31	70.08	41.72
66.8	81.36	69.32	41.72
67.0	81.47	68.6	41.72
67.2	81.62	68.19	41.72
67.4	81.78	67.95	41.72
67.6	81.92	67.86	41.72
67.8	82.02	67.92	41.72
68.0	81.99	68.35	41.72
68.2	81.88	68.89	41.72
68.4	81.71	69.45	41.72
68.6	81.46	69.93	41.72
68.8	81.05	69.96	41.72
69.0	80.59	69.81	41.72
69.2	80.14	69.6	41.72
69.4	79.74	69.41	41.72
69.6	79.55	69.47	41.72
69.8	79.47	69.62	41.72
70.0	79.46	69.8	41.72
70.2	79.5	69.99	41.72
70.4	79.58	70.18	41.72
70.6	79.68	70.3	41.72
70.8	79.75	70.28	41.72
71.0	79.71	69.9	41.7
71.2	79.57	69.19	41.68
71.4	79.43	68.43	41.66
71.6	79.32	67.71	41.63
71.8	79.43	67.38	41.61
72.0	79.66	67.33	41.58
72.2	79.87	67.4	41.56
72.4	80.01	67.57	41.54
72.6	79.82	67.79	41.51
72.8	79.41	68.03	41.49
73.0	78.98	68.28	41.47
73.2	78.58	68.53	41.44
73.4	78.68	69.06	41.42
73.6	78.79	69.41	41.4
73.8	78.76	69.38	41.37
74.0	78.19	68.39	41.35
74.2	76.9	66.18	41.33
74.4	75.46	63.64	41.3
74.6	74.06	61.05	41.28
74.8	73.58	59.53	41.26
75.0	73.77	58.86	41.23
75.2	74.22	58.63	41.21
75.4	74.82	58.8	41.19
75.6	75.47	59.31	41.16
75.8	75.97	60.1	41.14
76.0	75.68	61.11	41.12
76.2	75.31	62.31	41.09
76.4	74.92	63.63	41.07
76.6	74.54	65.03	41.05
76.8	74.28	66.44	41.03
77.0	74.24	67.77	41.0
77.2	74.3	69.06	40.98
77.4	74.47	70.28	40.96
77.6	74.79	71.43	40.93
77.8	75.31	72.49	40.91
78.0	75.85	73.38	40.89
78.2	76.36	74.03	40.86
78.4	76.64	74.22	40.84
78.6	76.68	73.98	40.82
78.8	76.7	73.57	40.79
79.0	76.73	73.07	40.77
79.2	77.08	72.84	40.75
79.4	77.57	72.7	40.72
79.6	78.04	72.54	40.7
79.8	78.43	72.31	40.68
80.0	78.58	72.0	40.65
80.2	78.5	71.55	40.63
80.4	78.24	70.88	40.61
80.6	77.79	69.93	40.58
80.8	76.9	68.2	40.56
81.0	75.84	66.16	40.55
81.2	74.79	64.07	40.53
81.4	73.85	62.11	40.52
81.6	73.85	61.17	40.51
81.8	74.21	60.69	40.5
82.0	74.75	60.56	40.5
82.2	75.4	60.74	40.5
82.4	76.06	61.17	40.5
82.6	76.51	61.82	40.5
82.8	76.39	62.65	40.49
83.0	76.18	63.59	40.49
83.2	75.92	64.62	40.49
83.4	75.65	65.68	40.48
83.6	75.39	66.71	40.48
83.8	75.14	67.58	40.48
84.0	75.0	68.42	40.48
84.2	75.03	69.24	40.47
84.4	75.37	70.03	40.46
84.6	76.35	70.8	40.45
84.8	77.35	71.54	40.43
85.0	78.22	72.25	40.41
85.2	78.42	72.98	40.39
85.4	77.69	73.73	40.36
85.6	76.79	74.38	40.34
85.8	75.9	74.89	40.31
86.0	75.49	75.11	40.28
86.2	75.78	74.99	40.25
86.4	76.22	74.7	40.22
86.6	76.74	74.3	40.2
86.8	77.1	73.82	40.17
87.0	77.32	73.31	40.14
87.2	77.47	72.77	40.11
87.4	77.55	72.23	40.09
87.6	77.43	71.77	40.06
87.8	77.28	71.34	40.03
88.0	77.15	70.93	40.0
88.2	77.14	70.55	39.98
88.4	77.55	70.19	39.95
88.6	78.02	69.87	39.92
88.8	78.51	69.57	39.89
89.0	78.94	69.32	39.87
89.2	79.06	69.07	39.84
89.4	78.96	68.86	39.81
89.6	78.76	68.72	39.78
89.8	78.51	68.66	39.76
90.0	78.23	68.78	39.73
90.2	77.97	69.13	39.69
90.4	77.73	69.49	39.66
90.6	77.52	69.79	39.64
90.8	77.41	69.8	39.64
91.0	77.41	69.51	39.67
91.2	77.46	69.15	39.7
91.4	77.57	68.8	39.75
91.6	77.78	68.67	39.78
91.8	78.04	68.71	39.82
92.0	78.3	68.83	39.85
92.2	78.51	69.0	39.88
92.4	78.54	69.14	39.92
92.6	78.42	69.26	39.95
92.8	78.24	69.43	39.98
93.0	78.05	69.67	40.01
93.2	77.88	70.07	40.04
93.4	77.76	70.61	40.07
93.6	77.69	71.21	40.11
93.8	77.66	71.84	40.14
94.0	77.79	72.53	40.17
94.2	77.96	73.17	40.21
94.4	78.13	73.67	40.25
94.6	78.2	73.86	40.28
94.8	78.14	73.7	40.32
95.0	78.08	73.39	40.36
95.2	78.02	73.0	40.39
95.4	78.15	72.72	40.43
95.6	78.33	72.46	40.46
95.8	78.48	72.16	40.49
96.0	78.55	71.81	40.53
96.2	78.25	71.19	40.56
96.4	77.86	70.55	40.59
96.6	77.47	70.02	40.62
96.8	77.16	69.72	40.66
97.0	77.18	70.02	40.69
97.2	77.27	70.47	40.72
97.4	77.36	70.98	40.76
97.6	77.36	71.36	40.8
97.8	77.24	71.55	40.83
98.0	77.09	71.62	40.87
98.2	76.92	71.54	40.91
98.4	76.83	71.1	40.94
98.6	76.74	70.51	40.98
98.8	76.64	69.87	41.01
99.0	76.51	69.26	41.05
99.2	76.29	68.85	41.08
99.4	76.03	68.55	41.11
99.6	75.76	68.38	41.14
99.8	75.49	68.39	41.17
100.0	75.2	68.72	41.21
100.2	74.94	69.16	41.24
100.4	74.74	69.65	41.26
100.6	74.67	70.09	41.28
100.8	74.74	70.46	41.28
101.0	74.83	70.76	41.26
101.2	74.91	70.99	41.23
101.4	74.82	71.05	41.16
101.6	74.7	71.03	41.08
101.8	74.57	70.95	40.99
102.0	74.52	70.83	40.9
102.2	74.55	70.68	40.81
102.4	74.58	70.54	40.73
102.6	74.58	70.44	40.65
102.8	74.43	70.45	40.56
103.0	74.19	70.55	40.48
103.2	73.93	70.69	40.4
103.4	73.67	70.85	40.31
103.6	73.49	70.95	40.21
103.8	73.33	71.09	40.12
104.0	73.2	71.29	40.05
104.2	73.13	71.78	40.03
104.4	73.1	72.44	40.05
104.6	73.03	73.01	40.09
104.8	72.89	73.31	40.15
105.0	72.44	72.65	40.21
105.2	71.96	71.76	40.28
105.4	71.51	70.8	40.35
105.6	71.29	70.12	40.42
105.8	71.49	70.05	40.48
106.0	71.75	70.11	40.54
106.2	71.99	70.25	40.59
106.4	72.05	70.34	40.64
106.6	71.67	70.19	40.7
106.8	71.21	70.03	40.76
107.0	70.71	69.89	40.82
107.2	70.33	69.85	40.88
107.4	70.08	69.93	40.94
107.6	69.88	70.06	41.01
107.8	69.69	70.22	41.07
108.0	69.47	70.44	41.14
108.2	69.25	70.65	41.21
108.4	69.06	70.81	41.27
108.6	68.88	70.77	41.34
108.8	68.72	70.41	41.4
109.0	68.61	70.07	41.46
109.2	68.56	69.86	41.51
109.4	68.67	70.22	41.57
109.6	68.94	71.18	41.63
109.8	69.2	72.15	41.68
110.0	69.39	72.94	41.74
110.2	69.33	72.92	41.8
110.4	69.12	72.45	41.87
110.6	68.85	71.79	41.93
110.8	68.58	71.13	42.0
111.0	68.35	70.6	42.06
111.2	68.16	70.08	42.12
111.4	68.05	69.59	42.18
111.6	68.17	69.02	42.25
111.8	68.37	68.55	42.31
112.0	68.57	68.29	42.36
112.2	68.63	68.56	42.4
112.4	68.47	69.53	42.41
112.6	68.25	70.55	42.4
112.8	67.98	71.4	42.38
113.0	67.73	71.18	42.34
113.2	67.5	70.49	42.29
113.4	67.29	69.63	42.23
113.6	67.15	68.83	42.16
113.8	67.15	68.54	42.11
114.0	67.18	68.36	42.06
114.2	67.24	68.26	42.0
114.4	67.28	68.23	41.95
114.6	67.21	68.06	41.89
114.8	67.1	67.91	41.84
115.0	66.96	67.87	41.78
115.2	66.81	67.99	41.73
115.4	66.65	68.5	41.67
115.6	66.49	69.37	41.62
115.8	66.36	70.31	41.56
116.0	66.25	71.2	41.51
116.2	66.24	71.76	41.45
116.4	66.28	72.09	41.4
116.6	66.37	72.29	41.35
116.8	66.5	72.39	41.29
117.0	66.69	72.44	41.24
117.2	66.9	72.42	41.18
117.4	67.08	72.32	41.13
117.6	67.22	72.17	41.07
117.8	67.13	71.78	41.02
118.0	67.0	71.41	40.96
118.2	66.87	71.14	40.91
118.4	66.76	71.05	40.85
118.6	66.8	71.61	40.8
118.8	66.91	72.33	40.74
119.0	67.06	73.08	40.69
119.2	67.29	73.84	40.63
119.4	67.65	74.57	40.57
119.6	67.93	74.85	40.51
119.8	68.07	74.45	40.47
120.0	67.65	72.13	40.45
120.2	66.97	68.87	40.45
120.4	66.23	65.27	40.46
120.6	65.59	61.84	40.47
120.8	65.67	60.31	40.48
121.0	65.93	59.35	40.48
121.2	66.33	58.9	40.48
121.4	66.79	58.87	40.49
121.6	67.26	59.21	40.49
121.8	67.59	59.8	40.49
122.0	67.55	60.5	40.5
122.2	67.45	61.39	40.5
122.4	67.31	62.42	40.5
122.6	67.16	63.56	40.5
122.8	67.01	64.77	40.51
123.0	66.9	66.05	40.51
123.2	66.82	67.28	40.51
123.4	66.78	68.38	40.51
123.6	66.81	69.22	40.51
123.8	66.94	69.62	40.51
124.0	67.13	69.87	40.5
124.2	67.41	70.03	40.5
124.4	67.8	70.26	40.49
124.6	68.31	70.62	40.49
124.8	68.85	70.95	40.48
125.0	69.36	71.22	40.48
125.2	69.74	71.36	40.47
125.4	69.92	71.32	40.46
125.6	70.06	71.2	40.46
125.8	70.22	71.0	40.45
126.0	70.54	70.9	40.45
126.2	71.07	70.92	40.44
126.4	71.55	70.66	40.44
126.6	71.88	69.95	40.43
126.8	71.68	67.94	40.43
127.0	71.13	65.09	40.42
127.2	70.46	62.02	40.42
127.4	69.78	59.0	40.41
127.6	69.64	57.4	40.41
127.8	69.83	56.75	40.4
128.0	70.14	56.59	40.4
128.2	70.51	56.85	40.39
128.4	70.89	57.42	40.38
128.6	71.24	58.22	40.38
128.8	71.23	58.98	40.37
129.0	71.04	59.77	40.37
129.2	70.81	60.65	40.36
129.4	70.56	61.58	40.36
129.6	70.31	62.54	40.35
129.8	70.12	63.46	40.35
130.0	69.96	64.35	40.34
130.2	69.85	65.2	40.34
130.4	69.8	66.0	40.33
130.6	69.89	66.75	40.32
130.8	70.07	67.42	40.3
131.0	70.29	67.99	40.28
131.2	70.52	68.44	40.27
131.4	70.7	68.68	40.25
131.6	70.82	68.69	40.23
131.8	70.9	68.61	40.21
132.0	70.96	68.48	40.2
132.2	70.99	68.37	40.18
132.4	70.94	68.4	40.16
132.6	70.89	68.45	40.15
132.8	70.86	68.53	40.13
133.0	70.89	68.66	40.11
133.2	71.02	68.87	40.1
133.4	71.19	69.06	40.08
133.6	71.39	69.2	40.06
133.8	71.56	69.18	40.05
134.0	71.72	68.99	40.03
134.2	71.88	68.71	40.01
134.4	72.05	68.36	39.99
134.6	72.25	67.92	39.98
134.8	72.49	67.4	39.96
135.0	72.7	66.9	39.94
135.2	72.88	66.47	39.93
135.4	72.99	66.15	39.91
135.6	72.84	66.21	39.89
135.8	72.66	66.39	39.88
136.0	72.49	66.68	39.86
136.2	72.37	67.04	39.84
136.4	72.46	67.41	39.83
136.6	72.66	67.81	39.81
136.8	72.93	68.25	39.79
137.0	73.25	68.74	39.78
137.2	73.6	69.39	39.76
137.4	73.97	70.03	39.75
137.6	74.33	70.58	39.74
137.8	74.66	70.95	39.72
138.0	74.91	70.96	39.71
138.2	75.12	70.77	39.7
138.4	75.27	70.39	39.69
138.6	75.36	69.78	39.67
138.8	75.34	68.81	39.66
139.0	75.29	67.82	39.65
139.2	75.24	66.95	39.64
139.4	75.25	66.49	39.62
139.6	75.36	66.75	39.61
139.8	75.48	67.18	39.6
140.0	75.58	67.64	39.59
140.2	75.6	67.84	39.58
140.4	75.53	67.74	39.56
140.6	75.43	67.51	39.55
140.8	75.32	67.17	39.54
141.0	75.23	66.63	39.53
141.2	75.15	65.98	39.52
141.4	75.07	65.33	39.5
141.6	74.98	64.76	39.49
141.8	74.92	64.48	39.48
142.0	74.89	64.55	39.47
142.2	74.82	64.75	39.45
142.4	74.71	65.03	39.44
142.6	74.52	65.37	39.43
142.8	74.11	65.67	39.42
143.0	73.64	65.96	39.41
143.2	73.18	66.22	39.39
143.4	72.78	66.42	39.38
143.6	72.59	66.46	39.37
143.8	72.46	66.44	39.36
144.0	72.39	66.39	39.34
144.2	72.35	66.29	39.33
144.4	72.28	66.09	39.32
144.6	72.25	65.96	39.31
144.8	72.23	65.96	39.3
145.0	72.26	66.17	39.28
145.2	72.36	67.07	39.27
145.4	72.48	68.15	39.26
145.6	72.61	69.28	39.25
145.8	72.72	70.39	39.23
146.0	72.79	71.18	39.22
146.2	72.81	71.81	39.21
146.4	72.8	72.29	39.2
146.6	72.72	72.59	39.19
146.8	72.57	72.69	39.17
147.0	72.4	72.62	39.16
147.2	72.22	72.36	39.15
147.4	72.09	71.74	39.14
147.6	71.99	70.99	39.12
147.8	71.91	70.24	39.11
148.0	71.87	69.64	39.1
148.2	71.9	69.49	39.08
148.4	71.94	69.53	39.06
148.6	71.98	69.72	39.05
148.8	72.0	70.08	39.07
149.0	71.97	70.65	39.11
149.2	71.92	71.22	39.17
149.4	71.85	71.71	39.23
149.6	71.78	71.82	39.28
149.8	71.7	71.66	39.34
150.0	71.59	71.39	39.39
150.2	71.47	71.07	39.44
150.4	71.31	70.84	39.48
150.6	71.12	70.66	39.53
150.8	70.92	70.5	39.58
151.0	70.71	70.36	39.62
151.2	70.48	70.18	39.67
151.4	70.25	70.03	39.71
151.6	70.06	69.99	39.76
151.8	69.93	70.1	39.81
152.0	70.01	70.75	39.86
152.2	70.12	71.46	39.91
152.4	70.21	72.07	39.96
152.6	70.16	72.22	40.02
152.8	69.92	71.78	40.08
153.0	69.66	71.2	40.14
153.2	69.43	70.63	40.19
153.4	69.43	70.51	40.24
153.6	69.63	70.79	40.29
153.8	69.86	71.18	40.33
154.0	70.06	71.63	40.37
154.2	70.14	72.02	40.41
154.4	69.85	72.11	40.46
154.6	69.54	72.21	40.51
154.8	69.26	72.35	40.55
155.0	69.12	72.62	40.59
155.2	69.26	73.11	40.62
155.4	69.48	73.67	40.64
155.6	69.77	74.24	40.67
155.8	70.05	74.75	40.69
156.0	70.33	75.21	40.71
156.2	70.63	75.6	40.73
156.4	70.92	75.93	40.75
156.6	71.26	76.12	40.77
156.8	71.59	76.23	40.79
157.0	71.85	76.27	40.81
157.2	72.02	76.23	40.83
157.4	71.9	76.11	40.85
157.6	71.68	75.95	40.87
157.8	71.45	75.76	40.89
158.0	71.29	75.57	40.91
158.2	71.37	75.38	40.93
158.4	71.55	75.23	40.95
158.6	71.8	75.14	40.97
158.8	72.16	75.24	40.99
159.0	72.6	75.48	41.01
159.2	73.03	75.69	41.03
159.4	73.43	75.79	41.05
159.6	73.59	75.33	41.07
159.8	73.67	74.72	41.09
160.0	73.71	74.09	41.11
160.2	73.76	73.61	41.13
160.4	73.97	73.86	41.15
160.6	74.15	74.08	41.17
160.8	74.26	74.1	41.19
161.0	74.21	73.52	41.21
161.2	73.87	71.82	41.23
161.4	73.48	69.89	41.26
161.6	73.08	67.95	41.29
161.8	72.89	66.68	41.31
162.0	72.87	66.0	41.33
162.2	72.89	65.6	41.35
162.4	72.9	65.42	41.37
162.6	72.84	65.41	41.39
162.8	72.56	65.56	41.41
163.0	72.2	65.75	41.43
163.2	71.79	65.92	41.45
163.4	71.32	66.0	41.47
163.6	70.76	65.61	41.49
163.8	70.16	64.91	41.51
164.0	69.57	64.19	41.54
164.2	69.02	63.54	41.56
164.4	68.59	63.14	41.58
164.6	68.48	63.43	41.6
164.8	68.45	63.95	41.62
165.0	68.45	64.66	41.64
165.2	68.45	65.51	41.65
165.4	68.41	66.48	41.66
165.6	68.06	67.32	41.68
165.8	67.68	68.26	41.7
166.0	67.32	69.34	41.71
166.2	67.01	70.58	41.71
166.4	66.89	72.26	41.7
166.6	66.86	74.05	41.68
166.8	66.89	75.81	41.66
167.0	66.97	77.4	41.62
167.2	67.09	78.56	41.57
167.4	67.23	79.48	41.51
167.6	67.38	80.13	41.44
167.8	67.52	80.47	41.38
168.0	67.63	80.47	41.32
168.2	67.74	80.21	41.26
168.4	67.84	79.72	41.2
168.6	68.01	79.13	41.14
168.8	68.2	78.4	41.08
169.0	68.33	77.38	41.02
169.2	68.37	76.0	40.96
169.4	68.08	73.71	40.91
169.6	67.65	71.07	40.85
169.8	67.19	68.34	40.8
170.0	66.75	65.73	40.75
170.2	66.8	64.48	40.72
170.4	66.98	63.68	40.7
170.6	67.23	63.28	40.69
170.8	67.51	63.21	40.68
171.0	67.8	63.42	40.67
171.2	68.04	63.85	40.66
171.4	67.99	64.48	40.65
171.6	67.83	65.22	40.63
171.8	67.63	65.99	40.62
172.0	67.41	66.7	40.6
172.2	67.17	67.3	40.59
172.4	66.95	67.39	40.58
172.6	66.74	67.34	40.56
172.8	66.55	67.23	40.55
173.0	66.38	67.11	40.53
173.2	66.31	67.23	40.52
173.4	66.28	67.42	40.5
173.6	66.26	67.6	40.49
173.8	66.25	67.75	40.47
174.0	66.22	67.77	40.46
174.2	66.18	67.66	40.44
174.4	66.11	67.5	40.43
174.6	65.99	67.33	40.41
174.8	65.81	67.2	40.4
175.0	65.52	67.21	40.38
175.2	65.19	67.18	40.37
175.4	64.85	67.05	40.36
175.6	64.53	66.61	40.34
175.8	64.25	65.73	40.33
176.0	63.99	64.78	40.31
176.2	63.76	63.85	40.3
176.4	63.56	63.05	40.28
176.6	63.46	63.03	40.27
176.8	63.39	63.32	40.25
177.0	63.33	63.76	40.24
177.2	63.26	64.3	40.22
177.4	63.16	64.85	40.21
177.6	62.91	65.23	40.19
177.8	62.58	65.45	40.18
178.0	62.24	65.62	40.16
178.2	61.9	65.71	40.15
178.4	61.6	65.7	40.14
178.6	61.4	65.45	40.12
178.8	61.24	65.2	40.11
179.0	61.14	65.02	40.1
179.2	61.08	64.96	40.09
179.4	61.17	65.44	40.08
179.6	61.33	66.19	40.07
179.8	61.5	67.06	40.06
180.0	61.65	67.98	40.05
180.2	61.74	68.87	40.05
180.4	61.55	69.5	40.04
180.6	61.31	70.03	40.03
180.8	61.1	70.51	40.02
181.0	60.95	70.94	40.01
181.2	61.13	71.68	40.0
181.4	61.43	72.33	39.99
181.6	61.73	72.59	39.99
181.8	61.94	72.22	39.98
182.0	61.77	70.22	39.97
182.2	61.52	67.76	39.96
182.4	61.24	65.12	39.95
182.6	61.05	62.99	39.94
182.8	61.12	62.12	39.93
183.0	61.25	61.69	39.92
183.2	61.44	61.64	39.92
183.4	61.64	61.91	39.91
183.6	61.86	62.43	39.9
183.8	61.99	63.11	39.89
184.0	61.98	63.84	39.88
184.2	61.96	64.68	39.87
184.4	61.96	65.59	39.86
184.6	61.98	66.55	39.86
184.8	62.05	67.54	39.85
185.0	62.27	68.67	39.84
185.2	62.51	69.63	39.83
185.4	62.74	70.33	39.82
185.6	62.97	70.64	39.81
185.8	63.08	69.96	39.8
186.0	63.17	68.95	39.79
186.2	63.26	67.73	39.79
186.4	63.37	66.44	39.78
186.6	63.57	65.35	39.77
186.8	63.78	64.35	39.76
187.0	64.0	63.47	39.75
187.2	64.22	62.75	39.74
187.4	64.42	62.46	39.73
187.6	64.59	62.54	39.72
187.8	64.74	62.77	39.7
188.0	64.86	63.09	39.7
188.2	64.95	63.45	39.7
188.4	64.99	63.74	39.71
188.6	65.0	63.96	39.73
188.8	64.98	64.09	39.75
189.0	64.92	64.1	39.79
189.2	64.8	63.8	39.84
189.4	64.65	63.23	39.91
189.6	64.48	62.61	39.97
189.8	64.33	61.99	40.04
190.0	64.26	61.54	40.11
190.2	64.33	61.44	40.16
190.4	64.43	61.47	40.21
190.6	64.55	61.62	40.26
190.8	64.65	61.89	40.3
191.0	64.72	62.27	40.34
191.2	64.6	62.79	40.39
191.4	64.48	63.36	40.43
191.6	64.36	63.97	40.48
191.8	64.28	64.58	40.53
192.0	64.28	65.12	40.58
192.2	64.38	65.58	40.63
192.4	64.53	66.03	40.68
192.6	64.71	66.48	40.74
192.8	64.89	67.0	40.79
193.0	65.08	67.6	40.85
193.2	65.29	68.16	40.9
193.4	65.53	68.66	40.96
193.6	65.85	69.0	41.01
193.8	66.23	69.15	41.06
194.0	66.62	69.2	41.11
194.2	67.0	69.15	41.16
194.4	67.34	68.97	41.22
194.6	67.58	68.65	41.27
194.8	67.82	68.35	41.32
195.0	68.06	68.11	41.37
195.2	68.35	68.2	41.42
195.4	68.71	68.66	41.47
195.6	69.06	69.1	41.52
195.8	69.38	69.38	41.56
196.0	69.63	69.11	41.58
196.2	69.81	68.43	41.58
196.4	69.93	67.51	41.58
196.6	69.98	66.4	41.56
196.8	69.9	65.0	41.55
197.0	69.77	63.55	41.53
197.2	69.61	62.16	41.51
197.4	69.46	60.92	41.49
197.6	69.42	60.26	41.47
197.8	69.6	60.49	41.45
198.0	69.79	61.01	41.43
198.2	69.97	61.71	41.41
198.4	70.1	62.52	41.39
198.6	70.15	63.33	41.37
198.8	69.94	63.88	41.35
199.0	69.53	64.18	41.33
199.2	69.06	64.4	41.31
199.4	68.57	64.53	41.29
199.6	68.09	64.53	41.27
199.8	67.68	64.24	41.25
200.0	67.3	63.93	41.23
200.2	66.98	63.63	41.21
200.4	66.71	63.43	41.2
200.6	66.65	63.77	41.18
200.8	66.67	64.32	41.16
201.0	66.7	64.91	41.14
201.2	66.69	65.45	41.12
201.4	66.61	65.87	41.1
201.6	66.19	65.57	41.08
201.8	65.71	65.21	41.06
202.0	65.22	64.89	41.04
202.2	64.76	64.7	41.02
202.4	64.55	65.31	41.0
202.6	64.39	66.04	40.98
202.8	64.19	66.63	40.96
203.0	63.87	66.75	40.94
203.2	63.27	65.86	40.93
203.4	62.63	64.69	40.91
203.6	61.99	63.39	40.89
203.8	61.54	62.29	40.87
204.0	61.47	61.76	40.85
204.2	61.51	61.44	40.83
204.4	61.61	61.31	40.81
204.6	61.72	61.37	40.79
204.8	61.81	61.6	40.77
205.0	61.63	62.05	40.75
205.2	61.32	62.66	40.73
205.4	60.98	63.39	40.71
205.6	60.64	64.21	40.69
205.8	60.31	65.09	40.67
206.0	60.07	66.13	40.66
206.2	59.87	67.12	40.64
206.4	59.71	68.01	40.62
206.6	59.59	68.72	40.6
206.8	59.54	68.75	40.58
207.0	59.55	68.53	40.56
207.2	59.59	68.23	40.54
207.4	59.67	67.97	40.52
207.6	59.79	68.21	40.5
207.8	59.93	68.83	40.48
208.0	60.09	69.48	40.46
208.2	60.22	70.07	40.44
208.4	60.31	70.4	40.42
208.6	60.26	70.07	40.4
208.8	60.22	69.64	40.39
209.0	60.22	69.22	40.37
209.2	60.34	69.05	40.35
209.4	60.69	69.45	40.33
209.6	61.08	69.87	40.31
209.8	61.46	70.18	40.29
210.0	61.68	70.0	40.27
210.2	61.73	69.31	40.26
210.4	61.74	68.4	40.24
210.6	61.74	67.34	40.23
210.8	61.84	66.2	40.22
211.0	62.02	65.04	40.21
211.2	62.23	63.94	40.2
211.4	62.46	62.95	40.19
211.6	62.69	62.15	40.18
211.8	62.88	61.99	40.16
212.0	63.06	62.12	40.15
212.2	63.24	62.44	40.14
212.4	63.4	62.9	40.13
212.6	63.54	63.44	40.12
212.8	63.67	64.09	40.11
213.0	63.77	64.74	40.1
213.2	63.87	65.27	40.09
213.4	63.96	65.61	40.07
213.6	64.05	65.39	40.06
213.8	64.14	64.68	40.05
214.0	64.23	63.84	40.04
214.2	64.32	62.99	40.03
214.4	64.42	62.4	40.02
214.6	64.54	62.4	40.01
214.8	64.66	62.55	40.0
215.0	64.77	62.83	39.99
215.2	64.87	63.17	39.97
215.4	64.93	63.52	39.96
215.6	64.96	63.83	39.95
215.8	64.97	64.09	39.93
216.0	64.95	64.3	39.92
216.2	64.91	64.41	39.92
216.4	64.8	64.18	39.92
216.6	64.66	63.8	39.93
216.8	64.53	63.4	39.95
217.0	64.44	63.03	39.96
217.2	64.47	62.84	39.98
217.4	64.65	62.92	39.99
217.6	64.89	63.12	40.01
217.8	65.15	63.43	40.02
218.0	65.41	63.85	40.03
218.2	65.63	64.35	40.05
218.4	65.7	64.91	40.06
218.6	65.77	65.55	40.07
218.8	65.85	66.28	40.08
219.0	65.96	67.1	40.09
219.2	66.14	68.16	40.11
219.4	66.39	69.36	40.12
219.6	66.71	70.44	40.12
219.8	67.09	71.31	40.12
220.0	67.59	71.53	40.1
220.2	68.16	71.39	40.08
220.4	68.77	71.05	40.04
220.6	69.41	70.6	40.0
220.8	70.01	70.29	39.96
221.0	70.61	69.95	39.91
221.2	71.19	69.62	39.85
221.4	71.76	69.29	39.8
221.6	72.27	69.0	39.75
221.8	72.74	68.75	39.7
222.0	73.19	68.53	39.65
222.2	73.62	68.35	39.59
222.4	74.04	68.24	39.54
222.6	74.51	68.45	39.49
222.8	74.94	68.58	39.44
223.0	75.34	68.54	39.39
223.2	75.67	68.21	39.34
223.4	75.82	66.8	39.29
223.6	75.92	65.18	39.24
223.8	76.02	63.52	39.18
224.0	76.13	61.99	39.13
224.2	76.53	61.51	39.08
224.4	77.05	61.65	39.03
224.6	77.59	62.1	38.98
224.8	78.1	62.77	38.93
225.0	78.54	63.57	38.88
225.2	78.78	64.39	38.83
225.4	78.62	65.03	38.78
225.6	78.42	65.67	38.72
225.8	78.24	66.3	38.67
226.0	78.15	66.89	38.62
226.2	78.38	67.41	38.57
226.4	78.71	67.88	38.52
226.6	79.1	68.29	38.47
226.8	79.53	68.63	38.42
227.0	79.95	68.86	38.37
227.2	80.37	69.05	38.31
227.4	80.79	69.22	38.26
227.6	81.17	69.39	38.21
227.8	81.48	69.71	38.16
228.0	81.75	70.0	38.11
228.2	81.98	70.2	38.06
228.4	82.17	70.28	38.01
228.6	82.28	70.04	37.94
228.8	82.35	69.64	37.88
229.0	82.41	69.14	37.83
229.2	82.45	68.55	37.8
229.4	82.61	68.08	37.84
229.6	82.73	67.52	37.9
229.8	82.78	66.82	37.98
230.0	82.7	65.89	38.07
230.2	82.27	64.32	38.18
230.4	81.74	62.66	38.29
230.6	81.17	61.02	38.41
230.8	80.6	59.55	38.53
231.0	80.36	58.91	38.62
231.2	80.3	58.84	38.69
231.4	80.29	59.1	38.76
231.6	80.3	59.64	38.82
231.8	80.3	60.42	38.88
232.0	80.24	61.4	38.94
232.2	79.92	62.64	39.02
232.4	79.55	63.94	39.09
232.6	79.17	65.19	39.17
232.8	78.79	66.32	39.25
233.0	78.45	67.08	39.34
233.2	78.14	67.55	39.43
233.4	77.87	67.83	39.52
233.6	77.67	67.9	39.62
233.8	77.61	67.63	39.71
234.0	77.62	67.2	39.81
234.2	77.66	66.73	39.9
234.4	77.7	66.29	39.99
234.6	77.64	66.24	40.09
234.8	77.54	66.33	40.18
235.0	77.43	66.48	40.27
235.2	77.32	66.64	40.36
235.4	77.28	66.61	40.45
235.6	77.29	66.44	40.53
235.8	77.27	66.28	40.61
236.0	77.19	66.17	40.69
236.2	76.99	66.22	40.76
236.4	76.52	66.7	40.83
236.6	75.99	67.2	40.89
236.8	75.44	67.63	40.94
237.0	74.92	67.87	40.97
237.2	74.59	67.65	40.98
237.4	74.28	67.22	40.98
237.6	73.97	66.6	40.98
237.8	73.59	65.76	40.97
238.0	73.06	64.62	40.97
238.2	72.51	63.43	40.97
238.4	71.96	62.27	40.97
238.6	71.44	61.23	40.97
238.8	71.11	60.78	40.97
239.0	70.9	60.74	40.97
239.2	70.73	60.94	40.97
239.4	70.59	61.38	40.98
239.6	70.46	62.01	40.98
239.8	70.31	62.82	40.98
240.0	69.97	63.9	40.98
240.2	69.64	65.06	40.98
240.4	69.33	66.25	40.98
240.6	69.07	67.42	40.98
240.8	68.93	68.42	40.98
241.0	68.9	69.27	40.98
241.2	68.92	70.02	40.98
241.4	68.96	70.66	40.98
241.6	68.98	71.13	40.98
241.8	69.0	71.47	40.98
242.0	69.03	71.73	40.98
242.2	69.05	71.94	40.98
242.4	69.07	72.21	40.98
242.6	69.08	72.48	40.98
242.8	69.08	72.68	40.98
243.0	69.08	72.78	40.98
243.2	69.09	72.72	40.98
243.4	69.1	72.49	40.98
243.6	69.07	72.12	40.98
243.8	69.0	71.59	40.98
244.0	68.81	70.84	40.98
244.2	68.54	69.92	40.98
244.4	68.25	68.88	40.98
244.6	67.93	67.76	40.98
244.8	67.67	66.46	40.98
245.0	67.42	65.14	40.99
245.2	67.19	63.89	40.99
245.4	66.97	62.76	40.99
245.6	66.78	61.93	40.99
245.8	66.64	61.78	40.99
246.0	66.51	61.89	40.99
246.2	66.4	62.22	40.99
246.4	66.29	62.71	40.99
246.6	66.19	63.34	40.99
246.8	66.06	64.03	40.99
247.0	65.9	64.71	40.99
247.2	65.75	65.43	40.99
247.4	65.59	66.18	40.99
247.6	65.44	66.92	40.99
247.8	65.31	67.64	40.99
248.0	65.22	68.32	41.0
248.2	65.12	68.94	41.0
248.4	65.01	69.47	41.0
248.6	64.88	69.88	40.99
248.8	64.66	70.08	40.96
249.0	64.44	70.2	40.92
249.2	64.26	70.24	40.87
249.4	64.17	70.22	40.83
249.6	64.26	70.15	40.78
249.8	64.38	70.09	40.72
250.0	64.52	70.08	40.67
250.2	64.64	70.15	40.61
250.4	64.59	70.56	40.56
250.6	64.5	71.07	40.51
250.8	64.37	71.63	40.45
251.0	64.22	72.19	40.4
251.2	64.12	72.82	40.34
251.4	64.09	73.53	40.28
251.6	64.01	73.99	40.23
251.8	63.84	74.08	40.18
252.0	63.5	73.48	40.14
252.2	62.85	71.71	40.12
252.4	62.15	69.65	40.12
252.6	61.47	67.5	40.12
252.8	61.04	65.95	40.14
253.0	60.97	65.27	40.17
253.2	61.02	64.93	40.2
253.4	61.16	64.87	40.24
253.6	61.34	65.03	40.29
253.8	61.53	65.36	40.34
254.0	61.51	65.67	40.37
254.2	61.39	66.0	40.41
254.4	61.24	66.41	40.44
254.6	61.07	66.89	40.48
254.8	60.9	67.41	40.52
255.0	60.74	67.98	40.55
255.2	60.6	68.59	40.59
255.4	60.46	69.18	40.63
255.6	60.32	69.72	40.67
255.8	60.17	70.14	40.71
256.0	59.96	70.24	40.76
256.2	59.77	70.3	40.81
256.4	59.62	70.4	40.85
256.6	59.52	70.59	40.9
256.8	59.65	71.41	40.94
257.0	59.83	72.3	40.98
257.2	60.02	73.18	41.02
257.4	60.21	73.95	41.05
257.6	60.26	74.15	41.09
257.8	60.22	73.95	41.13
258.0	60.16	73.7	41.17
258.2	60.1	73.53	41.21
258.4	60.12	73.94	41.25
258.6	60.19	74.78	41.29
258.8	60.27	75.51	41.32
259.0	60.34	75.95	41.34
259.2	60.34	75.19	41.34
259.4	60.32	73.92	41.32
259.6	60.3	72.49	41.29
259.8	60.32	71.16	41.24
260.0	60.45	70.67	41.17
260.2	60.61	70.4	41.08
260.4	60.78	70.31	40.99
260.6	60.95	70.35	40.89
260.8	61.06	70.39	40.8
261.0	61.13	70.44	40.71
261.2	61.16	70.54	40.62
261.4	61.16	70.67	40.53
261.6	61.1	70.82	40.45
261.8	60.94	70.93	40.36
262.0	60.77	71.06	40.27
262.2	60.63	71.24	40.18
262.4	60.6	71.57	40.1
262.6	60.78	72.22	40.01
262.8	60.97	72.73	39.92
263.0	61.1	72.93	39.83
263.2	60.99	72.22	39.74
263.4	60.6	70.48	39.66
263.6	60.14	68.51	39.57
263.8	59.69	66.56	39.48
264.0	59.51	65.44	39.39
264.2	59.69	65.49	39.3
264.4	59.95	65.94	39.21
264.6	60.24	66.67	39.12
264.8	60.48	67.56	39.04
265.0	60.59	68.46	38.92
265.2	60.27	68.99	38.65
265.4	59.92	69.56	38.48
265.6	59.58	70.16	38.49
265.8	59.34	70.84	38.5
266.0	59.31	71.72	38.52
266.2	59.35	72.56	38.53
266.4	59.44	73.3	38.54
266.6	59.55	73.69	38.55
266.8	59.67	73.75	38.56
267.0	59.8	73.68	38.57
267.2	59.91	73.53	38.59
267.4	59.99	73.5	38.6
267.6	60.03	73.53	38.61
267.8	60.05	73.53	38.62
268.0	60.06	73.5	38.63
268.2	60.06	73.32	38.64
268.4	60.05	73.1	38.66
268.6	60.05	72.89	38.67
268.8	60.06	72.76	38.68
269.0	60.18	73.19	38.69
269.2	60.28	73.5	38.7
269.4	60.32	73.49	38.71
269.6	60.17	72.63	38.73
269.8	59.76	70.45	38.74
270.0	59.27	67.92	38.75
270.2	58.76	65.29	38.76
270.4	58.43	63.29	38.77
270.6	58.4	62.49	38.78
270.8	58.46	62.13	38.8
271.0	58.58	62.16	38.81
271.2	58.72	62.53	38.82
271.4	58.86	63.17	38.83
271.6	58.89	64.09	38.84
271.8	58.79	65.21	38.85
272.0	58.66	66.41	38.87
272.2	58.5	67.59	38.88
272.4	58.32	68.69	38.89
272.6	58.11	69.48	38.9
272.8	57.9	69.96	38.91
273.0	57.68	70.28	38.92
273.2	57.47	70.44	38.94
273.4	57.29	70.38	38.95
273.6	57.14	70.15	38.96
273.8	57.01	69.85	38.97
274.0	56.91	69.55	38.98
274.2	56.85	69.39	38.99
274.4	56.85	69.42	39.01
274.6	56.85	69.51	39.02
274.8	56.85	69.64	39.03
275.0	56.83	69.8	39.04
275.2	56.74	69.95	39.05
275.4	56.63	70.1	39.06
275.6	56.53	70.27	39.08
275.8	56.43	70.44	39.09
276.0	56.36	70.64	39.1
276.2	56.3	70.82	39.11
276.4	56.25	70.94	39.12
276.6	56.24	70.95	39.13
276.8	56.24	70.84	39.15
277.0	56.25	70.66	39.16
277.2	56.25	70.42	39.17
277.4	56.22	70.08	39.18
277.6	56.15	69.66	39.19
277.8	56.06	69.24	39.2
278.0	55.97	68.88	39.22
278.2	55.88	68.64	39.23
278.4	55.79	68.73	39.24
278.6	55.71	68.89	39.25
278.8	55.64	69.09	39.26
279.0	55.59	69.29	39.27
279.2	55.59	69.4	39.29
279.4	55.61	69.44	39.3
279.6	55.61	69.4	39.31
279.8	55.6	69.25	39.32
280.0	55.48	68.68	39.33
280.2	55.34	68.07	39.34
280.4	55.2	67.52	39.36
280.6	55.08	67.13	39.42
280.8	55.08	67.55	39.4
281.0	55.13	68.27	39.38
281.2	55.18	69.1	39.4
281.4	55.24	69.94	39.43
281.6	55.26	70.53	39.45
281.8	55.21	70.6	39.46
282.0	55.15	70.62	39.46
282.2	55.11	70.66	39.46
282.4	55.11	70.85	39.47
282.6	55.18	71.43	39.47
282.8	55.28	72.05	39.48
283.0	55.39	72.65	39.48
283.2	55.49	73.07	39.48
283.4	55.57	73.26	39.49
283.6	55.65	73.33	39.49
283.8	55.74	73.29	39.5
284.0	55.84	73.13	39.5
284.2	55.97	72.86	39.51
284.4	56.1	72.53	39.51
284.6	56.21	72.14	39.51
284.8	56.28	71.68	39.52
285.0	56.3	71.14	39.52
285.2	56.32	70.68	39.52
285.4	56.34	70.33	39.53
285.6	56.45	70.4	39.53
285.8	56.65	70.93	39.55
286.0	56.82	71.43	39.57
286.2	56.91	71.77	39.59
286.4	56.7	71.3	39.64
286.6	56.31	70.3	39.69
286.8	55.9	69.15	39.74
287.0	55.54	68.0	39.8
287.2	55.65	67.42	39.84
287.4	55.93	67.1	39.89
287.6	56.28	66.96	39.93
287.8	56.64	67.0	39.97
