0.2	101.89	74.9	44.16
0.4	102.22	74.58	44.16
0.6	102.41	74.16	44.16
0.8	102.47	73.66	44.16
1.0	102.41	73.09	44.16
1.2	102.27	72.47	44.16
1.4	102.06	71.8	44.16
1.6	101.8	71.1	44.16
1.8	101.5	70.4	44.16
2.0	101.21	69.69	44.16
2.2	101.05	68.99	44.16
2.4	100.89	68.32	44.16
2.6	100.69	67.69	44.16
2.8	100.45	67.11	44.16
3.0	100.08	66.62	44.16
3.2	99.5	66.25	44.16
3.4	98.87	65.96	44.16
3.6	98.21	65.74	44.16
3.8	97.57	65.58	44.16
4.0	96.95	65.44	44.16
4.2	96.38	65.28	44.16
4.4	95.92	65.21	44.15
4.6	95.62	65.26	44.15
4.8	95.51	65.45	44.16
5.0	95.8	65.89	44.17
5.2	96.47	66.57	44.18
5.4	97.31	67.42	44.19
5.6	98.25	68.41	44.21
5.8	99.26	69.53	44.23
6.0	100.26	71.13	44.26
6.2	101.21	72.69	44.28
6.4	102.07	74.07	44.31
6.6	102.77	75.14	44.33
6.8	103.03	75.1	44.36
7.0	103.08	74.6	44.39
7.2	103.0	73.84	44.42
7.4	102.85	72.95	44.44
7.6	102.77	72.31	44.47
7.8	102.77	71.89	44.49
8.0	102.73	71.53	44.52
8.2	102.66	71.22	44.54
8.4	102.54	70.96	44.57
8.6	102.21	70.71	44.59
8.8	101.81	70.51	44.62
9.0	101.4	70.36	44.64
9.2	101.01	70.26	44.66
9.4	100.68	70.22	44.68
9.6	100.63	70.28	44.71
9.8	100.68	70.41	44.73
10.0	100.76	70.58	44.75
10.2	100.85	70.81	44.77
10.4	100.87	71.1	44.77
10.6	100.71	71.49	44.77
10.8	100.54	71.88	44.75
11.0	100.36	72.25	44.71
11.2	100.21	72.56	44.65
11.4	100.23	72.69	44.54
11.6	100.29	72.73	44.4
11.8	100.35	72.68	44.25
12.0	100.39	72.56	44.09
12.2	100.33	72.34	43.93
12.4	100.14	72.02	43.79
12.6	99.91	71.68	43.64
12.8	99.67	71.34	43.49
13.0	99.42	71.02	43.35
13.2	99.27	70.88	43.2
13.4	99.16	70.83	43.06
13.6	99.03	70.81	42.91
13.8	98.89	70.8	42.76
14.0	98.72	70.79	42.62
14.2	98.36	70.65	42.46
14.4	97.95	70.48	42.3
14.6	97.53	70.31	42.15
14.8	97.13	70.15	42.01
15.0	96.78	70.02	41.89
15.2	96.54	69.99	41.78
15.4	96.39	70.0	41.7
15.6	96.34	70.07	41.65
15.8	96.39	70.17	41.62
16.0	96.56	70.31	41.63
16.2	96.98	70.37	41.71
16.4	97.51	70.5	41.83
16.6	98.12	70.75	41.96
16.8	98.79	71.16	42.11
17.0	99.52	71.94	42.26
17.2	100.27	73.3	42.4
17.4	101.01	74.66	42.54
17.6	101.7	75.87	42.68
17.8	102.31	76.76	42.83
18.0	102.75	76.42	42.97
18.2	103.08	75.76	43.12
18.4	103.29	74.9	43.27
18.6	103.37	73.95	43.41
18.8	103.25	73.4	43.56
19.0	102.97	73.13	43.71
19.2	102.57	72.91	43.85
19.4	102.07	72.69	44.0
19.6	101.49	72.43	44.14
19.8	100.76	71.8	44.28
20.0	100.0	71.11	44.42
20.2	99.25	70.4	44.56
20.4	98.55	69.72	44.69
20.6	97.95	69.13	44.82
20.8	97.61	68.76	44.97
21.0	97.42	68.52	45.11
21.2	97.36	68.43	45.24
21.4	97.44	68.49	45.35
21.6	97.68	68.73	45.44
21.8	98.25	69.34	45.49
22.0	98.9	70.07	45.51
22.2	99.56	70.89	45.52
22.4	100.19	71.74	45.51
22.6	100.59	72.57	45.51
22.8	100.79	73.35	45.5
23.0	100.89	74.04	45.49
23.2	100.88	74.58	45.47
23.4	100.77	74.9	45.46
23.6	100.54	74.76	45.44
23.8	100.24	74.47	45.43
24.0	99.89	74.05	45.42
24.2	99.51	73.57	45.4
24.4	99.06	73.12	45.39
24.6	98.6	72.72	45.38
24.8	98.2	72.34	45.36
25.0	97.9	72.0	45.35
25.2	97.73	71.74	45.34
25.4	97.99	71.6	45.32
25.6	98.43	71.57	45.31
25.8	98.97	71.63	45.3
26.0	99.58	71.81	45.28
26.2	100.22	72.15	45.27
26.4	100.84	72.74	45.26
26.6	101.44	73.37	45.24
26.8	101.98	73.97	45.23
27.0	102.44	74.49	45.22
27.2	102.71	74.6	45.2
27.4	102.87	74.58	45.19
27.6	102.92	74.47	45.18
27.8	102.87	74.3	45.16
28.0	102.69	74.21	45.15
28.2	102.37	74.2	45.14
28.4	102.0	74.16	45.12
28.6	101.59	74.04	45.11
28.8	101.18	73.83	45.1
29.0	100.83	73.25	45.08
29.2	100.53	72.52	45.07
29.4	100.28	71.77	45.06
29.6	100.07	71.08	45.04
29.8	99.93	70.54	45.03
30.0	99.9	70.43	45.02
30.2	99.93	70.45	45.01
30.4	100.02	70.59	44.99
30.6	100.16	70.81	44.98
30.8	100.43	71.14	44.95
31.0	100.74	71.5	44.92
31.2	101.01	71.83	44.88
31.4	101.19	72.05	44.84
31.6	101.11	71.96	44.8
31.8	100.7	71.47	44.76
32.0	100.19	70.89	44.71
32.2	99.63	70.28	44.66
32.4	99.07	69.71	44.61
32.6	98.59	69.44	44.56
32.8	98.21	69.35	44.51
33.0	97.94	69.38	44.47
33.2	97.82	69.53	44.42
33.4	97.94	69.82	44.37
33.6	98.6	70.44	44.32
33.8	99.38	71.08	44.27
34.0	100.17	71.67	44.22
34.2	100.91	72.12	44.18
34.4	101.29	72.07	44.14
34.6	101.46	71.75	44.12
34.8	101.47	71.3	44.1
35.0	101.32	70.75	44.08
35.2	100.93	70.21	44.07
35.4	100.34	69.7	44.08
35.6	99.67	69.19	44.08
35.8	98.96	68.68	44.09
36.0	98.27	68.2	44.1
36.2	97.74	67.75	44.1
36.4	97.3	67.35	44.1
36.6	96.96	67.02	44.11
36.8	96.73	66.79	44.11
37.0	96.62	66.66	44.12
37.2	96.79	66.72	44.12
37.4	97.07	66.91	44.12
37.6	97.43	67.25	44.13
37.8	97.86	67.72	44.13
38.0	98.31	68.46	44.13
38.2	98.76	69.44	44.14
38.4	99.22	70.45	44.14
38.6	99.68	71.44	44.15
38.8	100.14	72.25	44.15
39.0	100.59	72.75	44.16
39.2	100.99	73.11	44.16
39.4	101.32	73.33	44.17
39.6	101.56	73.43	44.17
39.8	101.6	73.36	44.17
40.0	101.52	73.2	44.18
40.2	101.33	72.95	44.18
40.4	101.04	72.65	44.19
40.6	100.57	72.31	44.19
40.8	99.93	71.97	44.2
41.0	99.25	71.63	44.2
41.2	98.58	71.29	44.2
41.4	97.96	70.98	44.21
41.6	97.51	70.7	44.21
41.8	97.25	70.46	44.22
42.0	97.12	70.31	44.22
42.2	97.12	70.26	44.22
42.4	97.28	70.34	44.23
42.6	97.8	70.8	44.23
42.8	98.47	71.4	44.23
43.0	99.17	72.04	44.23
43.2	99.81	72.64	44.23
43.4	100.23	73.07	44.23
43.6	100.39	73.26	44.22
43.8	100.4	73.36	44.22
44.0	100.28	73.35	44.21
44.2	99.98	73.25	44.2
44.4	99.45	73.05	44.19
44.6	98.86	72.78	44.18
44.8	98.27	72.46	44.18
45.0	97.76	72.1	44.17
45.2	97.54	71.67	44.16
45.4	97.57	71.22	44.15
45.6	97.73	70.81	44.14
45.8	98.0	70.49	44.13
46.0	98.37	70.3	44.13
46.2	98.92	70.6	44.12
46.4	99.5	70.98	44.11
46.6	100.06	71.39	44.1
46.8	100.57	71.76	44.09
47.0	100.87	71.87	44.09
47.2	101.0	71.78	44.08
47.4	101.01	71.57	44.07
47.6	100.9	71.23	44.06
47.8	100.66	70.73	44.06
48.0	100.22	70.01	44.05
48.2	99.71	69.23	44.04
48.4	99.15	68.43	44.03
48.6	98.59	67.68	44.02
48.8	98.06	67.12	44.02
49.0	97.61	66.79	44.01
49.2	97.23	66.58	44.0
49.4	96.96	66.48	43.99
49.6	96.81	66.49	43.98
49.8	96.95	66.64	43.97
50.0	97.31	66.89	43.96
50.2	97.76	67.2	43.95
50.4	98.29	67.56	43.95
50.6	98.85	67.95	43.94
50.8	99.39	68.37	43.95
51.0	99.9	68.75	43.96
51.2	100.36	69.06	43.98
51.4	100.74	69.25	43.99
51.6	100.9	69.14	44.01
51.8	100.94	68.88	44.02
52.0	100.9	68.52	44.04
52.2	100.76	68.07	44.05
52.4	100.55	67.54	44.07
52.6	100.28	66.96	44.08
52.8	99.95	66.4	44.1
53.0	99.58	65.87	44.11
53.2	99.19	65.42	44.13
53.4	98.76	65.3	44.14
53.6	98.33	65.3	44.15
53.8	97.9	65.37	44.17
54.0	97.51	65.5	44.18
54.2	97.16	65.65	44.19
54.4	96.87	65.68	44.21
54.6	96.64	65.72	44.22
54.8	96.51	65.79	44.23
55.0	96.49	65.9	44.24
55.2	96.63	66.07	44.26
55.4	97.02	66.34	44.27
55.6	97.49	66.64	44.28
55.8	98.01	66.96	44.28
56.0	98.54	67.29	44.27
56.2	98.97	67.61	44.25
56.4	99.35	67.91	44.21
56.6	99.69	68.18	44.16
56.8	99.97	68.4	44.11
57.0	100.17	68.56	44.06
57.2	100.3	68.64	44.0
57.4	100.33	68.65	43.94
57.6	100.28	68.58	43.88
57.8	100.11	68.43	43.82
58.0	99.65	67.92	43.76
58.2	99.08	67.33	43.7
58.4	98.5	66.8	43.64
58.6	97.97	66.41	43.58
58.8	97.56	66.32	43.52
59.0	97.51	67.01	43.45
59.2	97.58	67.91	43.39
59.4	97.79	68.92	43.33
59.6	98.11	69.96	43.27
59.8	98.58	70.85	43.23
60.0	99.2	71.48	43.21
60.2	99.85	72.03	43.2
60.4	100.5	72.5	43.19
60.6	101.09	72.89	43.2
60.8	101.47	73.2	43.22
61.0	101.76	73.43	43.25
61.2	101.98	73.57	43.28
61.4	102.13	73.61	43.32
61.6	102.21	73.48	43.35
61.8	102.22	73.24	43.38
62.0	102.16	72.95	43.41
62.2	102.03	72.63	43.44
62.4	101.81	72.31	43.47
62.6	101.48	72.1	43.5
62.8	101.08	71.91	43.52
63.0	100.65	71.73	43.55
63.2	100.2	71.57	43.58
63.4	99.71	71.38	43.6
63.6	99.19	71.11	43.63
63.8	98.72	70.89	43.66
64.0	98.33	70.76	43.68
64.2	98.06	70.76	43.71
64.4	98.02	71.04	43.73
64.6	98.27	71.66	43.76
64.8	98.65	72.38	43.78
65.0	99.15	73.17	43.81
65.2	99.73	73.96	43.84
65.4	100.47	74.69	43.87
65.6	101.23	75.33	43.89
65.8	101.95	75.88	43.92
66.0	102.56	76.29	43.95
66.2	102.83	76.39	43.98
66.4	102.83	76.24	44.01
66.6	102.71	75.98	44.04
66.8	102.51	75.65	44.07
67.0	102.33	75.34	44.1
67.2	102.28	75.15	44.12
67.4	102.2	74.96	44.15
67.6	102.07	74.77	44.18
67.8	101.88	74.58	44.21
68.0	101.5	74.37	44.24
68.2	101.01	74.15	44.26
68.4	100.48	73.91	44.29
68.6	99.93	73.66	44.31
68.8	99.39	73.37	44.33
69.0	98.87	72.99	44.34
69.2	98.42	72.62	44.34
69.4	98.07	72.31	44.35
69.6	97.85	72.09	44.35
69.8	97.93	72.08	44.35
70.0	98.26	72.26	44.36
70.2	98.71	72.54	44.36
70.4	99.22	72.91	44.37
70.6	99.76	73.37	44.37
70.8	100.28	73.93	44.38
71.0	100.75	74.51	44.39
71.2	101.16	75.07	44.39
71.4	101.44	75.54	44.4
71.6	101.41	75.77	44.4
71.8	101.29	75.93	44.41
72.0	101.1	76.02	44.42
72.2	100.88	76.08	44.42
72.4	100.74	76.14	44.43
72.6	100.63	76.2	44.43
72.8	100.57	76.27	44.44
73.0	100.55	76.35	44.44
73.2	100.63	76.46	44.45
73.4	100.85	76.63	44.46
73.6	101.1	76.83	44.46
73.8	101.35	77.07	44.47
74.0	101.59	77.34	44.47
74.2	101.78	77.79	44.48
74.4	101.9	78.24	44.48
74.6	101.94	78.63	44.49
74.8	101.86	78.89	44.5
75.0	101.52	78.78	44.5
75.2	100.94	78.28	44.51
75.4	100.27	77.66	44.52
75.6	99.57	76.97	44.52
75.8	98.89	76.26	44.53
76.0	98.37	75.71	44.53
76.2	97.96	75.26	44.53
76.4	97.64	74.93	44.53
76.6	97.44	74.75	44.54
76.8	97.37	74.76	44.55
77.0	97.57	75.3	44.58
77.2	97.87	75.94	44.6
77.4	98.27	76.62	44.63
77.6	98.72	77.26	44.67
77.8	99.23	77.62	44.71
78.0	99.75	77.77	44.76
78.2	100.24	77.81	44.81
78.4	100.65	77.75	44.86
78.6	100.85	77.61	44.91
78.8	100.86	77.4	44.95
79.0	100.77	77.12	45.0
79.2	100.61	76.78	45.05
79.4	100.38	76.38	45.09
79.6	100.08	75.89	45.14
79.8	99.79	75.4	45.18
80.0	99.54	74.95	45.23
80.2	99.34	74.58	45.27
80.4	99.36	74.51	45.31
80.6	99.5	74.58	45.36
80.8	99.72	74.69	45.4
81.0	100.01	74.81	45.44
81.2	100.37	74.81	45.49
81.4	100.8	74.65	45.53
81.6	101.22	74.46	45.58
81.8	101.6	74.29	45.63
82.0	101.88	74.18	45.67
82.2	101.92	74.24	45.72
82.4	101.88	74.34	45.77
82.6	101.79	74.46	45.82
82.8	101.65	74.59	45.86
83.0	101.54	74.69	45.91
83.2	101.43	74.75	45.96
83.4	101.31	74.78	46.0
83.6	101.17	74.77	46.05
83.8	101.0	74.66	46.09
84.0	100.79	74.38	46.14
84.2	100.58	74.08	46.18
84.4	100.4	73.77	46.22
84.6	100.24	73.48	46.26
84.8	100.1	73.25	46.31
85.0	100.01	73.09	46.36
85.2	100.03	73.04	46.4
85.4	100.17	73.14	46.44
85.6	100.51	73.49	46.47
85.8	101.19	74.29	46.49
86.0	101.98	75.17	46.51
86.2	102.85	76.03	46.51
86.4	103.74	76.71	46.49
86.6	104.57	76.92	46.45
86.8	105.38	77.02	46.39
87.0	106.12	77.07	46.32
87.2	106.79	77.26	46.25
87.4	107.36	77.75	46.17
87.6	107.81	78.19	46.1
87.8	108.12	78.48	46.02
88.0	108.22	78.36	45.94
88.2	108.09	77.66	45.86
88.4	107.81	76.75	45.79
88.6	107.41	75.72	45.71
88.8	106.91	74.69	45.64
89.0	106.32	73.81	45.56
89.2	105.7	72.99	45.48
89.4	105.09	72.24	45.41
89.6	104.52	71.58	45.33
89.8	104.16	71.08	45.25
90.0	103.92	70.7	45.18
90.2	103.76	70.45	45.1
90.4	103.67	70.32	45.02
90.6	103.68	70.37	44.95
90.8	103.77	70.64	44.86
91.0	103.88	70.96	44.79
91.2	104.0	71.3	44.73
91.4	104.06	71.56	44.7
91.6	104.02	71.63	44.71
91.8	103.92	71.62	44.74
92.0	103.79	71.52	44.79
92.2	103.61	71.33	44.83
92.4	103.44	70.97	44.86
92.6	103.23	70.54	44.89
92.8	102.96	70.06	44.92
93.0	102.65	69.55	44.95
93.2	102.17	69.04	44.98
93.4	101.55	68.56	45.01
93.6	100.94	68.11	45.04
93.8	100.38	67.74	45.07
94.0	99.93	67.46	45.09
94.2	99.84	67.33	45.12
94.4	99.91	67.33	45.15
94.6	100.09	67.48	45.17
94.8	100.37	67.79	45.2
95.0	100.72	68.4	45.23
95.2	101.11	69.3	45.26
95.4	101.54	70.25	45.29
95.6	101.98	71.19	45.32
95.8	102.43	71.98	45.35
96.0	102.86	72.5	45.38
96.2	103.23	72.87	45.41
96.4	103.51	73.08	45.44
96.6	103.66	73.1	45.47
96.8	103.54	72.78	45.5
97.0	103.29	72.33	45.53
97.2	102.92	71.82	45.56
97.4	102.44	71.29	45.6
97.6	101.81	70.93	45.63
97.8	101.1	70.66	45.66
98.0	100.37	70.43	45.69
98.2	99.66	70.25	45.71
98.4	99.0	70.08	45.74
98.6	98.46	69.84	45.77
98.8	98.04	69.69	45.8
99.0	97.78	69.66	45.83
99.2	97.7	69.8	45.85
99.4	97.96	70.27	45.87
99.6	98.5	71.02	45.89
99.8	99.21	71.91	45.9
100.0	100.05	72.91	45.9
100.2	101.02	74.04	45.89
100.4	102.09	75.25	45.85
100.6	103.15	76.4	45.81
100.8	104.13	77.43	45.75
101.0	104.91	78.17	45.69
101.2	105.46	78.59	45.62
101.4	105.83	78.78	45.55
101.6	106.01	78.74	45.47
101.8	105.89	78.36	45.4
102.0	105.48	77.67	45.33
102.2	104.94	76.87	45.26
102.4	104.35	76.05	45.19
102.6	103.78	75.35	45.12
102.8	103.37	74.99	45.04
103.0	103.02	74.75	44.97
103.2	102.75	74.62	44.9
103.4	102.57	74.6	44.83
103.6	102.58	74.74	44.76
103.8	102.71	74.96	44.68
104.0	102.93	75.23	44.61
104.2	103.22	75.5	44.54
104.4	103.61	75.68	44.49
104.6	104.06	75.77	44.45
104.8	104.5	75.85	44.42
105.0	104.9	75.95	44.39
105.2	105.18	76.17	44.38
105.4	105.31	76.51	44.37
105.6	105.32	76.81	44.37
105.8	105.19	77.0	44.37
106.0	104.84	76.9	44.37
106.2	104.24	76.44	44.37
106.4	103.54	75.85	44.37
106.6	102.8	75.17	44.37
106.8	102.05	74.45	44.36
107.0	101.45	73.78	44.36
107.2	100.9	73.15	44.36
107.4	100.43	72.61	44.36
107.6	100.06	72.18	44.35
107.8	99.84	72.01	44.35
108.0	99.78	72.11	44.35
108.2	99.82	72.34	44.35
108.4	99.94	72.67	44.34
108.6	100.11	73.07	44.34
108.8	100.35	73.57	44.34
109.0	100.61	74.06	44.34
109.2	100.85	74.48	44.33
109.4	101.06	74.76	44.33
109.6	101.15	74.59	44.33
109.8	101.15	74.19	44.33
110.0	101.1	73.72	44.33
110.2	100.99	73.22	44.32
110.4	100.81	72.9	44.32
110.6	100.57	72.85	44.32
110.8	100.29	72.83	44.32
111.0	99.98	72.81	44.31
111.2	99.65	72.73	44.31
111.4	99.21	72.29	44.31
111.6	98.78	71.73	44.31
111.8	98.43	71.2	44.3
112.0	98.19	70.76	44.3
112.2	98.18	70.56	44.3
112.4	98.52	70.8	44.3
112.6	99.04	71.19	44.29
112.8	99.69	71.69	44.29
113.0	100.47	72.26	44.29
113.2	101.37	72.85	44.29
113.4	102.34	73.44	44.28
113.6	103.36	74.0	44.28
113.8	104.41	74.5	44.27
114.0	105.55	74.96	44.24
114.2	106.63	75.27	44.21
114.4	107.54	75.37	44.17
114.6	108.2	75.18	44.14
114.8	108.14	74.16	44.1
115.0	107.86	72.96	44.07
115.2	107.45	71.73	44.04
115.4	107.01	70.62	44.01
115.6	107.01	70.38	43.97
115.8	107.06	70.39	43.94
116.0	107.12	70.56	43.91
116.2	107.13	70.82	43.88
116.4	106.96	71.02	43.84
116.6	106.63	71.13	43.81
116.8	106.24	71.23	43.78
117.0	105.81	71.32	43.75
117.2	105.37	71.38	43.71
117.4	104.93	71.41	43.68
117.6	104.53	71.39	43.65
117.8	104.17	71.3	43.62
118.0	103.93	71.04	43.58
118.2	103.85	70.51	43.54
118.4	103.83	70.02	43.51
118.6	103.86	69.65	43.48
118.8	103.94	69.72	43.46
119.0	104.05	70.4	43.46
119.2	104.14	71.14	43.47
119.4	104.18	71.77	43.48
119.6	104.09	71.8	43.51
119.8	103.85	71.24	43.53
120.0	103.54	70.5	43.57
120.2	103.15	69.7	43.6
120.4	102.67	69.15	43.63
120.6	102.12	68.84	43.66
120.8	101.57	68.61	43.69
121.0	101.04	68.45	43.72
121.2	100.66	68.32	43.75
121.4	100.45	68.23	43.78
121.6	100.26	68.16	43.81
121.8	100.07	68.13	43.84
122.0	99.82	68.11	43.87
122.2	99.34	68.11	43.9
122.4	98.81	68.12	43.93
122.6	98.26	68.13	43.96
122.8	97.69	68.14	43.99
123.0	97.14	68.1	44.02
123.2	96.64	68.05	44.05
123.4	96.18	67.99	44.08
123.6	95.79	67.94	44.11
123.8	95.49	67.91	44.14
124.0	95.32	67.93	44.16
124.2	95.27	67.97	44.18
124.4	95.33	68.03	44.21
124.6	95.51	68.11	44.24
124.8	95.9	68.21	44.29
125.0	96.45	68.32	44.34
125.2	97.06	68.46	44.41
125.4	97.69	68.62	44.47
125.6	98.28	68.87	44.54
125.8	98.79	69.22	44.62
126.0	99.23	69.52	44.69
126.2	99.58	69.73	44.77
126.4	99.8	69.74	44.85
126.6	99.81	69.3	44.93
126.8	99.71	68.73	45.0
127.0	99.5	68.07	45.08
127.2	99.2	67.38	45.16
127.4	98.77	66.81	45.24
127.6	98.28	66.3	45.31
127.8	97.76	65.86	45.38
128.0	97.26	65.48	45.45
128.2	96.81	65.19	45.52
128.4	96.5	65.06	45.59
128.6	96.26	65.02	45.66
128.8	96.11	65.07	45.72
129.0	96.05	65.21	45.77
129.2	96.1	65.43	45.8
129.4	96.26	65.72	45.81
129.6	96.52	66.1	45.81
129.8	96.86	66.57	45.8
130.0	97.3	67.16	45.79
130.2	97.88	68.05	45.79
130.4	98.5	68.93	45.8
130.6	99.13	69.73	45.8
130.8	99.74	70.37	45.8
131.0	100.24	70.35	45.8
131.2	100.67	70.1	45.8
131.4	101.03	69.76	45.8
131.6	101.31	69.39	45.8
131.8	101.5	69.33	45.8
132.0	101.59	69.46	45.8
132.2	101.6	69.61	45.8
132.4	101.52	69.73	45.8
132.6	101.32	69.71	45.8
132.8	100.94	69.38	45.8
133.0	100.54	69.0	45.81
133.2	100.15	68.64	45.81
133.4	99.83	68.33	45.81
133.6	99.76	68.3	45.81
133.8	99.84	68.42	45.81
134.0	100.02	68.61	45.81
134.2	100.3	68.86	45.81
134.4	100.72	69.12	45.81
134.6	101.24	69.37	45.81
134.8	101.81	69.66	45.81
135.0	102.37	70.02	45.81
135.2	102.89	70.55	45.8
135.4	103.32	71.25	45.78
135.6	103.67	71.93	45.77
135.8	103.93	72.49	45.75
136.0	104.04	72.73	45.73
136.2	103.98	72.56	45.72
136.4	103.8	72.2	45.7
136.6	103.5	71.67	45.68
136.8	103.07	71.0	45.67
137.0	102.45	70.16	45.65
137.2	101.76	69.29	45.64
137.4	101.04	68.46	45.62
137.6	100.32	67.75	45.6
137.8	99.69	67.41	45.59
138.0	99.16	67.36	45.57
138.2	98.71	67.49	45.55
138.4	98.36	67.76	45.54
138.6	98.15	68.15	45.52
138.8	98.15	68.71	45.51
139.0	98.29	69.33	45.49
139.2	98.55	69.96	45.48
139.4	98.93	70.56	45.46
139.6	99.57	70.98	45.43
139.8	100.28	71.3	45.4
140.0	100.99	71.55	45.37
140.2	101.6	71.73	45.34
140.4	101.86	71.8	45.31
140.6	101.94	71.83	45.27
140.8	101.89	71.83	45.24
141.0	101.74	71.84	45.2
141.2	101.52	72.04	45.17
141.4	101.24	72.29	45.13
141.6	100.91	72.52	45.1
141.8	100.55	72.67	45.06
142.0	100.15	72.58	45.03
142.2	99.72	72.24	44.99
142.4	99.33	71.85	44.96
142.6	98.98	71.45	44.92
142.8	98.72	71.1	44.89
143.0	98.62	70.96	44.85
143.2	98.64	70.93	44.82
143.4	98.79	71.03	44.79
143.6	99.07	71.27	44.75
143.8	99.62	71.84	44.72
144.0	100.39	72.66	44.68
144.2	101.21	73.48	44.65
144.4	102.0	74.21	44.61
144.6	102.64	74.57	44.58
144.8	103.05	74.48	44.54
145.0	103.33	74.17	44.51
145.2	103.46	73.7	44.47
145.4	103.41	73.08	44.44
145.6	103.07	72.36	44.4
145.8	102.63	71.57	44.37
146.0	102.11	70.76	44.34
146.2	101.58	69.96	44.3
146.4	101.12	69.24	44.27
146.6	100.75	68.61	44.23
146.8	100.45	68.08	44.2
147.0	100.25	67.68	44.16
147.2	100.17	67.45	44.13
147.4	100.34	67.53	44.09
147.6	100.61	67.74	44.05
147.8	100.95	68.06	44.02
148.0	101.35	68.48	43.99
148.2	101.84	69.0	43.98
148.4	102.32	69.54	43.97
148.6	102.74	70.07	43.98
148.8	103.04	70.54	43.98
149.0	102.97	70.77	44.0
149.2	102.71	70.87	44.01
149.4	102.34	70.88	44.03
149.6	101.9	70.82	44.04
149.8	101.45	70.7	44.06
150.0	101.02	70.53	44.07
150.2	100.62	70.33	44.09
150.4	100.3	70.12	44.1
150.6	100.08	69.92	44.11
150.8	100.08	69.78	44.13
151.0	100.23	69.66	44.14
151.2	100.5	69.58	44.16
151.4	100.87	69.52	44.17
151.6	101.49	69.58	44.19
151.8	102.28	69.71	44.2
152.0	103.01	69.83	44.22
152.2	103.58	69.87	44.23
152.4	103.74	69.78	44.25
152.6	103.19	69.44	44.26
152.8	102.4	68.98	44.28
153.0	101.45	68.4	44.29
153.2	100.41	67.72	44.31
153.4	99.59	66.85	44.33
153.6	98.88	65.87	44.34
153.8	98.19	64.88	44.36
154.0	97.51	63.92	44.37
154.2	96.85	63.05	44.39
154.4	96.04	62.38	44.4
154.6	95.26	61.88	44.41
154.8	94.56	61.57	44.43
155.0	93.99	61.5	44.44
155.2	93.58	61.68	44.45
155.4	93.61	62.52	44.46
155.6	93.82	63.59	44.48
155.8	94.19	64.79	44.49
156.0	94.66	66.05	44.5
156.2	95.24	67.25	44.51
156.4	95.88	68.27	44.52
156.6	96.55	69.18	44.53
156.8	97.2	69.96	44.54
157.0	97.79	70.54	44.55
157.2	98.24	70.75	44.56
157.4	98.59	70.82	44.57
157.6	98.85	70.77	44.58
157.8	99.0	70.65	44.59
158.0	98.89	70.63	44.61
158.2	98.67	70.6	44.62
158.4	98.4	70.51	44.63
158.6	98.1	70.36	44.64
158.8	97.87	70.04	44.65
159.0	97.76	69.51	44.66
159.2	97.68	68.98	44.67
159.4	97.64	68.49	44.68
159.6	97.64	68.11	44.69
159.8	97.68	68.15	44.7
160.0	97.76	68.4	44.71
160.2	97.89	68.73	44.72
160.4	98.05	69.08	44.73
160.6	98.28	69.37	44.74
160.8	98.61	69.44	44.75
161.0	98.94	69.47	44.76
161.2	99.26	69.49	44.77
161.4	99.55	69.49	44.78
161.6	99.69	69.65	44.79
161.8	99.76	69.81	44.8
162.0	99.78	69.91	44.81
162.2	99.75	69.92	44.82
162.4	99.7	69.73	44.83
162.6	99.64	69.3	44.84
162.8	99.52	68.75	44.85
163.0	99.36	68.1	44.86
163.2	99.15	67.35	44.87
163.4	98.73	66.41	44.88
163.6	98.24	65.41	44.89
163.8	97.77	64.45	44.9
164.0	97.35	63.57	44.91
164.2	97.03	62.84	44.92
164.4	97.05	62.58	44.93
164.6	97.18	62.48	44.94
164.8	97.43	62.54	44.95
165.0	97.77	62.73	44.96
165.2	98.24	63.07	44.96
165.4	98.8	63.53	44.97
165.6	99.37	64.0	44.97
165.8	99.93	64.44	44.96
166.0	100.39	64.74	44.95
166.2	100.69	64.8	44.92
166.4	100.91	64.77	44.9
166.6	101.05	64.63	44.87
166.8	101.1	64.42	44.84
167.0	101.05	64.12	44.81
167.2	100.92	63.75	44.78
167.4	100.71	63.33	44.76
167.6	100.41	62.87	44.73
167.8	99.97	62.32	44.7
168.0	99.46	61.75	44.68
168.2	98.9	61.19	44.65
168.4	98.32	60.69	44.62
168.6	97.75	60.28	44.6
168.8	97.23	60.1	44.57
169.0	96.76	60.04	44.54
169.2	96.35	60.09	44.52
169.4	96.02	60.24	44.49
169.6	95.78	60.5	44.46
169.8	95.75	60.86	44.43
170.0	95.82	61.31	44.41
170.2	95.98	61.84	44.38
170.4	96.22	62.43	44.35
170.6	96.53	63.13	44.33
170.8	96.93	63.92	44.31
171.0	97.35	64.72	44.28
171.2	97.79	65.49	44.27
171.4	98.2	66.19	44.25
171.6	98.53	66.72	44.25
171.8	98.82	67.14	44.25
172.0	99.07	67.44	44.26
172.2	99.25	67.61	44.27
172.4	99.33	67.56	44.27
172.6	99.35	67.37	44.27
172.8	99.33	67.08	44.27
173.0	99.26	66.7	44.28
173.2	99.18	66.22	44.28
173.4	99.09	65.66	44.28
173.6	98.98	65.09	44.29
173.8	98.85	64.55	44.29
174.0	98.71	64.08	44.29
174.2	98.56	63.88	44.29
174.4	98.4	63.82	44.3
174.6	98.23	63.84	44.3
174.8	98.07	63.89	44.3
175.0	97.92	63.97	44.31
175.2	97.83	63.99	44.31
175.4	97.74	64.0	44.31
175.6	97.65	63.98	44.31
175.8	97.54	63.92	44.32
176.0	97.35	63.74	44.32
176.2	97.02	63.34	44.32
176.4	96.7	62.96	44.33
176.6	96.45	62.66	44.33
176.8	96.3	62.51	44.33
177.0	96.44	62.77	44.33
177.2	96.84	63.4	44.34
177.4	97.34	64.17	44.34
177.6	97.9	65.03	44.34
177.8	98.48	65.93	44.35
178.0	99.0	66.78	44.35
178.2	99.49	67.58	44.36
178.4	99.96	68.26	44.36
178.6	100.38	68.8	44.37
178.8	100.72	68.93	44.37
179.0	101.0	68.91	44.38
179.2	101.22	68.75	44.38
179.4	101.36	68.51	44.39
179.6	101.38	68.23	44.39
179.8	101.33	67.93	44.4
180.0	101.22	67.61	44.4
180.2	101.05	67.31	44.41
180.4	100.84	67.13	44.41
180.6	100.61	67.08	44.42
180.8	100.33	67.03	44.42
181.0	100.01	66.98	44.43
181.2	99.64	66.89	44.43
181.4	99.16	66.56	44.44
181.6	98.65	66.17	44.44
181.8	98.13	65.78	44.45
182.0	97.62	65.42	44.45
182.2	97.16	65.15	44.45
182.4	96.78	65.07	44.46
182.6	96.48	65.1	44.46
182.8	96.26	65.21	44.47
183.0	96.13	65.43	44.47
183.2	96.17	65.78	44.48
183.4	96.4	66.28	44.48
183.6	96.7	66.83	44.49
183.8	97.06	67.37	44.49
184.0	97.43	67.87	44.48
184.2	97.78	68.2	44.46
184.4	98.1	68.45	44.43
184.6	98.38	68.62	44.4
184.8	98.6	68.69	44.37
185.0	98.65	68.58	44.34
185.2	98.58	68.34	44.3
185.4	98.45	68.05	44.27
185.6	98.25	67.74	44.23
185.8	98.01	67.44	44.19
186.0	97.67	67.22	44.16
186.2	97.35	67.06	44.12
186.4	97.07	66.97	44.08
186.6	96.89	66.97	44.05
186.8	96.92	67.16	44.01
187.0	97.22	67.56	43.98
187.2	97.61	68.01	43.94
187.4	98.08	68.46	43.9
187.6	98.59	68.87	43.87
187.8	99.09	69.05	43.83
188.0	99.58	69.15	43.8
188.2	100.05	69.17	43.76
188.4	100.47	69.13	43.72
188.6	100.84	69.11	43.69
188.8	101.13	69.02	43.65
189.0	101.31	68.83	43.62
189.2	101.36	68.51	43.58
189.4	101.16	67.83	43.54
189.6	100.75	66.9	43.51
189.8	100.23	65.89	43.47
190.0	99.66	64.88	43.44
190.2	99.08	63.96	43.4
190.4	98.6	63.42	43.36
190.6	98.16	63.01	43.33
190.8	97.76	62.73	43.29
191.0	97.41	62.56	43.26
191.2	97.15	62.52	43.22
191.4	97.01	62.58	43.19
191.6	96.95	62.74	43.15
191.8	96.96	62.99	43.11
192.0	97.04	63.34	43.08
192.2	97.27	63.86	43.04
192.4	97.61	64.5	43.01
192.6	97.95	65.14	42.97
192.8	98.27	65.72	42.93
193.0	98.5	66.17	42.9
193.2	98.49	66.28	42.86
193.4	98.39	66.25	42.83
193.6	98.22	66.11	42.79
193.8	97.99	65.88	42.75
194.0	97.68	65.51	42.72
194.2	97.33	65.06	42.68
194.4	96.99	64.61	42.65
194.6	96.7	64.21	42.61
194.8	96.49	63.89	42.57
195.0	96.54	63.93	42.53
195.2	96.69	64.07	42.48
195.4	96.92	64.26	42.44
195.6	97.24	64.49	42.42
195.8	97.66	64.63	42.42
196.0	98.16	64.71	42.45
196.2	98.68	64.81	42.5
196.4	99.18	64.95	42.54
196.6	99.63	65.23	42.59
196.8	99.98	65.69	42.64
197.0	100.27	66.14	42.68
197.2	100.48	66.53	42.72
197.4	100.62	66.76	42.77
197.6	100.67	66.62	42.81
197.8	100.63	66.34	42.85
198.0	100.5	65.94	42.9
198.2	100.29	65.44	42.94
198.4	99.93	64.83	42.98
198.6	99.45	64.17	43.02
198.8	98.92	63.51	43.06
199.0	98.37	62.9	43.1
199.2	97.8	62.38	43.14
199.4	97.28	62.23	43.18
199.6	96.79	62.22	43.22
199.8	96.36	62.3	43.26
200.0	95.99	62.45	43.3
200.2	95.74	62.62	43.34
200.4	95.66	62.72	43.38
200.6	95.68	62.84	43.42
200.8	95.76	63.0	43.46
201.0	95.9	63.19	43.5
201.2	96.12	63.47	43.54
201.4	96.38	63.82	43.58
201.6	96.63	64.17	43.63
201.8	96.84	64.5	43.67
202.0	96.94	64.78	43.71
202.2	96.74	64.87	43.75
202.4	96.46	64.93	43.8
202.6	96.14	64.94	43.84
202.8	95.81	64.94	43.88
203.0	95.54	64.91	43.92
203.2	95.36	64.87	43.96
203.4	95.24	64.88	44.0
203.6	95.2	64.96	44.04
203.8	95.26	65.17	44.07
204.0	95.52	65.69	44.11
204.2	95.93	66.43	44.14
204.4	96.41	67.24	44.18
204.6	96.96	68.08	44.22
204.8	97.55	68.88	44.26
205.0	98.16	69.51	44.32
205.2	98.77	70.09	44.37
205.4	99.37	70.63	44.43
205.6	99.93	71.15	44.49
205.8	100.42	71.75	44.55
206.0	100.85	72.28	44.61
206.2	101.2	72.7	44.67
206.4	101.46	72.97	44.72
206.6	101.5	72.82	44.78
206.8	101.44	72.46	44.84
207.0	101.32	72.02	44.9
207.2	101.17	71.55	44.96
207.4	101.07	71.24	45.01
207.6	101.05	71.14	45.07
207.8	101.04	71.07	45.13
208.0	101.03	70.98	45.18
208.2	101.03	70.85	45.23
208.4	100.98	70.38	45.29
208.6	100.92	69.83	45.35
208.8	100.88	69.33	45.4
209.0	100.87	68.93	45.45
209.2	100.93	68.84	45.48
209.4	101.07	69.16	45.51
209.6	101.25	69.58	45.53
209.8	101.45	70.05	45.53
210.0	101.7	70.49	45.52
210.2	102.0	70.78	45.49
210.4	102.28	70.98	45.45
210.6	102.49	71.08	45.4
210.8	102.57	71.05	45.35
211.0	102.34	70.79	45.3
211.2	102.01	70.41	45.24
211.4	101.62	69.91	45.18
211.6	101.2	69.31	45.12
211.8	100.86	68.53	45.07
212.0	100.57	67.69	45.01
212.2	100.3	66.85	44.95
212.4	100.06	66.1	44.9
212.6	99.89	65.56	44.84
212.8	99.79	65.38	44.78
213.0	99.72	65.32	44.73
213.2	99.65	65.34	44.67
213.4	99.58	65.42	44.61
213.6	99.43	65.51	44.56
213.8	99.26	65.6	44.5
214.0	99.08	65.65	44.44
214.2	98.87	65.63	44.39
214.4	98.64	65.37	44.33
214.6	98.4	64.95	44.27
214.8	98.14	64.49	44.22
215.0	97.86	64.04	44.16
215.2	97.56	63.64	44.1
215.4	97.16	63.55	44.05
215.6	96.76	63.54	43.99
215.8	96.37	63.58	43.93
216.0	96.01	63.68	43.88
216.2	95.7	63.77	43.82
216.4	95.48	63.78	43.76
216.6	95.32	63.83	43.71
216.8	95.24	63.91	43.65
217.0	95.23	64.06	43.59
217.2	95.35	64.34	43.53
217.4	95.62	64.76	43.47
217.6	95.92	65.23	43.41
217.8	96.25	65.74	43.35
218.0	96.56	66.27	43.31
218.2	96.75	66.81	43.28
218.4	96.89	67.32	43.27
218.6	96.99	67.78	43.27
218.8	97.05	68.17	43.27
219.0	97.02	68.37	43.28
219.2	96.91	68.36	43.28
219.4	96.79	68.28	43.29
219.6	96.68	68.17	43.3
219.8	96.6	68.06	43.31
220.0	96.71	68.07	43.32
220.2	96.89	68.15	43.33
220.4	97.1	68.3	43.33
220.6	97.32	68.53	43.34
220.8	97.51	68.86	43.35
221.0	97.56	69.41	43.36
221.2	97.6	70.01	43.37
221.4	97.64	70.64	43.38
221.6	97.7	71.26	43.39
221.8	97.89	71.81	43.39
222.0	98.13	72.29	43.4
222.2	98.38	72.67	43.41
222.4	98.6	72.93	43.42
222.6	98.72	72.97	43.43
222.8	98.7	72.72	43.44
223.0	98.63	72.37	43.45
223.2	98.56	71.96	43.45
223.4	98.48	71.55	43.46
223.6	98.52	71.32	43.47
223.8	98.6	71.17	43.48
224.0	98.68	71.04	43.49
224.2	98.75	70.9	43.5
224.4	98.8	70.73	43.5
224.6	98.77	70.46	43.51
224.8	98.71	70.18	43.52
225.0	98.62	69.88	43.52
225.2	98.5	69.58	43.53
225.4	98.32	69.28	43.53
225.6	98.12	68.99	43.54
225.8	97.91	68.73	43.54
226.0	97.72	68.49	43.55
226.2	97.54	68.31	43.55
226.4	97.41	68.21	43.56
226.6	97.31	68.15	43.56
226.8	97.27	68.14	43.56
227.0	97.29	68.16	43.57
227.2	97.41	68.22	43.57
227.4	97.66	68.3	43.58
227.6	97.94	68.42	43.58
227.8	98.24	68.57	43.58
228.0	98.53	68.76	43.59
228.2	98.74	69.05	43.59
228.4	98.92	69.35	43.6
228.6	99.08	69.62	43.6
228.8	99.2	69.83	43.61
229.0	99.29	69.81	43.61
229.2	99.34	69.68	43.61
229.4	99.36	69.49	43.62
229.6	99.36	69.26	43.62
229.8	99.34	69.01	43.63
230.0	99.3	68.77	43.63
230.2	99.25	68.55	43.64
230.4	99.19	68.35	43.64
230.6	99.11	68.19	43.65
230.8	99.03	68.15	43.65
231.0	98.94	68.18	43.65
231.2	98.85	68.25	43.66
231.4	98.76	68.32	43.66
231.6	98.68	68.39	43.67
231.8	98.57	68.31	43.66
232.0	98.48	68.24	43.66
232.2	98.42	68.21	43.66
232.4	98.42	68.24	43.68
232.6	98.52	68.5	43.71
232.8	98.72	68.98	43.75
233.0	98.96	69.46	43.81
233.2	99.24	69.91	43.88
233.4	99.52	70.24	43.95
233.6	99.84	70.18	44.03
233.8	100.13	70.0	44.11
234.0	100.35	69.74	44.19
234.2	100.5	69.42	44.27
234.4	100.35	69.11	44.35
234.6	99.99	68.82	44.42
234.8	99.61	68.55	44.5
235.0	99.25	68.29	44.58
235.2	98.99	68.08	44.65
235.4	99.18	67.93	44.72
235.6	99.46	67.84	44.8
235.8	99.82	67.84	44.87
236.0	100.21	67.92	44.94
236.2	100.5	68.17	45.02
236.4	100.72	68.57	45.1
236.6	100.94	69.02	45.17
236.8	101.18	69.5	45.25
237.0	101.49	69.95	45.33
237.2	101.88	70.33	45.41
237.4	102.28	70.68	45.49
237.6	102.68	71.0	45.57
237.8	103.06	71.28	45.65
238.0	103.41	71.56	45.73
238.2	103.7	71.75	45.82
238.4	103.93	71.82	45.9
238.6	104.07	71.75	45.98
238.8	104.06	71.26	46.07
239.0	103.96	70.63	46.15
239.2	103.75	69.92	46.23
239.4	103.46	69.2	46.31
239.6	103.02	68.63	46.39
239.8	102.44	68.28	46.47
240.0	101.81	68.0	46.55
240.2	101.19	67.77	46.63
240.4	100.6	67.59	46.7
240.6	100.18	67.31	46.78
240.8	99.9	67.0	46.86
241.0	99.71	66.78	46.94
241.2	99.6	66.7	47.0
241.4	99.58	66.79	47.06
241.6	99.69	67.42	47.08
241.8	99.88	68.23	47.09
242.0	100.09	69.12	47.09
242.2	100.33	70.02	47.08
242.4	100.49	70.69	47.08
242.6	100.6	71.18	47.07
242.8	100.72	71.6	47.06
243.0	100.85	71.97	47.04
243.2	101.06	72.35	47.03
243.4	101.37	72.78	47.02
243.6	101.67	73.15	47.01
243.8	101.92	73.46	47.0
244.0	102.06	73.67	46.99
244.2	101.91	73.63	46.97
244.4	101.67	73.51	46.96
244.6	101.37	73.36	46.95
244.8	101.05	73.21	46.94
245.0	100.8	73.17	46.93
245.2	100.6	73.22	46.92
245.4	100.43	73.31	46.91
245.6	100.28	73.43	46.9
245.8	100.18	73.57	46.89
246.0	100.13	73.76	46.87
246.2	100.11	73.95	46.86
246.4	100.12	74.12	46.85
246.6	100.14	74.25	46.84
246.8	100.2	74.27	46.83
247.0	100.26	74.21	46.82
247.2	100.31	74.1	46.81
247.4	100.33	73.95	46.8
247.6	100.3	73.8	46.78
247.8	100.19	73.67	46.77
248.0	100.02	73.51	46.76
248.2	99.8	73.31	46.75
248.4	99.53	73.08	46.74
248.6	99.13	72.7	46.73
248.8	98.64	72.23	46.72
249.0	98.15	71.74	46.71
249.2	97.67	71.27	46.7
249.4	97.25	70.84	46.68
249.6	96.95	70.5	46.67
249.8	96.77	70.25	46.66
250.0	96.7	70.14	46.65
250.2	96.75	70.19	46.64
250.4	96.95	70.44	46.63
250.6	97.45	71.27	46.62
250.8	98.05	72.21	46.61
251.0	98.72	73.15	46.6
251.2	99.42	73.98	46.58
251.4	100.08	74.34	46.56
251.6	100.69	74.42	46.53
251.8	101.21	74.34	46.49
252.0	101.63	74.11	46.45
252.2	101.78	73.71	46.41
252.4	101.71	73.21	46.37
252.6	101.53	72.67	46.33
252.8	101.27	72.13	46.29
253.0	100.97	71.67	46.25
253.2	100.67	71.43	46.21
253.4	100.38	71.27	46.16
253.6	100.14	71.21	46.12
253.8	99.96	71.24	46.08
254.0	99.96	71.33	46.04
254.2	100.1	71.5	46.0
254.4	100.33	71.78	45.96
254.6	100.64	72.17	45.91
254.8	101.01	72.72	45.87
255.0	101.45	73.54	45.83
255.2	101.91	74.4	45.79
255.4	102.38	75.24	45.75
255.6	102.84	75.99	45.71
255.8	103.31	76.49	45.67
256.0	103.69	76.84	45.62
256.2	103.97	77.03	45.58
256.4	104.1	77.03	45.54
256.6	103.81	76.7	45.5
256.8	103.36	76.2	45.46
257.0	102.81	75.55	45.42
257.2	102.2	74.8	45.38
257.4	101.62	73.9	45.33
257.6	101.12	72.91	45.29
257.8	100.65	71.96	45.25
258.0	100.25	71.12	45.21
258.2	99.92	70.48	45.17
258.4	99.76	70.51	45.13
258.6	99.71	70.8	45.09
258.8	99.73	71.22	45.05
259.0	99.83	71.68	45.0
259.2	100.02	72.03	44.96
259.4	100.3	72.19	44.92
259.6	100.58	72.27	44.87
259.8	100.82	72.25	44.83
260.0	100.95	72.11	44.78
260.2	100.84	71.73	44.74
260.4	100.64	71.29	44.69
260.6	100.35	70.83	44.64
260.8	99.99	70.4	44.6
261.0	99.52	70.22	44.55
261.2	99.0	70.15	44.51
261.4	98.48	70.12	44.46
261.6	97.98	70.09	44.41
261.8	97.55	69.99	44.37
262.0	97.27	69.58	44.32
262.2	97.08	69.18	44.28
262.4	97.0	68.84	44.23
262.6	97.02	68.61	44.18
262.8	97.22	68.74	44.13
263.0	97.58	69.19	44.08
263.2	98.01	69.74	44.03
263.4	98.47	70.36	43.99
263.6	98.92	70.99	43.96
263.8	99.31	71.57	43.95
264.0	99.65	72.06	43.95
264.2	99.92	72.42	43.96
264.4	100.11	72.59	43.97
264.6	100.09	72.2	43.98
264.8	99.98	71.63	44.0
265.0	99.79	70.94	44.01
265.2	99.54	70.2	44.03
265.4	99.21	69.52	44.05
265.6	98.83	68.93	44.07
265.8	98.48	68.43	44.08
266.0	98.19	68.05	44.1
266.2	98.01	67.84	44.11
266.4	98.18	68.08	44.13
266.6	98.45	68.44	44.15
266.8	98.79	68.86	44.16
267.0	99.17	69.29	44.18
267.2	99.58	69.52	44.2
267.4	99.95	69.63	44.21
267.6	100.27	69.67	44.23
267.8	100.5	69.64	44.25
268.0	100.48	69.56	44.27
268.2	100.18	69.42	44.28
268.4	99.78	69.22	44.3
268.6	99.32	68.96	44.32
268.8	98.85	68.63	44.33
269.0	98.47	68.1	44.35
269.2	98.14	67.51	44.37
269.4	97.88	66.95	44.38
269.6	97.68	66.46	44.4
269.8	97.6	66.14	44.41
270.0	97.68	66.11	44.43
270.2	97.84	66.22	44.44
270.4	98.06	66.44	44.45
270.6	98.35	66.78	44.45
270.8	98.69	67.36	44.45
271.0	99.06	67.98	44.44
271.2	99.43	68.56	44.42
271.4	99.77	69.04	44.4
271.6	100.07	69.06	44.37
271.8	100.31	68.87	44.33
272.0	100.47	68.57	44.29
272.2	100.54	68.19	44.25
272.4	100.43	67.87	44.22
272.6	100.16	67.61	44.18
272.8	99.81	67.35	44.14
273.0	99.39	67.09	44.11
273.2	98.95	66.82	44.07
273.4	98.47	66.47	44.03
273.6	98.02	66.14	44.0
273.8	97.62	65.87	43.96
274.0	97.31	65.7	43.92
274.2	97.2	65.71	43.88
274.4	97.35	65.96	43.85
274.6	97.61	66.31	43.81
274.8	97.93	66.73	43.77
275.0	98.31	67.22	43.74
275.2	98.69	67.8	43.7
275.4	99.07	68.36	43.67
275.6	99.43	68.86	43.64
275.8	99.72	69.25	43.61
276.0	99.88	69.27	43.58
276.2	99.93	69.09	43.56
276.4	99.91	68.8	43.54
276.6	99.81	68.44	43.52
276.8	99.6	68.12	43.5
277.0	99.27	67.91	43.47
277.2	98.9	67.68	43.45
277.4	98.52	67.44	43.43
277.6	98.16	67.18	43.41
277.8	97.88	66.74	43.39
278.0	97.7	66.22	43.36
278.2	97.57	65.74	43.34
278.4	97.5	65.35	43.32
278.6	97.51	65.08	43.3
278.8	97.62	65.22	43.27
279.0	97.81	65.55	43.25
279.2	98.05	66.0	43.23
279.4	98.35	66.53	43.21
279.6	98.74	67.12	43.19
279.8	99.21	67.73	43.19
280.0	99.66	68.33	43.18
280.2	100.07	68.86	43.18
280.4	100.36	69.27	43.19
280.6	100.36	69.39	43.18
280.8	100.25	69.39	43.19
281.0	100.07	69.29	43.19
281.2	99.82	69.12	43.19
281.4	99.52	68.89	43.19
281.6	99.2	68.63	43.19
281.8	98.91	68.35	43.19
282.0	98.66	68.06	43.19
282.2	98.49	67.77	43.19
282.4	98.56	67.43	43.19
282.6	98.72	67.16	43.19
282.8	98.94	66.99	43.19
283.0	99.23	66.97	43.19
283.2	99.57	67.36	43.19
283.4	99.94	68.03	43.19
283.6	100.31	68.75	43.19
283.8	100.65	69.43	43.2
284.0	100.94	69.82	43.2
284.2	101.15	69.91	43.2
284.4	101.28	69.84	43.2
284.6	101.32	69.65	43.2
284.8	101.19	69.32	43.2
285.0	100.86	68.87	43.2
285.2	100.44	68.35	43.2
285.4	99.95	67.82	43.2
285.6	99.42	67.29	43.2
285.8	98.88	66.85	43.2
286.0	98.35	66.49	43.2
286.2	97.85	66.2	43.2
286.4	97.41	66.02	43.2
286.6	97.08	65.97	43.2
286.8	96.93	66.15	43.21
287.0	96.87	66.45	43.21
287.2	96.89	66.83	43.21
287.4	96.97	67.28	43.21
287.6	97.12	67.82	43.21
287.8	97.33	68.4	43.21
