0.2	85.89	46.15	42.64
0.4	85.51	45.78	42.62
0.6	85.31	45.75	42.62
0.8	85.25	46.0	42.62
1.0	85.32	46.47	42.64
1.2	85.48	47.1	42.67
1.4	85.71	47.83	42.7
1.6	85.98	48.58	42.74
1.8	86.26	49.29	42.78
2.0	86.51	49.85	42.83
2.2	86.74	50.3	42.87
2.4	86.93	50.63	42.91
2.6	87.04	50.74	42.95
2.8	87.08	50.63	43.0
3.0	87.07	50.41	43.04
3.2	87.03	50.13	43.08
3.4	86.99	49.89	43.12
3.6	86.93	49.67	43.17
3.8	86.87	49.44	43.21
4.0	86.79	49.2	43.25
4.2	86.68	48.91	43.29
4.4	86.57	48.61	43.34
4.6	86.49	48.35	43.38
4.8	86.46	48.14	43.41
5.0	86.54	48.0	43.44
5.2	86.68	47.97	43.45
5.4	86.88	48.06	43.46
5.6	87.14	48.35	43.46
5.8	87.5	49.06	43.45
6.0	87.88	49.8	43.44
6.2	88.23	50.47	43.42
6.4	88.5	50.78	43.4
6.6	88.65	50.64	43.38
6.8	88.73	50.38	43.37
7.0	88.75	50.04	43.35
7.2	88.72	49.89	43.33
7.4	88.63	49.79	43.31
7.6	88.47	49.68	43.29
7.8	88.26	49.53	43.27
8.0	87.96	49.18	43.25
8.2	87.61	48.8	43.23
8.4	87.25	48.41	43.21
8.6	86.88	48.06	43.2
8.8	86.54	47.83	43.18
9.0	86.24	47.67	43.16
9.2	85.99	47.56	43.14
9.4	85.81	47.52	43.12
9.6	85.78	47.38	43.1
9.8	85.83	47.37	43.08
10.0	85.94	47.55	43.06
10.2	86.11	48.04	43.05
10.4	86.35	49.32	43.04
10.6	86.6	50.67	43.03
10.8	86.86	51.89	43.03
11.0	87.05	52.43	43.03
11.2	87.16	52.18	43.04
11.4	87.24	51.77	43.06
11.6	87.3	51.36	43.07
11.8	87.38	51.63	43.09
12.0	87.44	52.09	43.1
12.2	87.48	52.52	43.11
12.4	87.5	52.69	43.13
12.6	87.5	52.48	43.14
12.8	87.46	52.15	43.16
13.0	87.4	51.74	43.17
13.2	87.26	51.33	43.18
13.4	87.11	50.94	43.2
13.6	86.95	50.6	43.21
13.8	86.81	50.4	43.23
14.0	86.69	50.37	43.24
14.2	86.62	50.46	43.26
14.4	86.58	50.68	43.27
14.6	86.63	51.08	43.28
14.8	86.75	51.63	43.29
15.0	86.92	52.2	43.29
15.2	87.1	52.74	43.28
15.4	87.32	53.12	43.27
15.6	87.53	53.35	43.25
15.8	87.71	53.45	43.22
16.0	87.82	53.43	43.19
16.2	87.79	53.23	43.17
16.4	87.66	52.9	43.14
16.6	87.45	52.47	43.11
16.8	87.15	51.95	43.08
17.0	86.73	51.34	43.06
17.2	86.26	50.7	43.03
17.4	85.77	50.08	43.0
17.6	85.31	49.54	42.98
17.8	84.99	49.21	42.95
18.0	84.7	48.96	42.92
18.2	84.43	48.77	42.89
18.4	84.18	48.62	42.87
18.6	83.9	48.41	42.84
18.8	83.59	48.19	42.81
19.0	83.31	48.01	42.79
19.2	83.05	47.91	42.76
19.4	82.82	47.91	42.73
19.6	82.64	48.15	42.71
19.8	82.51	48.47	42.68
20.0	82.43	48.83	42.65
20.2	82.43	49.21	42.63
20.4	82.57	49.54	42.59
20.6	82.8	49.82	42.56
20.8	83.06	50.08	42.54
21.0	83.33	50.33	42.52
21.2	83.54	50.57	42.52
21.4	83.69	50.79	42.54
21.6	83.82	50.97	42.56
21.8	83.92	51.11	42.58
22.0	83.99	51.2	42.6
22.2	84.04	51.23	42.62
22.4	84.05	51.19	42.64
22.6	84.04	51.07	42.66
22.8	84.0	50.8	42.67
23.0	83.91	50.37	42.69
23.2	83.82	49.88	42.71
23.4	83.75	49.38	42.73
23.6	83.72	48.91	42.74
23.8	83.81	48.54	42.76
24.0	83.92	48.23	42.78
24.2	84.06	48.0	42.8
24.4	84.2	47.85	42.81
24.6	84.34	47.96	42.83
24.8	84.46	48.16	42.85
25.0	84.56	48.36	42.87
25.2	84.63	48.51	42.88
25.4	84.62	48.4	42.9
25.6	84.56	48.12	42.92
25.8	84.47	47.78	42.94
26.0	84.33	47.43	42.96
26.2	84.15	47.1	42.97
26.4	83.92	46.84	42.99
26.6	83.69	46.63	43.01
26.8	83.46	46.5	43.02
27.0	83.28	46.49	43.04
27.2	83.16	46.71	43.06
27.4	83.09	46.98	43.08
27.6	83.05	47.28	43.09
27.8	83.04	47.56	43.11
28.0	83.13	47.65	43.13
28.2	83.21	47.7	43.15
28.4	83.28	47.72	43.17
28.6	83.29	47.72	43.19
28.8	83.12	47.78	43.21
29.0	82.88	47.84	43.23
29.2	82.59	47.88	43.25
29.4	82.29	47.91	43.27
29.6	82.02	47.88	43.29
29.8	81.77	47.82	43.31
30.0	81.53	47.76	43.33
30.2	81.31	47.7	43.34
30.4	81.1	47.63	43.36
30.6	80.91	47.58	43.38
30.8	80.77	47.57	43.4
31.0	80.66	47.62	43.42
31.2	80.64	47.8	43.44
31.4	80.72	48.16	43.45
31.6	80.83	48.58	43.47
31.8	80.98	49.03	43.49
32.0	81.12	49.47	43.51
32.2	81.23	49.82	43.53
32.4	81.34	50.15	43.55
32.6	81.45	50.46	43.57
32.8	81.54	50.72	43.59
33.0	81.63	50.92	43.61
33.2	81.7	51.11	43.63
33.4	81.77	51.3	43.65
33.6	81.83	51.51	43.67
33.8	81.88	51.92	43.69
34.0	81.93	52.32	43.7
34.2	81.97	52.69	43.72
34.4	82.03	52.98	43.74
34.6	82.08	52.92	43.76
34.8	82.14	52.76	43.78
35.0	82.25	52.61	43.8
35.2	82.42	52.54	43.81
35.4	82.76	52.87	43.82
35.6	83.15	53.34	43.83
35.8	83.57	53.86	43.82
36.0	84.0	54.37	43.82
36.2	84.39	54.77	43.81
36.4	84.74	55.1	43.79
36.6	85.02	55.34	43.78
36.8	85.21	55.44	43.76
37.0	85.27	55.37	43.75
37.2	85.25	55.17	43.73
37.4	85.15	54.83	43.72
37.6	84.97	54.28	43.7
37.8	84.71	53.54	43.69
38.0	84.43	52.76	43.67
38.2	84.13	52.01	43.66
38.4	83.85	51.47	43.64
38.6	83.6	51.17	43.63
38.8	83.39	50.98	43.61
39.0	83.25	50.89	43.6
39.2	83.23	50.91	43.58
39.4	83.35	51.02	43.57
39.6	83.53	51.15	43.55
39.8	83.75	51.27	43.54
40.0	83.98	51.29	43.52
40.2	84.21	51.18	43.51
40.4	84.4	51.01	43.49
40.6	84.54	50.82	43.48
40.8	84.53	50.64	43.46
41.0	84.37	50.47	43.45
41.2	84.17	50.29	43.43
41.4	83.94	50.1	43.42
41.6	83.78	49.89	43.4
41.8	83.69	49.67	43.39
42.0	83.59	49.44	43.37
42.2	83.49	49.21	43.36
42.4	83.36	48.97	43.34
42.6	83.18	48.72	43.33
42.8	82.98	48.49	43.31
43.0	82.76	48.29	43.3
43.2	82.53	48.14	43.28
43.4	82.26	48.06	43.27
43.6	82.0	48.05	43.25
43.8	81.77	48.12	43.24
44.0	81.58	48.27	43.22
44.2	81.52	48.59	43.21
44.4	81.52	48.99	43.19
44.6	81.59	49.45	43.18
44.8	81.71	49.95	43.16
45.0	81.94	50.49	43.15
45.2	82.2	51.03	43.13
45.4	82.48	51.52	43.12
45.6	82.73	51.93	43.11
45.8	82.9	52.14	43.1
46.0	83.02	52.25	43.1
46.2	83.1	52.25	43.1
46.4	83.15	52.16	43.09
46.6	83.16	51.89	43.09
46.8	83.15	51.59	43.09
47.0	83.11	51.28	43.08
47.2	83.06	51.03	43.08
47.4	82.96	51.1	43.08
47.6	82.87	51.21	43.07
47.8	82.79	51.32	43.07
48.0	82.74	51.38	43.06
48.2	82.75	51.06	43.06
48.4	82.81	50.7	43.06
48.6	82.91	50.39	43.05
48.8	83.06	50.22	43.05
49.0	83.27	50.51	43.05
49.2	83.52	50.91	43.04
49.4	83.81	51.36	43.04
49.6	84.14	51.76	43.04
49.8	84.52	51.98	43.03
50.0	84.89	52.16	43.03
50.2	85.24	52.33	43.02
50.4	85.51	52.56	43.02
50.6	85.7	52.86	43.02
50.8	85.82	53.11	43.01
51.0	85.89	53.27	43.01
51.2	85.9	53.16	43.01
51.4	85.86	52.89	43.0
51.6	85.78	52.55	43.0
51.8	85.69	52.17	42.99
52.0	85.63	51.9	42.99
52.2	85.57	51.64	42.99
52.4	85.5	51.36	42.98
52.6	85.42	51.07	42.98
52.8	85.3	50.65	42.98
53.0	85.15	50.14	42.97
53.2	85.02	49.67	42.97
53.4	84.91	49.27	42.97
53.6	84.87	49.02	42.96
53.8	84.94	49.03	42.96
54.0	85.05	49.17	42.96
54.2	85.22	49.42	42.95
54.4	85.44	49.78	42.95
54.6	85.75	50.34	42.94
54.8	86.08	50.91	42.93
55.0	86.4	51.45	42.92
55.2	86.68	51.86	42.91
55.4	86.84	51.97	42.9
55.6	86.95	51.96	42.88
55.8	87.0	51.84	42.87
56.0	87.01	51.63	42.86
56.2	86.96	51.32	42.84
56.4	86.88	51.0	42.83
56.6	86.79	50.71	42.82
56.8	86.68	50.57	42.8
57.0	86.56	50.61	42.79
57.2	86.47	50.72	42.78
57.4	86.41	50.84	42.76
57.6	86.42	50.9	42.75
57.8	86.53	50.86	42.73
58.0	86.68	50.85	42.72
58.2	86.89	50.9	42.71
58.4	87.18	51.16	42.69
58.6	87.54	51.66	42.68
58.8	87.9	52.18	42.67
59.0	88.24	52.65	42.65
59.2	88.48	52.89	42.64
59.4	88.61	52.89	42.63
59.6	88.68	52.77	42.61
59.8	88.67	52.57	42.6
60.0	88.59	52.31	42.59
60.2	88.45	52.02	42.57
60.4	88.24	51.69	42.56
60.6	87.96	51.34	42.54
60.8	87.57	50.97	42.53
61.0	87.12	50.59	42.52
61.2	86.64	50.24	42.5
61.4	86.16	49.92	42.49
61.6	85.7	49.68	42.48
61.8	85.3	49.53	42.46
62.0	84.94	49.44	42.45
62.2	84.63	49.42	42.43
62.4	84.4	49.45	42.42
62.6	84.27	49.53	42.41
62.8	84.22	49.69	42.39
63.0	84.25	49.93	42.39
63.2	84.36	50.27	42.39
63.4	84.62	50.81	42.41
63.6	84.92	51.4	42.43
63.8	85.25	52.01	42.46
64.0	85.58	52.57	42.49
64.2	85.84	52.99	42.52
64.4	86.09	53.35	42.55
64.6	86.33	53.65	42.58
64.8	86.56	53.9	42.6
65.0	86.8	54.09	42.63
65.2	87.02	54.22	42.66
65.4	87.22	54.27	42.69
65.6	87.36	54.2	42.71
65.8	87.45	54.01	42.74
66.0	87.51	53.76	42.77
66.2	87.54	53.48	42.79
66.4	87.56	53.21	42.82
66.6	87.58	52.98	42.85
66.8	87.57	52.77	42.87
67.0	87.55	52.58	42.9
67.2	87.5	52.42	42.92
67.4	87.39	52.31	42.95
67.6	87.28	52.23	42.97
67.8	87.18	52.19	42.99
68.0	87.12	52.2	43.01
68.2	87.2	52.31	43.02
68.4	87.31	52.44	43.01
68.6	87.45	52.57	43.01
68.8	87.6	52.67	43.0
69.0	87.74	52.67	42.99
69.2	87.86	52.64	42.97
69.4	87.96	52.56	42.96
69.6	88.01	52.44	42.94
69.8	88.01	52.33	42.93
70.0	87.95	52.17	42.91
70.2	87.82	51.94	42.9
70.4	87.61	51.61	42.89
70.6	87.21	51.07	42.87
70.8	86.77	50.45	42.86
71.0	86.33	49.8	42.84
71.2	85.92	49.14	42.83
71.4	85.67	48.5	42.81
71.6	85.49	47.9	42.8
71.8	85.37	47.39	42.78
72.0	85.3	46.98	42.77
72.2	85.27	46.78	42.76
72.4	85.3	46.75	42.74
72.6	85.38	46.84	42.73
72.8	85.52	47.06	42.71
73.0	85.79	47.46	42.7
73.2	86.14	47.99	42.68
73.4	86.52	48.55	42.67
73.6	86.89	49.07	42.65
73.8	87.19	49.45	42.64
74.0	87.43	49.68	42.64
74.2	87.61	49.79	42.63
74.4	87.75	49.75	42.62
74.6	87.8	49.47	42.61
74.8	87.79	49.01	42.61
75.0	87.74	48.49	42.6
75.2	87.64	47.93	42.59
75.4	87.49	47.48	42.58
75.6	87.3	47.09	42.58
75.8	87.11	46.75	42.57
76.0	86.91	46.46	42.56
76.2	86.71	46.21	42.55
76.4	86.54	46.04	42.55
76.6	86.42	45.95	42.54
76.8	86.39	45.97	42.53
77.0	86.57	46.21	42.52
77.2	86.88	46.59	42.52
77.4	87.25	47.04	42.51
77.6	87.63	47.53	42.5
77.8	87.95	48.05	42.49
78.0	88.22	48.53	42.48
78.2	88.45	48.93	42.48
78.4	88.62	49.22	42.47
78.6	88.71	49.18	42.46
78.8	88.74	49.0	42.45
79.0	88.7	48.72	42.45
79.2	88.59	48.37	42.44
79.4	88.39	47.98	42.43
79.6	88.13	47.56	42.42
79.8	87.86	47.15	42.42
80.0	87.57	46.78	42.41
80.2	87.3	46.48	42.4
80.4	87.05	46.25	42.39
80.6	86.85	46.11	42.39
80.8	86.75	46.1	42.38
81.0	86.84	46.35	42.37
81.2	86.97	46.66	42.36
81.4	87.12	47.01	42.36
81.6	87.22	47.32	42.35
81.8	87.16	47.45	42.34
82.0	87.06	47.55	42.33
82.2	86.93	47.63	42.32
82.4	86.79	47.74	42.31
82.6	86.7	47.94	42.3
82.8	86.59	48.13	42.29
83.0	86.47	48.3	42.29
83.2	86.31	48.42	42.28
83.4	86.03	48.33	42.27
83.6	85.75	48.23	42.26
83.8	85.49	48.16	42.25
84.0	85.3	48.16	42.24
84.2	85.27	48.41	42.23
84.4	85.32	48.74	42.22
84.6	85.46	49.14	42.21
84.8	85.69	49.59	42.2
85.0	86.08	50.09	42.19
85.2	86.51	50.59	42.18
85.4	86.95	51.06	42.18
85.6	87.32	51.46	42.17
85.8	87.59	51.78	42.16
86.0	87.79	51.98	42.15
86.2	87.93	52.04	42.14
86.4	87.97	51.77	42.13
86.6	87.94	51.25	42.12
86.8	87.86	50.66	42.11
87.0	87.76	50.07	42.1
87.2	87.69	49.76	42.09
87.4	87.64	49.6	42.08
87.6	87.57	49.48	42.08
87.8	87.49	49.39	42.07
88.0	87.32	49.15	42.06
88.2	87.11	48.84	42.05
88.4	86.91	48.56	42.04
88.6	86.75	48.33	42.03
88.8	86.75	48.33	42.02
89.0	86.87	48.5	42.01
89.2	87.02	48.72	42.0
89.4	87.15	48.92	41.99
89.6	87.17	48.98	41.98
89.8	87.08	48.9	41.97
90.0	86.95	48.76	41.97
90.2	86.79	48.59	41.96
90.4	86.65	48.36	41.95
90.6	86.53	48.11	41.94
90.8	86.4	47.89	41.93
91.0	86.26	47.75	41.92
91.2	86.1	47.81	41.91
91.4	85.92	48.04	41.9
91.6	85.75	48.34	41.89
91.8	85.59	48.64	41.88
92.0	85.44	48.85	41.87
92.2	85.33	48.96	41.85
92.4	85.24	49.05	41.84
92.6	85.2	49.15	41.84
92.8	85.23	49.27	41.86
93.0	85.34	49.44	41.91
93.2	85.47	49.64	41.97
93.4	85.64	49.87	42.04
93.6	85.83	50.19	42.1
93.8	86.03	50.56	42.17
94.0	86.22	50.91	42.23
94.2	86.38	51.22	42.29
94.4	86.47	51.41	42.35
94.6	86.51	51.5	42.42
94.8	86.51	51.51	42.48
95.0	86.46	51.42	42.54
95.2	86.35	51.1	42.61
95.4	86.19	50.71	42.67
95.6	86.01	50.32	42.73
95.8	85.81	49.98	42.8
96.0	85.61	49.94	42.86
96.2	85.4	49.98	42.92
96.4	85.2	50.07	42.99
96.6	85.01	50.18	43.05
96.8	84.85	50.2	43.11
97.0	84.7	50.2	43.17
97.2	84.58	50.18	43.23
97.4	84.47	50.14	43.29
97.6	84.36	50.03	43.35
97.8	84.26	49.88	43.41
98.0	84.19	49.77	43.47
98.2	84.16	49.76	43.52
98.4	84.23	49.95	43.55
98.6	84.39	50.42	43.55
98.8	84.6	50.98	43.55
99.0	84.83	51.6	43.55
99.2	85.06	52.22	43.54
99.4	85.25	52.81	43.54
99.6	85.45	53.36	43.54
99.8	85.64	53.87	43.54
100.0	85.85	54.3	43.54
100.2	86.09	54.63	43.54
100.4	86.3	54.87	43.54
100.6	86.49	55.03	43.54
100.8	86.6	55.08	43.54
101.0	86.61	55.0	43.54
101.2	86.57	54.84	43.54
101.4	86.49	54.62	43.54
101.6	86.38	54.34	43.54
101.8	86.26	54.02	43.54
102.0	86.12	53.68	43.54
102.2	85.95	53.35	43.54
102.4	85.76	53.07	43.54
102.6	85.52	52.89	43.54
102.8	85.28	52.76	43.54
103.0	85.06	52.67	43.54
103.2	84.87	52.61	43.54
103.4	84.82	52.57	43.54
103.6	84.82	52.57	43.54
103.8	84.86	52.59	43.54
104.0	84.91	52.63	43.54
104.2	85.0	52.76	43.54
104.4	85.09	52.9	43.53
104.6	85.15	53.03	43.52
104.8	85.18	53.12	43.51
105.0	85.08	53.11	43.49
105.2	84.93	53.03	43.48
105.4	84.73	52.88	43.46
105.6	84.51	52.66	43.44
105.8	84.32	52.34	43.43
106.0	84.13	51.95	43.41
106.2	83.92	51.51	43.4
106.4	83.7	51.06	43.38
106.6	83.43	50.61	43.37
106.8	83.13	50.18	43.35
107.0	82.82	49.75	43.33
107.2	82.51	49.35	43.32
107.4	82.21	48.97	43.3
107.6	81.93	48.58	43.29
107.8	81.68	48.25	43.27
108.0	81.47	48.02	43.26
108.2	81.3	47.91	43.24
108.4	81.19	48.07	43.23
108.6	81.14	48.42	43.21
108.8	81.15	48.87	43.19
109.0	81.23	49.39	43.18
109.2	81.38	49.9	43.16
109.4	81.62	50.39	43.15
109.6	81.91	50.9	43.13
109.8	82.23	51.4	43.12
110.0	82.58	51.93	43.11
110.2	82.95	52.47	43.1
110.4	83.3	52.95	43.09
110.6	83.61	53.34	43.08
110.8	83.78	53.54	43.07
111.0	83.86	53.57	43.05
111.2	83.88	53.49	43.04
111.4	83.86	53.32	43.03
111.6	83.86	53.04	43.02
111.8	83.86	52.69	43.01
112.0	83.83	52.31	43.0
112.2	83.78	51.91	42.99
112.4	83.69	51.56	42.98
112.6	83.57	51.25	42.97
112.8	83.43	50.96	42.96
113.0	83.27	50.71	42.94
113.2	83.07	50.51	42.93
113.4	82.85	50.36	42.92
113.6	82.66	50.25	42.91
113.8	82.52	50.19	42.9
114.0	82.51	50.18	42.89
114.2	82.6	50.22	42.88
114.4	82.74	50.3	42.87
114.6	82.92	50.42	42.86
114.8	83.11	50.62	42.85
115.0	83.3	50.88	42.84
115.2	83.48	51.11	42.83
115.4	83.64	51.28	42.82
115.6	83.78	51.26	42.81
115.8	83.89	51.11	42.8
116.0	83.95	50.88	42.79
116.2	83.97	50.59	42.79
116.4	83.89	50.29	42.78
116.6	83.76	49.97	42.77
116.8	83.59	49.62	42.76
117.0	83.38	49.26	42.75
117.2	83.13	48.85	42.75
117.4	82.86	48.44	42.74
117.6	82.61	48.07	42.73
117.8	82.41	47.76	42.72
118.0	82.3	47.59	42.71
118.2	82.29	47.57	42.71
118.4	82.35	47.63	42.7
118.6	82.47	47.76	42.69
118.8	82.69	47.98	42.68
119.0	82.99	48.29	42.68
119.2	83.32	48.62	42.67
119.4	83.63	48.93	42.66
119.6	83.87	49.16	42.66
119.8	83.97	49.25	42.66
120.0	84.03	49.29	42.66
120.2	84.03	49.29	42.66
120.4	84.0	49.32	42.66
120.6	83.94	49.4	42.66
120.8	83.85	49.45	42.67
121.0	83.76	49.45	42.67
121.2	83.67	49.36	42.67
121.4	83.61	49.04	42.67
121.6	83.55	48.68	42.67
121.8	83.49	48.34	42.67
122.0	83.43	48.05	42.67
122.2	83.3	48.02	42.67
122.4	83.18	48.09	42.67
122.6	83.09	48.23	42.67
122.8	83.05	48.44	42.67
123.0	83.17	48.72	42.67
123.2	83.35	49.03	42.67
123.4	83.56	49.34	42.67
123.6	83.77	49.62	42.67
123.8	83.92	49.81	42.67
124.0	84.04	49.93	42.67
124.2	84.13	50.0	42.66
124.4	84.18	50.03	42.66
124.6	84.18	50.04	42.66
124.8	84.14	50.0	42.65
125.0	84.08	49.92	42.65
125.2	83.99	49.78	42.65
125.4	83.88	49.54	42.65
125.6	83.76	49.25	42.64
125.8	83.62	48.95	42.64
126.0	83.46	48.66	42.64
126.2	83.25	48.43	42.63
126.4	83.02	48.25	42.63
126.6	82.82	48.13	42.63
126.8	82.66	48.08	42.62
127.0	82.61	48.14	42.62
127.2	82.69	48.3	42.62
127.4	82.83	48.54	42.61
127.6	83.02	48.85	42.61
127.8	83.26	49.25	42.61
128.0	83.53	49.72	42.61
128.2	83.8	50.21	42.61
128.4	84.07	50.66	42.61
128.6	84.25	51.0	42.61
128.8	84.38	51.24	42.61
129.0	84.49	51.41	42.61
129.2	84.61	51.54	42.62
129.4	84.81	51.66	42.62
129.6	85.04	51.74	42.62
129.8	85.25	51.77	42.62
130.0	85.44	51.73	42.62
130.2	85.5	51.5	42.63
130.4	85.5	51.21	42.63
130.6	85.49	50.91	42.63
130.8	85.5	50.65	42.63
131.0	85.62	50.58	42.63
131.2	85.77	50.58	42.63
131.4	85.94	50.64	42.64
131.6	86.12	50.76	42.64
131.8	86.32	51.03	42.64
132.0	86.51	51.28	42.64
132.2	86.66	51.46	42.64
132.4	86.74	51.46	42.65
132.6	86.68	51.09	42.65
132.8	86.56	50.6	42.65
133.0	86.4	50.06	42.65
133.2	86.2	49.54	42.65
133.4	85.98	49.15	42.66
133.6	85.74	48.77	42.66
133.8	85.52	48.42	42.66
134.0	85.32	48.07	42.66
134.2	85.2	47.72	42.66
134.4	85.09	47.4	42.67
134.6	85.0	47.12	42.67
134.8	84.92	46.89	42.67
135.0	84.8	46.73	42.67
135.2	84.71	46.63	42.67
135.4	84.64	46.61	42.68
135.6	84.62	46.68	42.68
135.8	84.7	46.89	42.68
136.0	84.83	47.18	42.68
136.2	85.0	47.54	42.68
136.4	85.2	47.94	42.68
136.6	85.46	48.39	42.68
136.8	85.73	48.86	42.68
137.0	85.98	49.3	42.68
137.2	86.19	49.69	42.68
137.4	86.31	49.94	42.67
137.6	86.36	50.1	42.67
137.8	86.34	50.16	42.67
138.0	86.24	50.11	42.67
138.2	86.01	49.89	42.67
138.4	85.71	49.58	42.66
138.6	85.37	49.21	42.66
138.8	84.99	48.79	42.66
139.0	84.63	48.35	42.66
139.2	84.26	47.92	42.66
139.4	83.9	47.53	42.66
139.6	83.56	47.2	42.65
139.8	83.26	47.05	42.65
140.0	83.0	47.04	42.65
140.2	82.79	47.11	42.65
140.4	82.63	47.27	42.65
140.6	82.52	47.51	42.64
140.8	82.49	47.8	42.64
141.0	82.52	48.16	42.64
141.2	82.61	48.56	42.64
141.4	82.78	49.03	42.64
141.6	83.08	49.59	42.64
141.8	83.41	50.16	42.65
142.0	83.74	50.7	42.65
142.2	84.02	51.16	42.66
142.4	84.21	51.52	42.67
142.6	84.35	51.77	42.67
142.8	84.45	51.88	42.68
143.0	84.51	51.73	42.69
143.2	84.53	51.35	42.7
143.4	84.53	50.88	42.7
143.6	84.51	50.4	42.71
143.8	84.51	50.11	42.72
144.0	84.51	49.96	42.72
144.2	84.49	49.82	42.73
144.4	84.45	49.66	42.74
144.6	84.36	49.31	42.74
144.8	84.2	48.76	42.75
145.0	84.04	48.22	42.76
145.2	83.89	47.73	42.76
145.4	83.77	47.47	42.77
145.6	83.69	47.51	42.78
145.8	83.66	47.66	42.78
146.0	83.68	47.88	42.79
146.2	83.77	48.11	42.79
146.4	83.94	48.29	42.79
146.6	84.15	48.47	42.79
146.8	84.39	48.66	42.78
147.0	84.64	48.89	42.77
147.2	84.89	49.16	42.75
147.4	85.11	49.39	42.73
147.6	85.3	49.52	42.7
147.8	85.39	49.42	42.67
148.0	85.39	49.1	42.65
148.2	85.34	48.7	42.63
148.4	85.24	48.26	42.6
148.6	85.12	47.92	42.58
148.8	84.97	47.64	42.56
149.0	84.79	47.37	42.53
149.2	84.59	47.12	42.51
149.4	84.34	46.79	42.49
149.6	84.07	46.47	42.46
149.8	83.82	46.19	42.44
150.0	83.62	45.99	42.42
150.2	83.47	45.96	42.39
150.4	83.41	46.05	42.37
150.6	83.46	46.25	42.35
150.8	83.64	46.56	42.32
151.0	84.13	47.11	42.3
151.2	84.75	47.73	42.27
151.4	85.41	48.35	42.25
151.6	86.06	48.92	42.23
151.8	86.55	49.25	42.22
152.0	86.99	49.49	42.21
152.2	87.36	49.65	42.21
152.4	87.65	49.75	42.21
152.6	87.86	49.78	42.2
152.8	88.0	49.76	42.2
153.0	88.06	49.69	42.2
153.2	88.05	49.54	42.2
153.4	87.95	49.29	42.2
153.6	87.8	49.04	42.2
153.8	87.62	48.8	42.2
154.0	87.43	48.65	42.2
154.2	87.23	48.66	42.2
154.4	87.06	48.74	42.2
154.6	86.92	48.87	42.2
154.8	86.84	49.04	42.2
155.0	86.93	49.25	42.19
155.2	87.06	49.46	42.19
155.4	87.18	49.65	42.19
155.6	87.27	49.79	42.19
155.8	87.25	49.85	42.19
156.0	87.17	49.83	42.19
156.2	87.04	49.74	42.19
156.4	86.85	49.52	42.19
156.6	86.59	49.15	42.19
156.8	86.29	48.7	42.19
157.0	85.95	48.21	42.18
157.2	85.57	47.71	42.18
157.4	85.16	47.22	42.18
157.6	84.75	46.76	42.18
157.8	84.35	46.32	42.18
158.0	83.98	45.93	42.18
158.2	83.69	45.6	42.18
158.4	83.46	45.35	42.18
158.6	83.28	45.17	42.18
158.8	83.17	45.09	42.18
159.0	83.2	45.19	42.18
159.2	83.3	45.4	42.17
159.4	83.44	45.66	42.17
159.6	83.58	45.94	42.17
159.8	83.68	46.15	42.17
160.0	83.73	46.31	42.17
160.2	83.76	46.45	42.16
160.4	83.75	46.56	42.16
160.6	83.69	46.65	42.16
160.8	83.57	46.72	42.15
161.0	83.43	46.77	42.15
161.2	83.26	46.81	42.14
161.4	83.06	46.84	42.14
161.6	82.84	46.86	42.14
161.8	82.64	46.91	42.13
162.0	82.47	47.0	42.13
162.2	82.35	47.17	42.12
162.4	82.31	47.43	42.12
162.6	82.32	47.76	42.11
162.8	82.41	48.17	42.11
163.0	82.62	48.75	42.11
163.2	82.94	49.45	42.1
163.4	83.27	50.13	42.1
163.6	83.6	50.72	42.09
163.8	83.82	51.02	42.09
164.0	83.94	51.09	42.08
164.2	84.0	51.04	42.08
164.4	83.99	50.9	42.08
164.6	83.85	50.72	42.07
164.8	83.65	50.51	42.07
165.0	83.4	50.29	42.06
165.2	83.14	50.08	42.06
165.4	82.9	49.93	42.05
165.6	82.68	49.83	42.05
165.8	82.5	49.76	42.05
166.0	82.38	49.72	42.04
166.2	82.38	49.72	42.04
166.4	82.46	49.75	42.03
166.6	82.61	49.85	42.03
166.8	82.82	50.01	42.02
167.0	83.13	50.35	42.02
167.2	83.48	50.77	42.02
167.4	83.83	51.2	42.02
167.6	84.15	51.59	42.02
167.8	84.34	51.82	42.02
168.0	84.46	51.95	42.02
168.2	84.52	52.01	42.02
168.4	84.52	52.0	42.02
168.6	84.45	51.92	42.02
168.8	84.33	51.79	42.02
169.0	84.18	51.6	42.02
169.2	84.01	51.37	42.02
169.4	83.82	51.02	42.02
169.6	83.64	50.65	42.02
169.8	83.49	50.32	42.03
170.0	83.4	50.09	42.03
170.2	83.46	50.17	42.03
170.4	83.59	50.39	42.03
170.6	83.77	50.66	42.03
170.8	83.96	50.94	42.04
171.0	84.15	51.12	42.04
171.2	84.31	51.22	42.05
171.4	84.44	51.23	42.05
171.6	84.51	51.13	42.06
171.8	84.41	50.72	42.06
172.0	84.25	50.23	42.07
172.2	84.06	49.7	42.07
172.4	83.85	49.19	42.08
172.6	83.67	48.9	42.08
172.8	83.5	48.68	42.09
173.0	83.38	48.51	42.09
173.2	83.31	48.38	42.1
173.4	83.35	48.21	42.1
173.6	83.46	48.1	42.11
173.8	83.66	48.09	42.11
174.0	83.96	48.21	42.12
174.2	84.43	48.66	42.12
174.4	84.96	49.16	42.13
174.6	85.49	49.65	42.13
174.8	85.96	50.0	42.14
175.0	86.32	50.08	42.14
175.2	86.62	50.07	42.15
175.4	86.86	50.02	42.15
175.6	87.02	50.04	42.16
175.8	87.1	50.14	42.16
176.0	87.12	50.21	42.17
176.2	87.08	50.21	42.17
176.4	86.95	49.96	42.18
176.6	86.74	49.5	42.19
176.8	86.52	49.03	42.19
177.0	86.31	48.61	42.2
177.2	86.16	48.46	42.2
177.4	86.08	48.57	42.21
177.6	86.06	48.78	42.21
177.8	86.1	49.05	42.22
178.0	86.26	49.31	42.22
178.2	86.52	49.54	42.23
178.4	86.79	49.78	42.23
178.6	87.05	50.02	42.24
178.8	87.19	50.3	42.24
179.0	87.26	50.57	42.25
179.2	87.27	50.77	42.25
179.4	87.22	50.85	42.26
179.6	87.1	50.59	42.26
179.8	86.94	50.21	42.27
180.0	86.76	49.77	42.27
180.2	86.55	49.33	42.28
180.4	86.35	49.01	42.28
180.6	86.15	48.73	42.29
180.8	85.94	48.48	42.29
181.0	85.75	48.27	42.3
181.2	85.58	48.11	42.3
181.4	85.41	47.99	42.31
181.6	85.26	47.91	42.31
181.8	85.11	47.86	42.32
182.0	84.92	47.83	42.32
182.2	84.77	47.84	42.33
182.4	84.67	47.89	42.33
182.6	84.66	47.98	42.34
182.8	84.78	48.12	42.34
183.0	84.98	48.31	42.34
183.2	85.26	48.54	42.34
183.4	85.63	48.87	42.34
183.6	86.08	49.29	42.34
183.8	86.54	49.71	42.34
184.0	86.99	50.09	42.34
184.2	87.32	50.38	42.34
184.4	87.58	50.57	42.34
184.6	87.78	50.66	42.34
184.8	87.91	50.61	42.34
185.0	87.95	50.36	42.33
185.2	87.94	50.01	42.33
185.4	87.89	49.61	42.33
185.6	87.85	49.2	42.33
185.8	87.82	48.82	42.33
186.0	87.77	48.44	42.33
186.2	87.7	48.09	42.33
186.4	87.6	47.81	42.33
186.6	87.47	47.58	42.33
186.8	87.33	47.38	42.33
187.0	87.18	47.17	42.33
187.2	87.02	46.86	42.33
187.4	86.85	46.47	42.33
187.6	86.71	46.12	42.32
187.8	86.6	45.87	42.32
188.0	86.58	45.9	42.33
188.2	86.64	46.19	42.33
188.4	86.74	46.59	42.33
188.6	86.86	47.06	42.32
188.8	87.01	47.58	42.31
189.0	87.16	48.08	42.29
189.2	87.28	48.5	42.27
189.4	87.32	48.77	42.25
189.6	87.18	48.58	42.22
189.8	86.93	48.17	42.19
190.0	86.62	47.67	42.16
190.2	86.3	47.15	42.14
190.4	86.02	46.94	42.11
190.6	85.76	46.78	42.08
190.8	85.51	46.65	42.05
191.0	85.28	46.51	42.02
191.2	85.09	46.19	41.99
191.4	84.91	45.84	41.96
191.6	84.76	45.52	41.93
191.8	84.61	45.26	41.91
192.0	84.42	45.16	41.88
192.2	84.23	45.19	41.85
192.4	84.1	45.33	41.82
192.6	84.05	45.58	41.79
192.8	84.21	46.0	41.76
193.0	84.51	46.52	41.73
193.2	84.88	47.09	41.7
193.4	85.26	47.67	41.68
193.6	85.59	48.19	41.65
193.8	85.9	48.66	41.63
194.0	86.19	49.08	41.61
194.2	86.44	49.45	41.59
194.4	86.66	49.76	41.57
194.6	86.84	49.98	41.55
194.8	86.98	50.09	41.53
195.0	87.06	50.02	41.51
195.2	87.07	49.76	41.49
195.4	87.05	49.44	41.47
195.6	87.01	49.09	41.45
195.8	86.98	48.81	41.43
196.0	86.96	48.61	41.41
196.2	86.97	48.48	41.39
196.4	87.02	48.44	41.37
196.6	87.21	48.65	41.34
196.8	87.47	49.0	41.32
197.0	87.76	49.37	41.3
197.2	88.04	49.72	41.3
197.4	88.23	49.86	41.32
197.6	88.37	49.89	41.35
197.8	88.47	49.83	41.39
198.0	88.52	49.69	41.44
198.2	88.52	49.42	41.47
198.4	88.48	49.08	41.51
198.6	88.4	48.69	41.54
198.8	88.27	48.26	41.58
199.0	88.05	47.8	41.62
199.2	87.81	47.35	41.65
199.4	87.58	46.94	41.69
199.6	87.38	46.63	41.72
199.8	87.29	46.57	41.76
200.0	87.25	46.6	41.79
200.2	87.26	46.68	41.83
200.4	87.31	46.78	41.86
200.6	87.47	46.81	41.9
200.8	87.65	46.83	41.93
201.0	87.81	46.85	41.97
201.2	87.93	46.84	42.0
201.4	87.9	46.81	42.04
201.6	87.82	46.76	42.07
201.8	87.69	46.68	42.11
202.0	87.51	46.57	42.14
202.2	87.3	46.38	42.18
202.4	87.06	46.18	42.21
202.6	86.81	45.98	42.25
202.8	86.55	45.83	42.28
203.0	86.3	45.77	42.32
203.2	86.07	45.75	42.35
203.4	85.88	45.77	42.39
203.6	85.75	45.82	42.42
203.8	85.71	45.9	42.45
204.0	85.73	46.02	42.47
204.2	85.79	46.18	42.49
204.4	85.89	46.4	42.5
204.6	86.01	46.69	42.5
204.8	86.15	46.99	42.5
205.0	86.31	47.26	42.49
205.2	86.45	47.43	42.49
205.4	86.59	47.51	42.48
205.6	86.71	47.54	42.48
205.8	86.81	47.54	42.47
206.0	86.88	47.5	42.46
206.2	86.91	47.45	42.46
206.4	86.91	47.39	42.45
206.6	86.87	47.34	42.44
206.8	86.75	47.35	42.44
207.0	86.59	47.38	42.43
207.2	86.42	47.42	42.42
207.4	86.24	47.46	42.42
207.6	86.05	47.43	42.41
207.8	85.88	47.43	42.4
208.0	85.77	47.47	42.4
208.2	85.72	47.58	42.39
208.4	85.83	47.87	42.39
208.6	85.99	48.22	42.39
208.8	86.21	48.62	42.4
209.0	86.47	49.06	42.41
209.2	86.76	49.53	42.43
209.4	87.03	49.98	42.45
209.6	87.26	50.39	42.47
209.8	87.36	50.71	42.49
210.0	87.33	50.93	42.51
210.2	87.25	51.05	42.53
210.4	87.13	51.05	42.55
210.6	87.02	50.8	42.57
210.8	86.89	50.43	42.59
211.0	86.75	50.02	42.61
211.2	86.6	49.62	42.63
211.4	86.47	49.42	42.65
211.6	86.34	49.28	42.67
211.8	86.19	49.16	42.69
212.0	86.03	49.06	42.71
212.2	85.79	48.91	42.73
212.4	85.55	48.77	42.75
212.6	85.33	48.63	42.77
212.8	85.16	48.5	42.78
213.0	85.09	48.36	42.81
213.2	85.07	48.26	42.82
213.4	85.09	48.22	42.84
213.6	85.15	48.28	42.85
213.8	85.22	48.48	42.86
214.0	85.32	48.77	42.86
214.2	85.44	49.12	42.85
214.4	85.57	49.56	42.83
214.6	85.72	50.08	42.8
214.8	85.85	50.58	42.76
215.0	85.96	51.0	42.72
215.2	86.02	51.23	42.69
215.4	86.03	51.3	42.65
215.6	86.0	51.27	42.62
215.8	85.94	51.11	42.58
216.0	85.82	50.81	42.55
216.2	85.68	50.44	42.52
216.4	85.55	50.03	42.48
216.6	85.43	49.64	42.45
216.8	85.38	49.31	42.41
217.0	85.34	49.01	42.38
217.2	85.3	48.75	42.34
217.4	85.24	48.51	42.31
217.6	85.12	48.32	42.28
217.8	84.99	48.17	42.24
218.0	84.88	48.05	42.21
218.2	84.78	47.96	42.17
218.4	84.72	47.86	42.13
218.6	84.7	47.82	42.1
218.8	84.75	47.87	42.07
219.0	84.9	48.04	42.04
219.2	85.21	48.39	42.01
219.4	85.58	48.85	42.0
219.6	85.99	49.43	42.0
219.8	86.42	50.23	42.02
220.0	86.85	51.24	42.06
220.2	87.26	52.19	42.12
220.4	87.64	52.97	42.18
220.6	87.92	53.13	42.23
220.8	88.12	52.89	42.29
221.0	88.29	52.5	42.34
221.2	88.43	52.11	42.39
221.4	88.61	52.05	42.44
221.6	88.75	52.01	42.5
221.8	88.85	51.92	42.55
222.0	88.85	51.7	42.61
222.2	88.76	51.34	42.66
222.4	88.62	50.86	42.72
222.6	88.41	50.21	42.78
222.8	88.12	49.26	42.84
223.0	87.81	48.26	42.9
223.2	87.5	47.31	42.95
223.4	87.27	46.64	43.01
223.6	87.11	46.25	43.07
223.8	86.98	46.0	43.13
224.0	86.88	45.87	43.17
224.2	86.77	45.8	43.2
224.4	86.68	45.79	43.22
224.6	86.61	45.87	43.23
224.8	86.57	46.03	43.23
225.0	86.63	46.37	43.23
225.2	86.73	46.78	43.23
225.4	86.83	47.16	43.23
225.6	86.91	47.44	43.23
225.8	86.87	47.37	43.23
226.0	86.81	47.18	43.22
226.2	86.73	46.91	43.22
226.4	86.64	46.58	43.22
226.6	86.58	46.25	43.22
226.8	86.52	45.93	43.22
227.0	86.48	45.67	43.22
227.2	86.47	45.59	43.22
227.4	86.49	45.69	43.22
227.6	86.51	45.86	43.22
227.8	86.53	46.06	43.22
228.0	86.51	46.21	43.21
228.2	86.46	46.31	43.21
228.4	86.39	46.4	43.21
228.6	86.29	46.47	43.21
228.8	86.16	46.48	43.21
229.0	86.0	46.46	43.21
229.2	85.86	46.46	43.21
229.4	85.73	46.49	43.21
229.6	85.66	46.63	43.21
229.8	85.65	46.84	43.21
230.0	85.69	47.12	43.21
230.2	85.78	47.46	43.2
230.4	85.97	47.89	43.2
230.6	86.23	48.37	43.2
230.8	86.51	48.86	43.19
231.0	86.8	49.33	43.18
231.2	87.05	49.71	43.16
231.4	87.27	50.02	43.14
231.6	87.45	50.27	43.11
231.8	87.59	50.45	43.09
232.0	87.65	50.54	43.06
232.2	87.66	50.55	43.04
232.4	87.62	50.47	43.02
232.6	87.54	50.31	42.99
232.8	87.44	49.95	42.97
233.0	87.31	49.54	42.95
233.2	87.14	49.12	42.92
233.4	86.96	48.72	42.9
233.6	86.74	48.5	42.87
233.8	86.51	48.33	42.85
234.0	86.27	48.17	42.83
234.2	86.03	48.03	42.8
234.4	85.82	47.78	42.78
234.6	85.62	47.54	42.76
234.8	85.42	47.32	42.73
235.0	85.23	47.15	42.71
235.2	85.02	47.11	42.68
235.4	84.81	47.17	42.66
235.6	84.65	47.29	42.64
235.8	84.54	47.45	42.61
236.0	84.56	47.63	42.6
236.2	84.7	47.84	42.59
236.4	84.9	48.08	42.58
236.6	85.13	48.35	42.58
236.8	85.39	48.7	42.6
237.0	85.66	49.1	42.63
237.2	85.92	49.5	42.67
237.4	86.15	49.88	42.71
237.6	86.31	50.22	42.74
237.8	86.4	50.49	42.78
238.0	86.47	50.68	42.81
238.2	86.49	50.75	42.85
238.4	86.51	50.53	42.88
238.6	86.49	50.2	42.92
238.8	86.44	49.8	42.95
239.0	86.37	49.36	42.99
239.2	86.21	48.98	43.02
239.4	86.03	48.62	43.06
239.6	85.85	48.29	43.09
239.8	85.69	48.01	43.13
240.0	85.67	47.83	43.16
240.2	85.67	47.71	43.2
240.4	85.69	47.64	43.23
240.6	85.69	47.61	43.26
240.8	85.62	47.63	43.3
241.0	85.48	47.68	43.33
241.2	85.32	47.73	43.36
241.4	85.15	47.79	43.39
241.6	84.98	47.79	43.43
241.8	84.82	47.67	43.46
242.0	84.69	47.59	43.5
242.2	84.61	47.56	43.53
242.4	84.61	47.68	43.55
242.6	84.75	48.08	43.56
242.8	84.94	48.57	43.56
243.0	85.17	49.09	43.56
243.2	85.43	49.6	43.55
243.4	85.68	50.03	43.53
243.6	85.93	50.4	43.51
243.8	86.16	50.67	43.49
244.0	86.36	50.8	43.47
244.2	86.49	50.74	43.46
244.4	86.61	50.57	43.44
244.6	86.71	50.31	43.42
244.8	86.8	49.97	43.4
245.0	86.91	49.56	43.39
245.2	86.99	49.13	43.37
245.4	87.04	48.69	43.35
245.6	87.05	48.31	43.33
245.8	87.0	48.0	43.31
246.0	86.92	47.74	43.3
246.2	86.8	47.52	43.28
246.4	86.62	47.36	43.26
246.6	86.38	47.26	43.24
246.8	86.13	47.22	43.22
247.0	85.89	47.24	43.21
247.2	85.71	47.33	43.19
247.4	85.64	47.5	43.17
247.6	85.63	47.73	43.15
247.8	85.68	48.02	43.13
248.0	85.8	48.36	43.12
248.2	86.01	48.78	43.1
248.4	86.26	49.22	43.08
248.6	86.52	49.65	43.06
248.8	86.75	50.05	43.05
249.0	86.91	50.39	43.03
249.2	87.04	50.66	43.02
249.4	87.14	50.83	43.0
249.6	87.21	50.82	42.99
249.8	87.24	50.63	42.97
250.0	87.25	50.37	42.96
250.2	87.23	50.08	42.94
250.4	87.18	49.93	42.93
250.6	87.11	49.87	42.91
250.8	87.02	49.81	42.9
251.0	86.93	49.71	42.88
251.2	86.86	49.44	42.87
251.4	86.8	49.03	42.85
251.6	86.74	48.6	42.84
251.8	86.69	48.2	42.82
252.0	86.62	47.89	42.81
252.2	86.54	47.74	42.79
252.4	86.47	47.67	42.78
252.6	86.42	47.68	42.76
252.8	86.42	47.81	42.75
253.0	86.53	48.09	42.73
253.2	86.66	48.41	42.72
253.4	86.78	48.74	42.7
253.6	86.85	49.01	42.69
253.8	86.81	49.11	42.68
254.0	86.74	49.16	42.68
254.2	86.65	49.15	42.68
254.4	86.56	49.11	42.67
254.6	86.52	49.05	42.67
254.8	86.47	48.95	42.67
255.0	86.39	48.82	42.66
255.2	86.27	48.64	42.66
255.4	86.03	48.35	42.65
255.6	85.76	48.05	42.65
255.8	85.46	47.78	42.65
256.0	85.15	47.56	42.64
256.2	84.84	47.57	42.64
256.4	84.55	47.63	42.63
256.6	84.3	47.74	42.63
256.8	84.11	47.86	42.63
257.0	84.06	47.87	42.63
257.2	84.09	47.86	42.64
257.4	84.17	47.88	42.65
257.6	84.29	47.95	42.67
257.8	84.45	48.22	42.71
258.0	84.62	48.58	42.76
258.2	84.78	48.94	42.81
258.4	84.9	49.27	42.87
258.6	84.89	49.37	42.93
258.8	84.8	49.35	42.98
259.0	84.68	49.29	43.03
259.2	84.55	49.21	43.09
259.4	84.47	49.27	43.14
259.6	84.41	49.37	43.19
259.8	84.36	49.46	43.24
260.0	84.3	49.51	43.29
260.2	84.22	49.38	43.34
260.4	84.11	49.11	43.39
260.6	84.01	48.84	43.44
260.8	83.9	48.61	43.49
261.0	83.8	48.6	43.54
261.2	83.71	48.81	43.59
261.4	83.65	49.08	43.64
261.6	83.6	49.35	43.69
261.8	83.57	49.5	43.75
262.0	83.56	49.51	43.81
262.2	83.6	49.52	43.86
262.4	83.7	49.56	43.9
262.6	83.92	49.75	43.93
262.8	84.24	50.07	43.94
263.0	84.59	50.45	43.94
263.2	84.96	50.85	43.93
263.4	85.28	51.23	43.91
263.6	85.56	51.6	43.89
263.8	85.83	51.94	43.85
264.0	86.09	52.23	43.82
264.2	86.33	52.45	43.78
264.4	86.55	52.61	43.75
264.6	86.74	52.69	43.72
264.8	86.89	52.7	43.69
265.0	86.98	52.63	43.65
265.2	87.03	52.48	43.62
265.4	87.05	52.21	43.59
265.6	87.07	51.79	43.56
265.8	87.08	51.17	43.52
266.0	87.08	50.49	43.49
266.2	87.06	49.79	43.46
266.4	87.01	49.17	43.43
266.6	86.93	48.74	43.39
266.8	86.83	48.37	43.36
267.0	86.71	48.04	43.33
267.2	86.55	47.75	43.3
267.4	86.34	47.4	43.26
267.6	86.11	47.09	43.23
267.8	85.89	46.85	43.2
268.0	85.7	46.69	43.17
268.2	85.59	46.76	43.13
268.4	85.54	46.94	43.09
268.6	85.52	47.17	43.06
268.8	85.55	47.41	43.03
269.0	85.63	47.53	43.02
269.2	85.75	47.58	43.03
269.4	85.86	47.61	43.03
269.6	85.94	47.65	43.05
269.8	85.91	47.77	43.06
270.0	85.81	47.92	43.07
270.2	85.66	48.04	43.09
270.4	85.48	48.1	43.1
270.6	85.27	47.94	43.12
270.8	85.05	47.68	43.13
271.0	84.81	47.39	43.14
271.2	84.55	47.13	43.16
271.4	84.3	47.04	43.17
271.6	84.05	47.04	43.18
271.8	83.8	47.09	43.2
272.0	83.55	47.16	43.21
272.2	83.31	47.23	43.22
272.4	83.08	47.31	43.24
272.6	82.87	47.39	43.25
272.8	82.68	47.48	43.26
273.0	82.49	47.51	43.28
273.2	82.33	47.54	43.29
273.4	82.24	47.64	43.3
273.6	82.21	47.84	43.31
273.8	82.35	48.36	43.32
274.0	82.58	49.01	43.32
274.2	82.87	49.7	43.32
274.4	83.2	50.37	43.32
274.6	83.52	50.82	43.32
274.8	83.84	51.2	43.32
275.0	84.16	51.51	43.33
275.2	84.46	51.74	43.33
275.4	84.72	51.9	43.33
275.6	84.97	51.99	43.33
275.8	85.21	52.02	43.33
276.0	85.48	51.99	43.33
276.2	85.77	51.9	43.33
276.4	86.03	51.76	43.33
276.6	86.26	51.57	43.33
276.8	86.41	51.27	43.33
277.0	86.51	50.92	43.33
277.2	86.56	50.59	43.33
277.4	86.58	50.3	43.34
277.6	86.54	50.21	43.33
277.8	86.49	50.21	43.33
278.0	86.43	50.25	43.33
278.2	86.39	50.29	43.34
278.4	86.45	50.23	43.35
278.6	86.54	50.15	43.36
278.8	86.65	50.07	43.37
279.0	86.76	50.01	43.39
279.2	86.89	50.05	43.41
279.4	86.99	50.12	43.43
279.6	87.05	50.18	43.45
279.8	87.06	50.21	43.47
280.0	86.92	50.19	43.49
280.2	86.73	50.09	43.51
280.4	86.49	49.92	43.54
280.6	86.21	49.64	43.56
280.8	85.93	49.09	43.58
281.0	85.63	48.46	43.6
281.2	85.34	47.82	43.62
281.4	85.04	47.23	43.64
281.6	84.77	46.92	43.67
281.8	84.51	46.7	43.69
282.0	84.26	46.53	43.71
282.2	84.02	46.41	43.73
282.4	83.73	46.16	43.75
282.6	83.47	45.95	43.77
282.8	83.26	45.82	43.79
283.0	83.14	45.84	43.81
283.2	83.25	46.26	43.83
283.4	83.47	46.85	43.85
283.6	83.73	47.52	43.88
283.8	84.02	48.2	43.9
284.0	84.23	48.76	43.92
284.2	84.41	49.26	43.94
284.4	84.56	49.69	43.96
284.6	84.67	50.05	43.99
284.8	84.68	50.24	44.01
285.0	84.66	50.36	44.03
285.2	84.62	50.43	44.05
285.4	84.58	50.45	44.07
285.6	84.6	50.47	44.1
285.8	84.63	50.48	44.12
286.0	84.65	50.46	44.14
286.2	84.66	50.42	44.16
286.4	84.64	50.33	44.18
286.6	84.59	50.22	44.2
286.8	84.54	50.14	44.22
287.0	84.47	50.09	44.24
287.2	84.38	50.16	44.27
287.4	84.28	50.3	44.29
287.6	84.19	50.49	44.31
287.8	84.13	50.7	44.32
