0.2	81.82	48.19	36.69
0.4	81.74	47.44	36.69
0.6	81.35	46.5	36.69
0.8	80.72	45.42	36.69
1.0	79.91	44.3	36.69
1.2	79.01	43.2	36.69
1.4	78.07	42.2	36.69
1.6	77.17	41.38	36.69
1.8	76.38	40.8	36.69
2.0	76.14	41.08	36.69
2.2	76.13	41.73	36.69
2.4	76.27	42.59	36.69
2.6	76.51	43.6	36.69
2.8	76.83	44.66	36.69
3.0	77.06	45.44	36.69
3.2	77.28	46.08	36.69
3.4	77.54	46.72	36.69
3.6	77.87	47.37	36.69
3.8	78.28	48.08	36.69
4.0	78.84	48.92	36.69
4.2	79.43	49.74	36.69
4.4	80.05	50.52	36.69
4.6	80.64	51.19	36.69
4.8	81.14	51.66	36.69
5.0	81.63	52.03	36.69
5.2	82.13	52.31	36.69
5.4	82.67	52.47	36.69
5.6	83.27	52.52	36.69
5.8	83.88	52.52	36.69
6.0	84.5	52.51	36.69
6.2	85.1	52.61	36.69
6.4	85.69	52.82	36.69
6.6	86.25	52.98	36.69
6.8	86.8	53.02	36.68
7.0	87.36	52.78	36.68
7.2	87.88	52.33	36.67
7.4	88.34	51.74	36.66
7.6	88.72	51.02	36.64
7.8	88.97	50.19	36.63
8.0	89.11	49.26	36.62
8.2	89.14	48.25	36.61
8.4	89.03	47.13	36.6
8.6	88.76	45.87	36.59
8.8	88.39	44.63	36.58
9.0	87.95	43.47	36.57
9.2	87.48	42.48	36.56
9.4	87.0	41.89	36.55
9.6	86.53	41.49	36.54
9.8	86.06	41.26	36.53
10.0	85.61	41.19	36.52
10.2	85.24	41.29	36.51
10.4	84.95	41.53	36.5
10.6	84.7	41.87	36.49
10.8	84.48	42.29	36.48
11.0	84.28	42.76	36.47
11.2	84.08	43.22	36.46
11.4	83.88	43.66	36.45
11.6	83.69	44.11	36.44
11.8	83.5	44.55	36.43
12.0	83.33	44.97	36.42
12.2	83.16	45.36	36.4
12.4	82.99	45.72	36.39
12.6	82.82	46.05	36.38
12.8	82.66	46.34	36.37
13.0	82.49	46.56	36.36
13.2	82.31	46.7	36.35
13.4	82.14	46.82	36.34
13.6	81.99	46.93	36.33
13.8	81.87	47.04	36.32
14.0	81.78	47.22	36.31
14.2	81.72	47.43	36.3
14.4	81.71	47.65	36.29
14.6	81.74	47.89	36.28
14.8	81.83	48.12	36.27
15.0	81.97	48.35	36.26
15.2	82.19	48.63	36.25
15.4	82.47	48.95	36.24
15.6	82.85	49.39	36.24
15.8	83.33	49.94	36.23
16.0	83.86	50.51	36.22
16.2	84.44	51.06	36.22
16.4	85.13	51.58	36.21
16.6	85.84	52.01	36.2
16.8	86.49	52.33	36.2
17.0	87.01	52.49	36.19
17.2	87.15	52.35	36.18
17.4	87.08	52.01	36.18
17.6	86.87	51.49	36.17
17.8	86.55	50.82	36.16
18.0	86.2	49.88	36.16
18.2	85.8	48.85	36.15
18.4	85.37	47.81	36.14
18.6	84.94	46.82	36.14
18.8	84.58	46.14	36.13
19.0	84.3	45.84	36.12
19.2	84.06	45.69	36.12
19.4	83.84	45.66	36.11
19.6	83.65	45.71	36.1
19.8	83.46	45.77	36.1
20.0	83.27	45.76	36.09
20.2	83.11	45.8	36.08
20.4	82.97	45.88	36.08
20.6	82.86	46.02	36.07
20.8	82.8	46.23	36.06
21.0	82.81	46.53	36.06
21.2	82.85	46.89	36.05
21.4	82.91	47.29	36.04
21.6	82.98	47.73	36.03
21.8	83.0	48.17	36.03
22.0	82.95	48.61	36.02
22.2	82.94	49.07	36.01
22.4	83.01	49.56	36.01
22.6	83.18	50.09	36.0
22.8	83.61	50.68	35.99
23.0	84.15	51.29	35.99
23.2	84.78	51.94	35.98
23.4	85.47	52.62	35.98
23.6	86.24	53.49	35.98
23.8	87.02	54.29	35.98
24.0	87.77	54.94	35.98
24.2	88.46	55.26	35.99
24.4	89.03	55.08	35.99
24.6	89.51	54.63	36.0
24.8	89.91	53.94	36.0
25.0	90.21	53.03	36.01
25.2	90.41	51.91	36.01
25.4	90.51	50.69	36.02
25.6	90.51	49.4	36.03
25.8	90.34	48.1	36.03
26.0	90.01	46.86	36.04
26.2	89.6	45.69	36.04
26.4	89.14	44.65	36.05
26.6	88.68	43.79	36.05
26.8	88.36	43.42	36.06
27.0	88.09	43.3	36.06
27.2	87.83	43.34	36.07
27.4	87.57	43.51	36.07
27.6	87.29	43.76	36.08
27.8	86.94	44.0	36.08
28.0	86.56	44.23	36.09
28.2	86.16	44.49	36.09
28.4	85.77	44.74	36.1
28.6	85.38	44.99	36.1
28.8	85.02	45.13	36.11
29.0	84.69	45.22	36.11
29.2	84.39	45.3	36.12
29.4	84.1	45.39	36.12
29.6	83.83	45.48	36.13
29.8	83.57	45.63	36.13
30.0	83.33	45.82	36.14
30.2	83.12	46.04	36.14
30.4	82.94	46.29	36.15
30.6	82.8	46.57	36.15
30.8	82.67	46.84	36.16
31.0	82.59	47.14	36.16
31.2	82.57	47.5	36.16
31.4	82.63	47.92	36.17
31.6	82.79	48.44	36.18
31.8	83.1	49.17	36.19
32.0	83.51	49.96	36.21
32.2	84.01	50.78	36.22
32.4	84.59	51.61	36.24
32.6	85.26	52.41	36.27
32.8	86.0	53.16	36.29
33.0	86.79	53.83	36.31
33.2	87.61	54.4	36.34
33.4	88.44	54.78	36.36
33.6	89.29	55.03	36.39
33.8	90.15	55.15	36.41
34.0	91.08	55.17	36.44
34.2	92.16	55.19	36.46
34.4	93.15	54.98	36.49
34.6	93.96	54.48	36.51
34.8	94.34	53.39	36.54
35.0	94.15	51.58	36.57
35.2	93.74	49.55	36.61
35.4	93.21	47.47	36.64
35.6	92.74	45.69	36.67
35.8	92.51	44.51	36.69
36.0	92.3	43.58	36.72
36.2	92.12	42.89	36.74
36.4	91.94	42.44	36.76
36.6	91.74	42.22	36.79
36.8	91.46	42.36	36.81
37.0	91.16	42.67	36.84
37.2	90.87	43.1	36.86
37.4	90.59	43.61	36.88
37.6	90.32	44.15	36.91
37.8	90.06	44.43	36.93
38.0	89.83	44.68	36.95
38.2	89.65	44.94	36.98
38.4	89.52	45.24	37.0
38.6	89.46	45.61	37.02
38.8	89.55	46.16	37.04
39.0	89.74	46.84	37.06
39.2	89.99	47.56	37.08
39.4	90.29	48.31	37.1
39.6	90.63	49.06	37.12
39.8	91.08	49.87	37.14
40.0	91.52	50.62	37.17
40.2	91.91	51.26	37.19
40.4	92.22	51.72	37.21
40.6	92.31	51.87	37.23
40.8	92.27	51.77	37.26
41.0	92.12	51.47	37.28
41.2	91.86	50.93	37.31
41.4	91.46	50.04	37.34
41.6	91.03	49.08	37.36
41.8	90.61	48.14	37.38
42.0	90.3	47.46	37.41
42.2	90.15	47.12	37.43
42.4	90.07	46.93	37.45
42.6	90.06	46.85	37.46
42.8	90.12	46.79	37.46
43.0	90.24	46.77	37.46
43.2	90.4	46.8	37.44
43.4	90.6	46.88	37.43
43.6	90.91	47.1	37.41
43.8	91.23	47.35	37.38
44.0	91.48	47.52	37.35
44.2	91.63	47.54	37.32
44.4	91.42	47.06	37.29
44.6	91.05	46.38	37.26
44.8	90.56	45.62	37.24
45.0	90.0	44.84	37.21
45.2	89.42	44.27	37.18
45.4	88.83	43.8	37.15
45.6	88.24	43.42	37.13
45.8	87.68	43.15	37.1
46.0	87.22	43.02	37.07
46.2	86.89	43.05	37.04
46.4	86.61	43.19	37.02
46.6	86.37	43.41	36.99
46.8	86.15	43.7	36.96
47.0	85.9	44.07	36.93
47.2	85.63	44.49	36.9
47.4	85.38	44.93	36.88
47.6	85.15	45.37	36.85
47.8	84.94	45.8	36.82
48.0	84.8	46.13	36.79
48.2	84.68	46.42	36.77
48.4	84.57	46.68	36.74
48.6	84.47	46.9	36.71
48.8	84.35	47.08	36.68
49.0	84.19	47.2	36.66
49.2	84.03	47.3	36.63
49.4	83.87	47.39	36.6
49.6	83.71	47.48	36.57
49.8	83.54	47.6	36.54
50.0	83.38	47.74	36.52
50.2	83.27	47.91	36.49
50.4	83.21	48.12	36.46
50.6	83.26	48.35	36.43
50.8	83.44	48.61	36.41
51.0	83.69	48.95	36.38
51.2	84.02	49.39	36.35
51.4	84.44	50.01	36.32
51.6	84.93	50.86	36.28
51.8	85.47	51.77	36.24
52.0	86.06	52.68	36.19
52.2	86.69	53.52	36.14
52.4	87.34	54.23	36.09
52.6	87.99	54.81	36.03
52.8	88.61	55.22	35.98
53.0	89.23	55.39	35.92
53.2	89.79	55.29	35.86
53.4	90.24	54.94	35.81
53.6	90.52	54.32	35.75
53.8	90.41	53.21	35.69
54.0	89.96	51.72	35.64
54.2	89.39	50.1	35.58
54.4	88.75	48.47	35.53
54.6	88.19	47.06	35.47
54.8	87.91	46.18	35.41
55.0	87.69	45.51	35.36
55.2	87.53	45.01	35.3
55.4	87.41	44.69	35.25
55.6	87.33	44.52	35.19
55.8	87.22	44.48	35.13
56.0	87.15	44.57	35.08
56.2	87.11	44.8	35.02
56.4	87.13	45.15	34.96
56.6	87.2	45.62	34.91
56.8	87.41	46.26	34.85
57.0	87.68	47.0	34.8
57.2	87.98	47.8	34.74
57.4	88.28	48.63	34.68
57.6	88.57	49.46	34.63
57.8	88.76	50.3	34.57
58.0	88.94	51.08	34.52
58.2	89.09	51.76	34.46
58.4	89.24	52.32	34.4
58.6	89.32	52.52	34.34
58.8	89.42	52.61	34.29
59.0	89.58	52.67	34.23
59.2	89.88	52.83	34.18
59.4	90.35	53.17	34.12
59.6	90.89	53.51	34.09
59.8	91.46	53.8	34.08
60.0	92.12	54.13	34.12
60.2	92.7	54.27	34.19
60.4	93.1	54.1	34.28
60.6	93.07	53.25	34.38
60.8	92.57	51.7	34.47
61.0	91.89	49.89	34.56
61.2	91.11	47.96	34.65
61.4	90.54	46.31	34.73
61.6	90.07	44.88	34.81
61.8	89.63	43.62	34.88
62.0	89.2	42.59	34.95
62.2	88.79	41.82	35.02
62.4	88.33	41.78	35.09
62.6	87.87	41.98	35.16
62.8	87.42	42.36	35.23
63.0	86.98	42.84	35.3
63.2	86.56	43.35	35.37
63.4	86.16	43.51	35.44
63.6	85.78	43.64	35.51
63.8	85.42	43.76	35.58
64.0	85.1	43.89	35.64
64.2	84.8	44.04	35.71
64.4	84.53	44.26	35.78
64.6	84.31	44.51	35.85
64.8	84.13	44.8	35.92
65.0	84.01	45.13	35.99
65.2	83.97	45.51	36.05
65.4	84.09	45.97	36.11
65.6	84.26	46.46	36.18
65.8	84.44	46.98	36.24
66.0	84.61	47.53	36.3
66.2	84.69	48.14	36.36
66.4	84.66	48.79	36.43
66.6	84.62	49.41	36.49
66.8	84.58	49.96	36.56
67.0	84.54	50.33	36.63
67.2	84.51	50.41	36.7
67.4	84.55	50.46	36.77
67.6	84.7	50.56	36.83
67.8	85.05	50.85	36.88
68.0	85.64	51.42	36.92
68.2	86.33	52.08	36.94
68.4	87.11	52.8	36.95
68.6	87.94	53.66	36.94
68.8	88.79	54.51	36.92
69.0	89.65	55.22	36.9
69.2	90.48	55.69	36.86
69.4	91.36	55.69	36.83
69.6	92.12	55.33	36.79
69.8	92.67	54.59	36.76
70.0	92.81	53.25	36.72
70.2	92.4	51.25	36.68
70.4	91.79	49.04	36.65
70.6	91.04	46.78	36.61
70.8	90.4	44.88	36.58
71.0	90.0	43.61	36.54
71.2	89.64	42.63	36.51
71.4	89.31	41.92	36.47
71.6	89.01	41.47	36.44
71.8	88.7	41.33	36.4
72.0	88.37	41.61	36.37
72.2	88.04	42.06	36.33
72.4	87.72	42.63	36.3
72.6	87.39	43.24	36.26
72.8	87.07	43.85	36.22
73.0	86.72	44.01	36.19
73.2	86.37	44.12	36.15
73.4	86.05	44.2	36.12
73.6	85.74	44.27	36.08
73.8	85.46	44.36	36.05
74.0	85.26	44.63	36.01
74.2	85.11	44.97	35.98
74.4	84.98	45.32	35.94
74.6	84.88	45.68	35.91
74.8	84.8	46.03	35.87
75.0	84.69	46.25	35.84
75.2	84.58	46.42	35.8
75.4	84.5	46.58	35.77
75.6	84.45	46.74	35.73
75.8	84.44	46.94	35.69
76.0	84.44	47.22	35.66
76.2	84.51	47.55	35.62
76.4	84.68	47.92	35.59
76.6	84.97	48.34	35.55
76.8	85.47	48.85	35.52
77.0	86.21	49.44	35.48
77.2	87.07	50.03	35.44
77.4	88.0	50.58	35.41
77.6	89.01	51.09	35.38
77.8	90.05	51.5	35.37
78.0	91.07	51.77	35.36
78.2	92.03	51.87	35.35
78.4	92.89	51.72	35.35
78.6	93.61	51.3	35.34
78.8	94.15	50.61	35.34
79.0	94.47	49.63	35.34
79.2	94.27	47.97	35.33
79.4	93.79	46.01	35.33
79.6	93.16	43.98	35.32
79.8	92.45	42.0	35.32
80.0	91.96	40.67	35.32
80.2	91.66	39.92	35.31
80.4	91.41	39.47	35.31
80.6	91.19	39.28	35.31
80.8	90.99	39.34	35.3
81.0	90.8	39.6	35.3
81.2	90.53	40.14	35.29
81.4	90.26	40.83	35.29
81.6	89.98	41.59	35.29
81.8	89.71	42.37	35.28
82.0	89.43	43.12	35.28
82.2	89.17	43.66	35.28
82.4	88.9	43.89	35.27
82.6	88.65	44.04	35.27
82.8	88.41	44.14	35.26
83.0	88.19	44.21	35.26
83.2	87.99	44.27	35.26
83.4	87.83	44.4	35.25
83.6	87.69	44.52	35.25
83.8	87.56	44.65	35.25
84.0	87.44	44.79	35.24
84.2	87.31	44.93	35.24
84.4	87.17	45.07	35.23
84.6	87.04	45.23	35.23
84.8	86.92	45.4	35.23
85.0	86.81	45.59	35.22
85.2	86.69	45.79	35.22
85.4	86.56	46.02	35.21
85.6	86.49	46.28	35.21
85.8	86.5	46.61	35.21
86.0	86.62	47.02	35.21
86.2	87.01	47.65	35.21
86.4	87.48	48.32	35.22
86.6	88.03	48.98	35.23
86.8	88.63	49.57	35.24
87.0	89.22	49.97	35.26
87.2	89.81	50.27	35.27
87.4	90.4	50.46	35.28
87.6	90.98	50.55	35.3
87.8	91.62	50.63	35.31
88.0	92.16	50.55	35.33
88.2	92.56	50.26	35.34
88.4	92.7	49.62	35.36
88.6	92.35	48.36	35.37
88.8	91.83	46.94	35.39
89.0	91.21	45.47	35.41
89.2	90.59	44.08	35.42
89.4	90.29	43.29	35.44
89.6	90.03	42.7	35.45
89.8	89.81	42.3	35.47
90.0	89.6	42.07	35.48
90.2	89.39	42.0	35.49
90.4	89.07	42.19	35.51
90.6	88.73	42.49	35.52
90.8	88.38	42.85	35.53
91.0	88.02	43.25	35.55
91.2	87.66	43.63	35.56
91.4	87.29	43.72	35.57
91.6	86.93	43.77	35.59
91.8	86.58	43.8	35.6
92.0	86.25	43.83	35.62
92.2	85.96	43.87	35.63
92.4	85.72	44.02	35.64
92.6	85.53	44.21	35.66
92.8	85.36	44.43	35.67
93.0	85.22	44.66	35.68
93.2	85.11	44.91	35.69
93.4	85.01	45.14	35.71
93.6	84.92	45.38	35.72
93.8	84.85	45.61	35.73
94.0	84.81	45.86	35.75
94.2	84.78	46.11	35.76
94.4	84.71	46.28	35.77
94.6	84.66	46.47	35.78
94.8	84.68	46.73	35.79
95.0	84.78	47.1	35.8
95.2	85.03	47.69	35.81
95.4	85.47	48.59	35.82
95.6	86.0	49.56	35.82
95.8	86.61	50.55	35.83
96.0	87.28	51.45	35.84
96.2	88.0	52.2	35.85
96.4	88.73	52.84	35.85
96.6	89.46	53.35	35.86
96.8	90.15	53.7	35.87
97.0	90.78	53.88	35.88
97.2	91.33	53.87	35.88
97.4	91.78	53.67	35.89
97.6	92.08	53.15	35.9
97.8	92.23	52.4	35.91
98.0	92.25	51.48	35.92
98.2	92.15	50.44	35.93
98.4	91.88	49.31	35.94
98.6	91.47	48.13	35.94
98.8	90.98	46.97	35.95
99.0	90.45	45.88	35.96
99.2	89.91	44.91	35.97
99.4	89.51	44.38	35.98
99.6	89.12	44.01	35.99
99.8	88.75	43.77	35.99
100.0	88.4	43.65	36.0
100.2	88.06	43.63	36.01
100.4	87.73	43.65	36.02
100.6	87.4	43.71	36.02
100.8	87.08	43.83	36.03
101.0	86.77	43.99	36.04
101.2	86.48	44.2	36.05
101.4	86.2	44.44	36.05
101.6	85.94	44.71	36.06
101.8	85.69	44.99	36.07
102.0	85.45	45.29	36.07
102.2	85.23	45.58	36.08
102.4	85.01	45.87	36.09
102.6	84.78	46.1	36.1
102.8	84.57	46.33	36.1
103.0	84.37	46.54	36.11
103.2	84.19	46.74	36.12
103.4	84.02	46.94	36.13
103.6	83.85	47.1	36.13
103.8	83.71	47.27	36.14
104.0	83.6	47.45	36.15
104.2	83.53	47.66	36.16
104.4	83.49	47.9	36.16
104.6	83.48	48.2	36.17
104.8	83.52	48.56	36.17
105.0	83.64	48.98	36.17
105.2	83.85	49.46	36.17
105.4	84.2	50.05	36.17
105.6	84.75	50.77	36.16
105.8	85.37	51.55	36.15
106.0	86.05	52.35	36.14
106.2	86.77	53.15	36.13
106.4	87.44	53.97	36.12
106.6	88.13	54.73	36.11
106.8	88.85	55.39	36.1
107.0	89.61	55.91	36.09
107.2	90.59	56.31	36.08
107.4	91.52	56.45	36.06
107.6	92.31	56.26	36.05
107.8	92.85	55.57	36.04
108.0	92.78	53.86	36.03
108.2	92.5	51.85	36.02
108.4	92.09	49.7	36.01
108.6	91.59	47.58	35.99
108.8	91.38	46.34	35.98
109.0	91.2	45.36	35.97
109.2	91.02	44.61	35.96
109.4	90.84	44.07	35.95
109.6	90.65	43.7	35.94
109.8	90.41	43.53	35.92
110.0	90.12	43.5	35.91
110.2	89.81	43.57	35.9
110.4	89.49	43.7	35.89
110.6	89.15	43.87	35.88
110.8	88.79	43.96	35.87
111.0	88.42	43.91	35.85
111.2	88.04	43.85	35.84
111.4	87.68	43.8	35.83
111.6	87.32	43.77	35.82
111.8	86.99	43.76	35.81
112.0	86.72	43.82	35.8
112.2	86.47	43.92	35.79
112.4	86.24	44.05	35.77
112.6	86.02	44.21	35.76
112.8	85.81	44.42	35.75
113.0	85.58	44.7	35.74
113.2	85.35	45.02	35.72
113.4	85.15	45.36	35.71
113.6	84.97	45.71	35.7
113.8	84.82	46.05	35.69
114.0	84.68	46.3	35.69
114.2	84.59	46.55	35.69
114.4	84.57	46.82	35.7
114.6	84.64	47.13	35.71
114.8	84.86	47.52	35.73
115.0	85.27	48.05	35.76
115.2	85.77	48.61	35.8
115.4	86.34	49.18	35.83
115.6	86.95	49.73	35.87
115.8	87.57	50.24	35.91
116.0	88.2	50.7	35.95
116.2	88.83	51.09	35.98
116.4	89.45	51.4	36.02
116.6	90.11	51.7	36.06
116.8	90.71	51.87	36.09
117.0	91.2	51.83	36.13
117.2	91.55	51.53	36.17
117.4	91.5	50.54	36.22
117.6	91.26	49.27	36.26
117.8	90.91	47.85	36.31
118.0	90.48	46.4	36.35
118.2	90.16	45.23	36.39
118.4	89.88	44.26	36.43
118.6	89.6	43.43	36.47
118.8	89.31	42.72	36.51
119.0	89.02	42.17	36.55
119.2	88.66	41.82	36.58
119.4	88.28	41.65	36.62
119.6	87.92	41.63	36.66
119.8	87.59	41.74	36.7
120.0	87.32	41.97	36.73
120.2	87.16	42.28	36.77
120.4	87.12	42.66	36.8
120.6	87.16	43.16	36.83
120.8	87.3	43.79	36.86
121.0	87.52	44.57	36.89
121.2	87.87	45.56	36.92
121.4	88.4	46.94	36.95
121.6	88.98	48.34	36.98
121.8	89.57	49.71	37.01
122.0	90.14	50.95	37.05
122.2	90.64	51.86	37.08
122.4	91.06	52.52	37.12
122.6	91.39	52.95	37.15
122.8	91.62	53.15	37.19
123.0	91.69	53.07	37.23
123.2	91.65	52.76	37.27
123.4	91.51	52.23	37.31
123.6	91.23	51.43	37.34
123.8	90.81	50.35	37.38
124.0	90.37	49.21	37.41
124.2	89.94	48.07	37.43
124.4	89.65	47.16	37.44
124.6	89.48	46.47	37.44
124.8	89.38	45.92	37.43
125.0	89.35	45.52	37.41
125.2	89.38	45.27	37.38
125.4	89.47	45.18	37.34
125.6	89.6	45.21	37.3
125.8	89.77	45.37	37.26
126.0	90.03	45.76	37.21
126.2	90.31	46.26	37.17
126.4	90.53	46.73	37.13
126.6	90.66	47.08	37.09
126.8	90.52	47.02	37.05
127.0	90.21	46.7	37.01
127.2	89.77	46.23	36.97
127.4	89.24	45.67	36.93
127.6	88.61	45.01	36.89
127.8	87.93	44.33	36.85
128.0	87.23	43.69	36.81
128.2	86.55	43.15	36.77
128.4	85.93	42.81	36.73
128.6	85.54	43.02	36.69
128.8	85.21	43.4	36.65
129.0	84.94	43.9	36.61
129.2	84.72	44.47	36.57
129.4	84.53	45.05	36.53
129.6	84.3	45.39	36.49
129.8	84.11	45.73	36.45
130.0	83.95	46.07	36.41
130.2	83.83	46.43	36.37
130.4	83.78	46.82	36.33
130.6	83.84	47.32	36.29
130.8	83.94	47.84	36.25
131.0	84.06	48.35	36.21
131.2	84.19	48.85	36.16
131.4	84.28	49.3	36.12
131.6	84.34	49.69	36.08
131.8	84.38	50.04	36.04
132.0	84.42	50.35	36.0
132.2	84.45	50.61	35.96
132.4	84.42	50.78	35.92
132.6	84.41	50.93	35.88
132.8	84.43	51.07	35.84
133.0	84.5	51.21	35.8
133.2	84.7	51.47	35.76
133.4	84.98	51.76	35.71
133.6	85.31	52.03	35.67
133.8	85.7	52.26	35.64
134.0	86.14	52.4	35.62
134.2	86.62	52.45	35.62
134.4	87.09	52.42	35.63
134.6	87.53	52.3	35.64
134.8	87.86	52.05	35.65
135.0	88.11	51.7	35.66
135.2	88.33	51.27	35.68
135.4	88.54	50.77	35.69
135.6	88.89	50.28	35.71
135.8	89.27	49.76	35.72
136.0	89.59	49.14	35.73
136.2	89.81	48.43	35.75
136.4	89.72	47.43	35.76
136.6	89.34	46.2	35.78
136.8	88.87	44.95	35.79
137.0	88.35	43.76	35.81
137.2	87.86	42.77	35.82
137.4	87.66	42.34	35.84
137.6	87.51	42.13	35.85
137.8	87.41	42.09	35.86
138.0	87.33	42.19	35.88
138.2	87.26	42.42	35.89
138.4	87.11	42.68	35.9
138.6	86.93	43.0	35.91
138.8	86.78	43.37	35.92
139.0	86.65	43.78	35.94
139.2	86.56	44.21	35.95
139.4	86.56	44.6	35.96
139.6	86.64	44.97	35.97
139.8	86.77	45.34	35.99
140.0	86.93	45.71	36.0
140.2	87.12	46.09	36.01
140.4	87.35	46.51	36.02
140.6	87.6	46.95	36.04
140.8	87.86	47.37	36.05
141.0	88.1	47.75	36.06
141.2	88.32	48.09	36.07
141.4	88.45	48.3	36.08
141.6	88.54	48.46	36.1
141.8	88.62	48.58	36.11
142.0	88.69	48.67	36.12
142.2	88.73	48.75	36.13
142.4	88.77	48.82	36.14
142.6	88.85	48.87	36.15
142.8	88.98	48.88	36.16
143.0	89.24	48.82	36.16
143.2	89.62	48.71	36.16
143.4	90.07	48.62	36.16
143.6	90.56	48.61	36.16
143.8	91.08	48.86	36.16
144.0	91.62	49.29	36.15
144.2	92.16	49.73	36.15
144.4	92.7	50.13	36.15
144.6	93.29	50.39	36.14
144.8	93.83	50.5	36.14
145.0	94.26	50.4	36.14
145.2	94.52	50.06	36.14
145.4	94.29	49.07	36.13
145.6	93.84	47.82	36.13
145.8	93.26	46.46	36.13
146.0	92.6	45.11	36.12
146.2	92.08	44.2	36.12
146.4	91.62	43.53	36.12
146.6	91.16	43.04	36.12
146.8	90.72	42.71	36.11
147.0	90.29	42.54	36.11
147.2	89.88	42.65	36.11
147.4	89.48	42.95	36.1
147.6	89.1	43.35	36.1
147.8	88.73	43.79	36.1
148.0	88.37	44.24	36.1
148.2	88.03	44.54	36.09
148.4	87.69	44.61	36.09
148.6	87.37	44.65	36.09
148.8	87.07	44.68	36.09
149.0	86.78	44.71	36.08
149.2	86.52	44.81	36.08
149.4	86.29	45.07	36.08
149.6	86.08	45.35	36.07
149.8	85.89	45.64	36.07
150.0	85.72	45.93	36.07
150.2	85.57	46.16	36.07
150.4	85.43	46.27	36.06
150.6	85.3	46.38	36.06
150.8	85.2	46.5	36.06
151.0	85.12	46.64	36.05
151.2	85.06	46.91	36.05
151.4	85.04	47.3	36.05
151.6	85.02	47.72	36.05
151.8	85.02	48.13	36.04
152.0	85.01	48.51	36.04
152.2	84.93	48.73	36.04
152.4	84.83	48.87	36.03
152.6	84.77	49.0	36.03
152.8	84.78	49.12	36.03
153.0	84.91	49.29	36.03
153.2	85.19	49.54	36.04
153.4	85.56	49.82	36.04
153.6	86.01	50.13	36.05
153.8	86.55	50.52	36.06
154.0	87.17	50.99	36.07
154.2	87.83	51.46	36.08
154.4	88.5	51.91	36.08
154.6	89.17	52.32	36.09
154.8	89.8	52.66	36.1
155.0	90.38	52.86	36.11
155.2	90.89	52.86	36.12
155.4	91.26	52.46	36.13
155.6	91.49	51.67	36.13
155.8	91.61	50.67	36.14
156.0	91.61	49.51	36.15
156.2	91.42	48.19	36.16
156.4	91.07	46.77	36.17
156.6	90.64	45.37	36.18
156.8	90.16	44.05	36.19
157.0	89.67	42.9	36.2
157.2	89.34	42.38	36.21
157.4	89.07	42.18	36.21
157.6	88.82	42.17	36.22
157.8	88.59	42.33	36.23
158.0	88.35	42.61	36.24
158.2	88.09	42.91	36.24
158.4	87.78	43.21	36.25
158.6	87.48	43.54	36.26
158.8	87.2	43.9	36.27
159.0	86.93	44.26	36.27
159.2	86.69	44.59	36.28
159.4	86.5	44.81	36.29
159.6	86.35	45.04	36.3
159.8	86.22	45.26	36.3
160.0	86.13	45.5	36.31
160.2	86.08	45.77	36.32
160.4	86.08	46.14	36.33
160.6	86.11	46.52	36.33
160.8	86.17	46.92	36.34
161.0	86.26	47.32	36.35
161.2	86.39	47.71	36.35
161.4	86.56	48.11	36.36
161.6	86.75	48.46	36.37
161.8	86.93	48.76	36.38
162.0	87.11	48.97	36.38
162.2	87.2	48.99	36.39
162.4	87.26	48.88	36.4
162.6	87.32	48.73	36.41
162.8	87.39	48.57	36.41
163.0	87.5	48.48	36.42
163.2	87.65	48.48	36.43
163.4	87.85	48.5	36.44
163.6	88.08	48.5	36.44
163.8	88.37	48.47	36.45
164.0	88.73	48.38	36.46
164.2	89.11	48.26	36.47
164.4	89.48	48.1	36.47
164.6	89.83	47.91	36.48
164.8	90.12	47.67	36.49
165.0	90.37	47.4	36.5
165.2	90.56	47.12	36.5
165.4	90.65	46.83	36.51
165.6	90.61	46.53	36.52
165.8	90.53	46.24	36.53
166.0	90.41	45.97	36.53
166.2	90.33	45.75	36.54
166.4	90.35	45.62	36.55
166.6	90.36	45.51	36.56
166.8	90.31	45.4	36.56
167.0	90.19	45.27	36.57
167.2	89.83	45.0	36.58
167.4	89.4	44.72	36.59
167.6	88.9	44.43	36.6
167.8	88.38	44.17	36.61
168.0	87.86	43.98	36.61
168.2	87.38	43.89	36.62
168.4	86.91	43.84	36.63
168.6	86.46	43.84	36.64
168.8	86.05	43.88	36.64
169.0	85.72	43.98	36.65
169.2	85.46	44.12	36.66
169.4	85.25	44.29	36.67
169.6	85.08	44.51	36.67
169.8	84.94	44.75	36.68
170.0	84.84	45.03	36.69
170.2	84.77	45.35	36.7
170.4	84.73	45.68	36.7
170.6	84.72	46.03	36.71
170.8	84.72	46.38	36.72
171.0	84.73	46.72	36.72
171.2	84.74	47.02	36.73
171.4	84.77	47.33	36.74
171.6	84.82	47.66	36.75
171.8	84.89	48.02	36.75
172.0	85.01	48.47	36.76
172.2	85.16	49.01	36.77
172.4	85.32	49.54	36.77
172.6	85.49	50.05	36.78
172.8	85.66	50.51	36.79
173.0	85.79	50.8	36.8
173.2	85.9	51.0	36.8
173.4	86.0	51.13	36.81
173.6	86.09	51.21	36.82
173.8	86.11	51.21	36.82
174.0	86.06	51.13	36.83
174.2	86.04	51.06	36.83
174.4	86.07	51.02	36.84
174.6	86.2	51.05	36.84
174.8	86.58	51.33	36.84
175.0	87.04	51.65	36.84
175.2	87.55	52.0	36.83
175.4	88.08	52.34	36.82
175.6	88.57	52.58	36.81
175.8	89.04	52.78	36.8
176.0	89.5	52.93	36.79
176.2	89.93	53.0	36.78
176.4	90.34	53.04	36.77
176.6	90.7	52.98	36.76
176.8	91.01	52.8	36.75
177.0	91.27	52.5	36.74
177.2	91.47	51.98	36.73
177.4	91.59	51.31	36.72
177.6	91.6	50.5	36.7
177.8	91.5	49.56	36.69
178.0	91.09	48.34	36.68
178.2	90.56	47.03	36.67
178.4	89.96	45.74	36.66
178.6	89.33	44.53	36.65
178.8	88.8	43.7	36.64
179.0	88.41	43.27	36.63
179.2	88.05	43.02	36.62
179.4	87.73	42.93	36.61
179.6	87.43	42.98	36.6
179.8	87.13	43.13	36.59
180.0	86.81	43.34	36.58
180.2	86.52	43.61	36.56
180.4	86.24	43.92	36.55
180.6	86.0	44.24	36.54
180.8	85.79	44.55	36.53
181.0	85.63	44.7	36.52
181.2	85.51	44.83	36.51
181.4	85.42	44.97	36.5
181.6	85.38	45.12	36.49
181.8	85.37	45.29	36.48
182.0	85.44	45.58	36.47
182.2	85.54	45.9	36.46
182.4	85.66	46.24	36.45
182.6	85.8	46.59	36.43
182.8	85.95	46.96	36.42
183.0	86.09	47.35	36.41
183.2	86.24	47.72	36.4
183.4	86.38	48.05	36.39
183.6	86.51	48.32	36.38
183.8	86.57	48.4	36.37
184.0	86.63	48.4	36.36
184.2	86.71	48.39	36.35
184.4	86.83	48.39	36.34
184.6	87.06	48.55	36.33
184.8	87.39	48.83	36.33
185.0	87.76	49.11	36.32
185.2	88.12	49.33	36.32
185.4	88.44	49.4	36.33
185.6	88.69	49.27	36.33
185.8	88.92	49.06	36.34
186.0	89.11	48.78	36.34
186.2	89.28	48.48	36.35
186.4	89.41	48.17	36.35
186.6	89.51	47.82	36.36
186.8	89.57	47.45	36.36
187.0	89.61	47.04	36.37
187.2	89.62	46.61	36.37
187.4	89.59	46.15	36.38
187.6	89.51	45.67	36.38
187.8	89.37	45.18	36.39
188.0	89.09	44.61	36.39
188.2	88.73	44.03	36.4
188.4	88.32	43.49	36.4
188.6	87.89	43.01	36.41
188.8	87.46	42.62	36.41
189.0	87.08	42.5	36.42
189.2	86.72	42.49	36.42
189.4	86.38	42.58	36.43
189.6	86.07	42.76	36.43
189.8	85.8	43.01	36.44
190.0	85.59	43.35	36.44
190.2	85.44	43.74	36.45
190.4	85.32	44.16	36.45
190.6	85.24	44.61	36.45
190.8	85.2	45.07	36.46
191.0	85.18	45.48	36.46
191.2	85.2	45.85	36.47
191.4	85.25	46.23	36.47
191.6	85.33	46.6	36.48
191.8	85.45	46.97	36.48
192.0	85.61	47.37	36.49
192.2	85.81	47.78	36.49
192.4	86.03	48.2	36.5
192.6	86.28	48.61	36.5
192.8	86.55	49.01	36.51
193.0	86.87	49.48	36.51
193.2	87.19	49.9	36.51
193.4	87.5	50.25	36.52
193.6	87.77	50.49	36.52
193.8	87.92	50.48	36.53
194.0	87.96	50.2	36.53
194.2	87.98	49.84	36.54
194.4	88.01	49.46	36.54
194.6	88.09	49.13	36.54
194.8	88.29	49.01	36.54
195.0	88.55	48.96	36.53
195.2	88.87	48.99	36.53
195.4	89.24	49.09	36.51
195.6	89.69	49.27	36.5
195.8	90.19	49.52	36.47
196.0	90.72	49.81	36.45
196.2	91.26	50.14	36.42
196.4	91.86	50.61	36.4
196.6	92.45	51.11	36.37
196.8	92.97	51.52	36.35
197.0	93.38	51.76	36.33
197.2	93.54	51.58	36.3
197.4	93.4	50.88	36.28
197.6	93.12	49.98	36.26
197.8	92.75	48.96	36.23
198.0	92.32	47.9	36.21
198.2	91.99	47.07	36.19
198.4	91.67	46.31	36.16
198.6	91.33	45.63	36.14
198.8	90.99	45.05	36.12
199.0	90.64	44.59	36.09
199.2	90.29	44.35	36.07
199.4	89.94	44.4	36.05
199.6	89.59	44.55	36.02
199.8	89.24	44.78	36.0
200.0	88.89	45.07	35.98
200.2	88.54	45.38	35.95
200.4	88.16	45.57	35.93
200.6	87.78	45.68	35.91
200.8	87.41	45.82	35.88
201.0	87.07	45.97	35.86
201.2	86.76	46.15	35.84
201.4	86.5	46.38	35.81
201.6	86.31	46.68	35.79
201.8	86.17	47.04	35.77
202.0	86.09	47.46	35.74
202.2	86.08	47.96	35.72
202.4	86.14	48.54	35.7
202.6	86.33	49.34	35.67
202.8	86.61	50.27	35.65
203.0	86.96	51.23	35.62
203.2	87.34	52.18	35.6
203.4	87.75	53.09	35.58
203.6	88.19	53.88	35.56
203.8	88.63	54.54	35.55
204.0	89.05	55.1	35.54
204.2	89.42	55.54	35.53
204.4	89.66	55.81	35.53
204.6	89.73	55.88	35.53
204.8	89.8	55.89	35.54
205.0	89.91	55.89	35.55
205.2	90.22	56.01	35.55
205.4	90.68	56.2	35.56
205.6	91.2	56.39	35.56
205.8	91.76	56.55	35.57
206.0	92.31	56.59	35.58
206.2	92.86	56.57	35.58
206.4	93.39	56.47	35.59
206.6	93.87	56.31	35.59
206.8	94.32	56.12	35.6
207.0	94.67	55.8	35.61
207.2	94.9	55.34	35.61
207.4	94.94	54.63	35.62
207.6	94.63	53.48	35.63
207.8	94.19	52.21	35.63
208.0	93.66	50.87	35.64
208.2	93.07	49.55	35.65
208.4	92.6	48.53	35.66
208.6	92.2	47.72	35.66
208.8	91.81	47.04	35.67
209.0	91.42	46.5	35.67
209.2	91.04	46.11	35.68
209.4	90.67	45.9	35.68
209.6	90.3	46.0	35.69
209.8	89.94	46.21	35.69
210.0	89.57	46.48	35.7
210.2	89.19	46.79	35.7
210.4	88.82	47.09	35.71
210.6	88.41	47.2	35.72
210.8	87.99	47.2	35.72
211.0	87.58	47.17	35.73
211.2	87.16	47.09	35.73
211.4	86.75	46.99	35.74
211.6	86.36	46.86	35.74
211.8	86.0	46.69	35.75
212.0	85.65	46.53	35.76
212.2	85.31	46.37	35.76
212.4	84.99	46.24	35.77
212.6	84.67	46.15	35.77
212.8	84.35	46.17	35.78
213.0	84.05	46.24	35.78
213.2	83.77	46.35	35.79
213.4	83.52	46.5	35.8
213.6	83.29	46.68	35.8
213.8	83.07	46.88	35.81
214.0	82.89	47.12	35.81
214.2	82.76	47.39	35.81
214.4	82.7	47.71	35.82
214.6	82.69	48.07	35.82
214.8	82.79	48.49	35.82
215.0	82.97	48.95	35.82
215.2	83.24	49.48	35.82
215.4	83.6	50.06	35.81
215.6	84.05	50.71	35.81
215.8	84.68	51.57	35.8
216.0	85.39	52.47	35.79
216.2	86.15	53.34	35.78
216.4	86.94	54.14	35.77
216.6	87.71	54.75	35.76
216.8	88.44	55.15	35.75
217.0	89.16	55.4	35.74
217.2	89.84	55.52	35.73
217.4	90.49	55.51	35.72
217.6	91.12	55.42	35.71
217.8	91.68	55.16	35.7
218.0	92.15	54.73	35.69
218.2	92.5	54.1	35.68
218.4	92.57	52.99	35.67
218.6	92.49	51.67	35.66
218.8	92.31	50.26	35.65
219.0	92.07	48.83	35.64
219.2	91.82	47.56	35.63
219.4	91.65	46.64	35.62
219.6	91.46	45.85	35.61
219.8	91.26	45.19	35.6
220.0	91.04	44.67	35.59
220.2	90.8	44.27	35.58
220.4	90.51	44.08	35.57
220.6	90.18	44.03	35.56
220.8	89.84	44.06	35.55
221.0	89.48	44.14	35.54
221.2	89.11	44.24	35.53
221.4	88.73	44.3	35.52
221.6	88.35	44.18	35.51
221.8	87.96	44.03	35.5
222.0	87.57	43.88	35.49
222.2	87.19	43.72	35.48
222.4	86.8	43.57	35.47
222.6	86.41	43.43	35.46
222.8	86.02	43.31	35.45
223.0	85.64	43.22	35.44
223.2	85.28	43.19	35.43
223.4	84.95	43.21	35.42
223.6	84.64	43.31	35.41
223.8	84.41	43.61	35.41
224.0	84.22	44.02	35.4
224.2	84.06	44.48	35.39
224.4	83.92	44.97	35.38
224.6	83.8	45.48	35.37
224.8	83.68	45.97	35.36
225.0	83.48	46.31	35.34
225.2	83.32	46.65	35.33
225.4	83.2	46.99	35.32
225.6	83.14	47.36	35.31
225.8	83.17	47.75	35.31
226.0	83.37	48.22	35.3
226.2	83.67	48.73	35.3
226.4	84.06	49.29	35.3
226.6	84.52	49.89	35.3
226.8	85.05	50.53	35.31
227.0	85.63	51.34	35.31
227.2	86.28	52.15	35.32
227.4	86.98	52.93	35.33
227.6	87.72	53.66	35.33
227.8	88.6	54.32	35.34
228.0	89.56	54.86	35.35
228.2	90.48	55.23	35.35
228.4	91.28	55.39	35.36
228.6	91.84	55.23	35.37
228.8	91.91	54.5	35.38
229.0	91.81	53.58	35.38
229.2	91.61	52.52	35.39
229.4	91.34	51.42	35.4
229.6	91.26	50.56	35.41
229.8	91.22	49.8	35.41
230.0	91.17	49.08	35.42
230.2	91.12	48.43	35.43
230.4	91.04	47.82	35.43
230.6	90.89	47.3	35.44
230.8	90.7	46.83	35.45
231.0	90.48	46.42	35.45
231.2	90.23	46.06	35.46
231.4	89.96	45.76	35.47
231.6	89.65	45.51	35.47
231.8	89.33	45.32	35.48
232.0	88.99	45.17	35.49
232.2	88.64	45.04	35.5
232.4	88.28	44.94	35.5
232.6	87.91	44.86	35.51
232.8	87.56	44.75	35.52
233.0	87.2	44.65	35.52
233.2	86.85	44.55	35.53
233.4	86.51	44.47	35.54
233.6	86.18	44.39	35.54
233.8	85.84	44.29	35.55
234.0	85.5	44.19	35.55
234.2	85.2	44.1	35.56
234.4	84.92	44.05	35.56
234.6	84.68	44.04	35.57
234.8	84.47	44.1	35.57
235.0	84.32	44.25	35.57
235.2	84.22	44.44	35.57
235.4	84.2	44.68	35.57
235.6	84.26	44.96	35.57
235.8	84.43	45.27	35.56
236.0	84.74	45.61	35.56
236.2	85.13	45.97	35.55
236.4	85.59	46.37	35.55
236.6	86.1	46.79	35.54
236.8	86.76	47.4	35.54
237.0	87.41	47.97	35.53
237.2	88.03	48.45	35.52
237.4	88.56	48.76	35.52
237.6	88.82	48.64	35.51
237.8	88.91	48.23	35.51
238.0	88.91	47.67	35.5
238.2	88.82	46.98	35.5
238.4	88.71	46.21	35.49
238.6	88.59	45.4	35.49
238.8	88.44	44.59	35.48
239.0	88.27	43.81	35.48
239.2	88.08	43.12	35.47
239.4	87.89	42.66	35.47
239.6	87.71	42.49	35.46
239.8	87.53	42.44	35.46
240.0	87.34	42.49	35.45
240.2	87.14	42.61	35.44
240.4	86.94	42.79	35.44
240.6	86.74	42.93	35.43
240.8	86.54	43.09	35.43
241.0	86.33	43.27	35.42
241.2	86.12	43.48	35.42
241.4	85.9	43.69	35.41
241.6	85.68	43.92	35.41
241.8	85.44	44.15	35.4
242.0	85.2	44.39	35.4
242.2	84.97	44.62	35.39
242.4	84.74	44.84	35.39
242.6	84.52	45.05	35.38
242.8	84.34	45.2	35.38
243.0	84.17	45.34	35.37
243.2	84.01	45.46	35.36
243.4	83.86	45.58	35.36
243.6	83.72	45.68	35.35
243.8	83.55	45.77	35.35
244.0	83.33	45.83	35.34
244.2	83.14	45.9	35.34
244.4	83.0	46.01	35.33
244.6	82.94	46.16	35.33
244.8	82.98	46.39	35.32
245.0	83.21	46.75	35.32
245.2	83.54	47.17	35.31
245.4	83.94	47.66	35.31
245.6	84.42	48.2	35.3
245.8	84.96	48.85	35.3
246.0	85.58	49.67	35.29
246.2	86.23	50.46	35.29
246.4	86.88	51.16	35.28
246.6	87.52	51.72	35.28
246.8	88.14	51.97	35.28
247.0	88.71	51.94	35.27
247.2	89.18	51.69	35.27
247.4	89.54	51.22	35.26
247.6	89.66	50.39	35.26
247.8	89.48	49.17	35.25
248.0	89.19	47.82	35.25
248.2	88.82	46.43	35.25
248.4	88.4	45.08	35.24
248.6	88.13	44.2	35.24
248.8	87.93	43.65	35.23
249.0	87.75	43.25	35.23
249.2	87.58	42.98	35.23
249.4	87.42	42.82	35.22
249.6	87.25	42.74	35.22
249.8	87.03	42.63	35.21
250.0	86.8	42.57	35.21
250.2	86.57	42.55	35.2
250.4	86.34	42.57	35.2
250.6	86.11	42.62	35.2
250.8	85.88	42.68	35.19
251.0	85.67	42.69	35.19
251.2	85.47	42.72	35.18
251.4	85.26	42.79	35.18
251.6	85.06	42.88	35.18
251.8	84.86	43.02	35.17
252.0	84.66	43.24	35.17
252.2	84.46	43.64	35.16
252.4	84.26	44.07	35.16
252.6	84.06	44.5	35.15
252.8	83.84	44.91	35.15
253.0	83.62	45.28	35.15
253.2	83.34	45.49	35.14
253.4	82.96	45.36	35.14
253.6	82.61	45.24	35.13
253.8	82.3	45.16	35.13
254.0	82.07	45.19	35.13
254.2	81.94	45.37	35.12
254.4	81.98	46.06	35.12
254.6	82.16	46.93	35.12
254.8	82.49	47.96	35.12
255.0	83.0	49.09	35.11
255.2	83.7	50.32	35.11
255.4	84.88	51.82	35.11
255.6	86.19	53.28	35.11
255.8	87.55	54.62	35.12
256.0	88.88	55.73	35.12
256.2	90.03	56.39	35.12
256.4	90.98	56.56	35.12
256.6	91.77	56.41	35.12
256.8	92.37	55.94	35.12
257.0	92.66	55.05	35.12
257.2	92.64	53.78	35.12
257.4	92.46	52.33	35.12
257.6	92.19	50.77	35.12
257.8	91.85	49.19	35.12
258.0	91.7	47.89	35.12
258.2	91.58	46.74	35.12
258.4	91.47	45.71	35.12
258.6	91.38	44.84	35.13
258.8	91.29	44.15	35.13
259.0	91.21	43.8	35.13
259.2	91.12	43.79	35.13
259.4	91.05	43.94	35.13
259.6	91.01	44.23	35.13
259.8	91.0	44.64	35.13
260.0	91.03	45.13	35.13
260.2	91.14	45.62	35.13
260.4	91.29	46.15	35.13
260.6	91.48	46.68	35.13
260.8	91.69	47.21	35.13
261.0	91.93	47.71	35.13
261.2	92.3	48.13	35.13
261.4	92.69	48.48	35.13
261.6	93.03	48.77	35.13
261.8	93.27	48.99	35.13
262.0	93.32	49.15	35.13
262.2	93.03	49.31	35.14
262.4	92.61	49.34	35.14
262.6	92.07	49.19	35.14
262.8	91.42	48.72	35.14
263.0	90.65	47.68	35.14
263.2	89.9	46.55	35.14
263.4	89.24	45.48	35.14
263.6	88.83	44.75	35.14
263.8	88.84	44.7	35.14
264.0	89.02	44.85	35.14
264.2	89.31	45.15	35.14
264.4	89.68	45.51	35.15
264.6	90.05	45.82	35.15
264.8	90.42	46.09	35.15
265.0	90.76	46.28	35.15
265.2	91.05	46.33	35.15
265.4	91.18	46.04	35.16
265.6	91.22	45.6	35.16
265.8	91.15	45.03	35.16
266.0	90.95	44.35	35.16
266.2	90.48	43.46	35.16
266.4	89.86	42.5	35.17
266.6	89.18	41.57	35.17
266.8	88.48	40.72	35.17
267.0	87.79	40.04	35.17
267.2	87.41	40.04	35.17
267.4	87.1	40.26	35.18
267.6	86.83	40.63	35.18
267.8	86.59	41.08	35.18
268.0	86.36	41.58	35.18
268.2	86.05	41.89	35.18
268.4	85.68	42.08	35.18
268.6	85.34	42.27	35.19
268.8	85.01	42.49	35.19
269.0	84.73	42.74	35.19
269.2	84.52	43.09	35.19
269.4	84.4	43.55	35.19
269.6	84.34	44.06	35.19
269.8	84.33	44.61	35.2
270.0	84.36	45.17	35.2
270.2	84.47	45.75	35.2
270.4	84.65	46.33	35.2
270.6	84.86	46.9	35.2
270.8	85.08	47.44	35.21
271.0	85.31	47.94	35.21
271.2	85.49	48.36	35.21
271.4	85.62	48.69	35.21
271.6	85.74	48.96	35.21
271.8	85.83	49.16	35.21
272.0	85.9	49.3	35.22
272.2	85.83	49.23	35.22
272.4	85.76	49.12	35.22
272.6	85.76	49.03	35.22
272.8	85.87	49.02	35.22
273.0	86.29	49.3	35.22
273.2	87.0	49.82	35.22
273.4	87.79	50.39	35.21
273.6	88.63	50.95	35.21
273.8	89.4	51.43	35.2
274.0	90.06	51.77	35.19
274.2	90.66	51.95	35.18
274.4	91.2	51.95	35.17
274.6	91.68	51.63	35.16
274.8	92.09	50.95	35.15
275.0	92.4	50.06	35.13
275.2	92.6	48.99	35.12
275.4	92.64	47.74	35.11
275.6	92.44	46.27	35.1
275.8	92.13	44.77	35.09
276.0	91.74	43.3	35.08
276.2	91.3	41.94	35.07
276.4	90.9	40.97	35.06
276.6	90.58	40.48	35.05
276.8	90.27	40.19	35.04
277.0	89.96	40.09	35.03
277.2	89.65	40.15	35.02
277.4	89.34	40.35	35.01
277.6	89.02	40.66	35.0
277.8	88.71	41.05	34.99
278.0	88.4	41.49	34.98
278.2	88.1	41.95	34.96
278.4	87.81	42.41	34.95
278.6	87.53	42.78	34.94
278.8	87.28	42.91	34.93
279.0	87.04	43.0	34.92
279.2	86.82	43.06	34.91
279.4	86.62	43.13	34.9
279.6	86.43	43.2	34.89
279.8	86.29	43.41	34.88
280.0	86.17	43.68	34.87
280.2	86.06	43.94	34.86
280.4	85.95	44.19	34.85
280.6	85.83	44.41	34.84
280.8	85.69	44.49	34.83
281.0	85.52	44.44	34.82
281.2	85.34	44.38	34.81
281.4	85.16	44.33	34.8
281.6	84.99	44.31	34.78
281.8	84.79	44.4	34.77
282.0	84.56	44.61	34.76
282.2	84.39	44.89	34.75
282.4	84.29	45.25	34.74
282.6	84.29	45.7	34.73
282.8	84.48	46.28	34.72
283.0	84.85	46.97	34.71
283.2	85.33	47.7	34.7
283.4	85.91	48.46	34.69
283.6	86.58	49.22	34.68
283.8	87.4	50.01	34.67
284.0	88.25	50.72	34.67
284.2	89.11	51.29	34.67
284.4	89.93	51.67	34.67
284.6	90.67	51.63	34.67
284.8	91.31	51.34	34.67
285.0	91.83	50.84	34.68
285.2	92.2	50.16	34.68
285.4	92.2	49.25	34.68
285.6	91.97	48.17	34.69
285.8	91.62	47.02	34.69
286.0	91.19	45.83	34.7
286.2	90.73	44.65	34.7
286.4	90.49	43.67	34.7
286.6	90.28	42.77	34.71
286.8	90.08	41.98	34.71
287.0	89.89	41.31	34.71
287.2	89.7	40.79	34.71
287.4	89.5	40.53	34.72
287.6	89.27	40.64	34.72
287.8	89.03	40.88	34.72
