0.2	64.5	75.72	36.15
0.4	64.19	75.05	36.16
0.6	63.86	74.51	36.17
0.8	63.53	74.11	36.2
1.0	63.19	73.84	36.23
1.2	62.86	73.68	36.27
1.4	62.53	73.63	36.32
1.6	62.21	73.67	36.37
1.8	61.9	73.81	36.42
2.0	61.61	74.02	36.48
2.2	61.35	74.31	36.55
2.4	61.1	74.65	36.61
2.6	60.9	75.06	36.67
2.8	60.77	75.54	36.74
3.0	60.68	76.04	36.8
3.2	60.6	76.56	36.86
3.4	60.53	77.07	36.91
3.6	60.46	77.55	36.97
3.8	60.39	77.96	37.03
4.0	60.28	78.22	37.09
4.2	60.17	78.43	37.15
4.4	60.04	78.59	37.21
4.6	59.9	78.7	37.26
4.8	59.74	78.76	37.31
5.0	59.56	78.79	37.36
5.2	59.27	78.68	37.41
5.4	58.98	78.55	37.46
5.6	58.69	78.42	37.5
5.8	58.42	78.31	37.54
6.0	58.17	78.24	37.57
6.2	57.95	78.22	37.6
6.4	57.89	78.43	37.61
6.6	57.87	78.71	37.61
6.8	57.89	79.03	37.61
7.0	57.93	79.39	37.6
7.2	57.99	79.79	37.6
7.4	58.05	80.21	37.59
7.6	58.09	80.66	37.58
7.8	58.14	81.11	37.57
8.0	58.2	81.53	37.57
8.2	58.25	81.91	37.56
8.4	58.31	82.24	37.55
8.6	58.38	82.43	37.54
8.8	58.45	82.49	37.53
9.0	58.51	82.48	37.53
9.2	58.57	82.41	37.52
9.4	58.62	82.28	37.51
9.6	58.65	82.1	37.5
9.8	58.64	81.83	37.5
10.0	58.56	81.48	37.49
10.2	58.48	81.12	37.48
10.4	58.41	80.78	37.47
10.6	58.36	80.47	37.47
10.8	58.34	80.23	37.46
11.0	58.42	80.24	37.45
11.2	58.57	80.43	37.44
11.4	58.75	80.65	37.44
11.6	58.95	80.88	37.43
11.8	59.16	81.08	37.42
12.0	59.37	81.16	37.41
12.2	59.54	80.98	37.4
12.4	59.71	80.73	37.4
12.6	59.87	80.42	37.39
12.8	60.03	80.06	37.38
13.0	60.17	79.67	37.37
13.2	60.33	79.29	37.36
13.4	60.48	78.94	37.35
13.6	60.62	78.58	37.34
13.8	60.73	78.21	37.33
14.0	60.82	77.84	37.33
14.2	60.87	77.47	37.32
14.4	60.78	77.0	37.34
14.6	60.6	76.49	37.36
14.8	60.43	76.04	37.38
15.0	60.27	75.67	37.41
15.2	60.16	75.4	37.44
15.4	60.13	75.31	37.48
15.6	60.37	75.64	37.51
15.8	60.68	76.1	37.54
16.0	61.02	76.65	37.57
16.2	61.37	77.26	37.6
16.4	61.7	77.9	37.64
16.6	61.91	78.47	37.67
16.8	62.07	79.01	37.71
17.0	62.2	79.51	37.74
17.2	62.29	79.93	37.78
17.4	62.36	80.26	37.81
17.6	62.37	80.31	37.85
17.8	62.35	80.21	37.88
18.0	62.31	80.02	37.91
18.2	62.25	79.78	37.94
18.4	62.17	79.49	37.97
18.6	62.08	79.2	38.01
18.8	62.04	79.08	38.04
19.0	61.99	78.96	38.07
19.2	61.92	78.84	38.1
19.4	61.82	78.7	38.13
19.6	61.68	78.55	38.16
19.8	61.49	78.33	38.19
20.0	61.12	77.89	38.21
20.2	60.73	77.46	38.24
20.4	60.34	77.08	38.27
20.6	59.99	76.79	38.3
20.8	59.68	76.61	38.32
21.0	59.53	76.78	38.35
21.2	59.55	77.28	38.38
21.4	59.62	77.89	38.41
21.6	59.73	78.57	38.44
21.8	59.85	79.29	38.47
22.0	59.96	79.99	38.5
22.2	60.01	80.57	38.53
22.4	60.04	81.11	38.56
22.6	60.05	81.56	38.59
22.8	60.05	81.93	38.62
23.0	60.02	82.18	38.66
23.2	59.91	82.05	38.69
23.4	59.79	81.79	38.72
23.6	59.65	81.45	38.75
23.8	59.51	81.06	38.78
24.0	59.37	80.66	38.81
24.2	59.26	80.3	38.83
24.4	59.23	80.19	38.86
24.6	59.23	80.12	38.89
24.8	59.23	80.07	38.92
25.0	59.25	80.06	38.95
25.2	59.27	80.05	38.97
25.4	59.27	80.05	38.99
25.6	59.18	79.88	39.01
25.8	59.1	79.75	39.03
26.0	59.05	79.67	39.04
26.2	59.03	79.66	39.05
26.4	59.07	79.75	39.06
26.6	59.25	80.14	39.06
26.8	59.6	80.85	39.05
27.0	59.99	81.61	39.04
27.2	60.38	82.35	39.03
27.4	60.75	83.01	39.01
27.6	61.05	83.45	38.99
27.8	61.19	83.43	38.97
28.0	61.27	83.25	38.94
28.2	61.3	82.95	38.92
28.4	61.28	82.55	38.9
28.6	61.23	82.09	38.87
28.8	61.16	81.67	38.85
29.0	61.05	81.22	38.82
29.2	60.93	80.75	38.8
29.4	60.79	80.26	38.78
29.6	60.64	79.77	38.75
29.8	60.49	79.28	38.73
30.0	60.36	78.81	38.7
30.2	60.24	78.35	38.67
30.4	60.11	77.92	38.65
30.6	59.98	77.52	38.63
30.8	59.86	77.15	38.6
31.0	59.73	76.82	38.59
31.2	59.56	76.5	38.58
31.4	59.39	76.23	38.57
31.6	59.24	76.04	38.57
31.8	59.11	75.94	38.57
32.0	59.0	75.95	38.58
32.2	58.95	76.12	38.59
32.4	58.99	76.58	38.61
32.6	59.05	77.13	38.64
32.8	59.14	77.73	38.66
33.0	59.24	78.34	38.69
33.2	59.34	78.95	38.73
33.4	59.42	79.41	38.75
33.6	59.48	79.79	38.78
33.8	59.54	80.11	38.81
34.0	59.59	80.35	38.84
34.2	59.63	80.5	38.87
34.4	59.66	80.53	38.89
34.6	59.69	80.31	38.92
34.8	59.7	80.01	38.95
35.0	59.7	79.65	38.97
35.2	59.69	79.26	39.0
35.4	59.66	78.87	39.02
35.6	59.61	78.48	39.04
35.8	59.48	78.15	39.07
36.0	59.34	77.88	39.1
36.2	59.2	77.67	39.12
36.4	59.07	77.56	39.14
36.6	58.96	77.55	39.15
36.8	58.88	77.67	39.15
37.0	58.9	78.19	39.15
37.2	58.95	78.81	39.13
37.4	59.04	79.51	39.11
37.6	59.15	80.24	39.07
37.8	59.3	80.98	39.02
38.0	59.5	81.65	38.95
38.2	59.73	82.22	38.84
38.4	59.99	82.74	38.73
38.6	60.26	83.2	38.61
38.8	60.53	83.59	38.48
39.0	60.81	83.92	38.34
39.2	61.08	84.08	38.22
39.4	61.33	84.17	38.11
39.6	61.56	84.19	37.99
39.8	61.78	84.16	37.87
40.0	61.96	84.08	37.75
40.2	62.11	83.96	37.63
40.4	62.15	83.82	37.51
40.6	62.17	83.66	37.39
40.8	62.16	83.49	37.27
41.0	62.13	83.32	37.15
41.2	62.09	83.16	37.04
41.4	62.07	83.03	36.92
41.6	62.11	82.99	36.81
41.8	62.14	82.98	36.7
42.0	62.16	82.97	36.59
42.2	62.17	82.98	36.5
42.4	62.16	83.0	36.41
42.6	62.09	83.02	36.34
42.8	61.98	83.05	36.28
43.0	61.84	83.06	36.23
43.2	61.68	83.06	36.18
43.4	61.5	83.05	36.14
43.6	61.31	83.01	36.1
43.8	61.12	82.9	36.06
44.0	60.92	82.73	36.01
44.2	60.72	82.55	35.96
44.4	60.51	82.35	35.91
44.6	60.29	82.14	35.86
44.8	60.06	81.94	35.81
45.0	59.81	81.74	35.76
45.2	59.51	81.54	35.71
45.4	59.21	81.37	35.65
45.6	58.92	81.24	35.6
45.8	58.66	81.16	35.55
46.0	58.43	81.14	35.52
46.2	58.25	81.24	35.49
46.4	58.18	81.57	35.49
46.6	58.14	81.96	35.49
46.8	58.14	82.36	35.5
47.0	58.17	82.77	35.51
47.2	58.23	83.16	35.53
47.4	58.31	83.42	35.55
47.6	58.41	83.5	35.55
47.8	58.52	83.51	35.56
48.0	58.63	83.48	35.57
48.2	58.74	83.4	35.58
48.4	58.84	83.3	35.58
48.6	58.92	83.17	35.59
48.8	58.92	83.04	35.6
49.0	58.9	82.9	35.61
49.2	58.88	82.75	35.61
49.4	58.86	82.6	35.62
49.6	58.84	82.44	35.63
49.8	58.84	82.29	35.64
50.0	58.92	82.15	35.65
50.2	59.0	82.02	35.66
50.4	59.08	81.91	35.67
50.6	59.16	81.81	35.67
50.8	59.23	81.73	35.68
51.0	59.26	81.72	35.69
51.2	59.23	81.79	35.7
51.4	59.19	81.86	35.71
51.6	59.13	81.94	35.72
51.8	59.07	82.0	35.72
52.0	58.99	82.03	35.73
52.2	58.9	82.0	35.74
52.4	58.78	81.69	35.75
52.6	58.67	81.36	35.75
52.8	58.57	81.03	35.76
53.0	58.48	80.75	35.77
53.2	58.41	80.52	35.78
53.4	58.37	80.38	35.78
53.6	58.42	80.67	35.79
53.8	58.5	81.05	35.8
54.0	58.61	81.47	35.81
54.2	58.73	81.92	35.82
54.4	58.86	82.35	35.83
54.6	59.01	82.68	35.84
54.8	59.16	82.8	35.84
55.0	59.31	82.86	35.85
55.2	59.46	82.88	35.86
55.4	59.6	82.86	35.87
55.6	59.72	82.81	35.88
55.8	59.81	82.75	35.89
56.0	59.85	82.69	35.89
56.2	59.86	82.63	35.9
56.4	59.86	82.58	35.91
56.6	59.85	82.54	35.92
56.8	59.83	82.52	35.92
57.0	59.81	82.53	35.93
57.2	59.78	82.61	35.94
57.4	59.75	82.72	35.94
57.6	59.74	82.88	35.94
57.8	59.73	83.09	35.94
58.0	59.75	83.34	35.94
58.2	59.8	83.69	35.94
58.4	59.92	84.21	35.93
58.6	60.06	84.74	35.92
58.8	60.22	85.26	35.91
59.0	60.38	85.72	35.9
59.2	60.55	86.1	35.89
59.4	60.71	86.2	35.88
59.6	60.85	86.09	35.87
59.8	60.99	85.87	35.86
60.0	61.11	85.56	35.85
60.2	61.21	85.2	35.83
60.4	61.29	84.78	35.82
60.6	61.32	84.33	35.81
60.8	61.3	83.87	35.8
61.0	61.26	83.41	35.78
61.2	61.19	82.97	35.77
61.4	61.11	82.58	35.76
61.6	61.02	82.24	35.75
61.8	60.92	82.09	35.74
62.0	60.81	82.08	35.73
62.2	60.7	82.12	35.71
62.4	60.58	82.19	35.7
62.6	60.48	82.27	35.69
62.8	60.39	82.33	35.68
63.0	60.35	82.3	35.67
63.2	60.32	82.24	35.65
63.4	60.29	82.18	35.64
63.6	60.26	82.09	35.63
63.8	60.22	82.0	35.62
64.0	60.16	81.88	35.6
64.2	60.01	81.65	35.58
64.4	59.85	81.43	35.55
64.6	59.7	81.25	35.54
64.8	59.56	81.13	35.52
65.0	59.45	81.09	35.52
65.2	59.38	81.16	35.54
65.4	59.38	81.55	35.58
65.6	59.43	82.03	35.63
65.8	59.53	82.61	35.7
66.0	59.7	83.25	35.78
66.2	59.93	83.95	35.88
66.4	60.31	84.71	35.99
66.6	60.81	85.52	36.12
66.8	61.34	86.31	36.26
67.0	61.9	87.07	36.4
67.2	62.47	87.76	36.54
67.4	62.99	88.35	36.68
67.6	63.42	88.74	36.81
67.8	63.81	89.02	36.94
68.0	64.15	89.19	37.06
68.2	64.44	89.23	37.18
68.4	64.66	89.14	37.31
68.6	64.77	88.81	37.44
68.8	64.77	88.29	37.57
69.0	64.72	87.68	37.71
69.2	64.64	87.02	37.83
69.4	64.54	86.34	37.94
69.6	64.44	85.69	38.04
69.8	64.45	85.3	38.1
70.0	64.46	84.94	38.15
70.2	64.45	84.59	38.19
70.4	64.42	84.24	38.22
70.6	64.36	83.87	38.24
70.8	64.18	83.38	38.27
71.0	63.94	82.82	38.31
71.2	63.66	82.23	38.34
71.4	63.35	81.62	38.37
71.6	63.01	81.0	38.4
71.8	62.67	80.38	38.43
72.0	62.35	79.75	38.46
72.2	62.04	79.14	38.49
72.4	61.72	78.55	38.52
72.6	61.4	78.01	38.55
72.8	61.09	77.52	38.57
73.0	60.77	77.09	38.59
73.2	60.45	76.79	38.61
73.4	60.13	76.6	38.64
73.6	59.82	76.49	38.65
73.8	59.52	76.45	38.66
74.0	59.23	76.47	38.66
74.2	58.96	76.57	38.66
74.4	58.71	76.73	38.63
74.6	58.48	76.97	38.59
74.8	58.29	77.25	38.53
75.0	58.12	77.58	38.47
75.2	57.98	77.95	38.41
75.4	57.88	78.35	38.33
75.6	57.87	78.82	38.26
75.8	57.9	79.31	38.18
76.0	57.95	79.79	38.1
76.2	58.01	80.27	38.01
76.4	58.08	80.72	37.93
76.6	58.13	81.13	37.84
76.8	58.02	81.23	37.74
77.0	57.91	81.32	37.65
77.2	57.84	81.44	37.56
77.4	57.81	81.63	37.48
77.6	57.85	81.93	37.41
77.8	58.04	82.55	37.37
78.0	58.46	83.61	37.35
78.2	58.95	84.75	37.35
78.4	59.46	85.91	37.36
78.6	60.0	87.02	37.39
78.8	60.51	87.99	37.43
79.0	60.91	88.51	37.48
79.2	61.27	88.89	37.55
79.4	61.6	89.13	37.62
79.6	61.88	89.25	37.7
79.8	62.12	89.26	37.77
80.0	62.28	89.15	37.84
80.2	62.39	88.95	37.91
80.4	62.46	88.68	37.97
80.6	62.49	88.36	38.04
80.8	62.49	88.0	38.1
81.0	62.47	87.61	38.16
81.2	62.43	87.24	38.22
81.4	62.37	86.88	38.28
81.6	62.31	86.52	38.34
81.8	62.26	86.2	38.4
82.0	62.21	85.91	38.46
82.2	62.2	85.7	38.52
82.4	62.23	85.59	38.59
82.6	62.28	85.52	38.65
82.8	62.34	85.51	38.72
83.0	62.43	85.55	38.79
83.2	62.54	85.65	38.86
83.4	62.72	85.93	38.93
83.6	62.89	86.22	39.0
83.8	63.06	86.48	39.07
84.0	63.2	86.67	39.14
84.2	63.31	86.76	39.21
84.4	63.3	86.49	39.28
84.6	63.2	85.98	39.35
84.8	63.05	85.36	39.41
85.0	62.86	84.63	39.48
85.2	62.63	83.83	39.54
85.4	62.36	82.97	39.6
85.6	62.02	82.02	39.66
85.8	61.65	81.05	39.73
86.0	61.27	80.11	39.78
86.2	60.91	79.24	39.84
86.4	60.58	78.48	39.88
86.6	60.29	77.86	39.92
86.8	60.16	77.69	39.94
87.0	60.11	77.76	39.95
87.2	60.11	77.95	39.95
87.4	60.14	78.23	39.94
87.6	60.18	78.57	39.93
87.8	60.23	78.91	39.92
88.0	60.22	79.1	39.9
88.2	60.22	79.3	39.88
88.4	60.23	79.53	39.87
88.6	60.25	79.8	39.85
88.8	60.29	80.12	39.83
89.0	60.37	80.63	39.81
89.2	60.48	81.23	39.79
89.4	60.6	81.85	39.78
89.6	60.73	82.47	39.76
89.8	60.85	83.06	39.74
90.0	60.97	83.6	39.72
90.2	61.06	83.9	39.71
90.4	61.12	84.06	39.69
90.6	61.16	84.15	39.67
90.8	61.19	84.19	39.65
91.0	61.21	84.19	39.64
91.2	61.21	84.15	39.62
91.4	61.17	84.09	39.6
91.6	61.1	84.01	39.59
91.8	61.04	83.95	39.57
92.0	60.97	83.91	39.55
92.2	60.92	83.92	39.54
92.4	60.89	83.99	39.52
92.6	60.92	84.23	39.5
92.8	61.0	84.59	39.48
93.0	61.1	85.0	39.46
93.2	61.21	85.46	39.44
93.4	61.33	85.95	39.41
93.6	61.46	86.48	39.38
93.8	61.59	87.09	39.35
94.0	61.71	87.67	39.31
94.2	61.82	88.21	39.28
94.4	61.91	88.65	39.24
94.6	61.98	88.98	39.2
94.8	61.94	88.86	39.16
95.0	61.88	88.6	39.13
95.2	61.79	88.26	39.09
95.4	61.7	87.86	39.05
95.6	61.6	87.45	39.02
95.8	61.54	87.15	38.98
96.0	61.55	87.08	38.95
96.2	61.56	87.04	38.91
96.4	61.57	87.02	38.87
96.6	61.57	87.0	38.84
96.8	61.55	86.96	38.8
97.0	61.48	86.87	38.76
97.2	61.3	86.59	38.72
97.4	61.1	86.29	38.68
97.6	60.9	86.0	38.64
97.8	60.69	85.73	38.6
98.0	60.49	85.51	38.57
98.2	60.34	85.42	38.55
98.4	60.25	85.49	38.55
98.6	60.18	85.62	38.55
98.8	60.12	85.78	38.55
99.0	60.08	85.96	38.56
99.2	60.04	86.16	38.57
99.4	60.01	86.3	38.58
99.6	59.97	86.44	38.59
99.8	59.93	86.56	38.6
100.0	59.89	86.66	38.61
100.2	59.84	86.75	38.63
100.4	59.76	86.77	38.64
100.6	59.65	86.72	38.65
100.8	59.53	86.64	38.66
101.0	59.4	86.56	38.67
101.2	59.26	86.47	38.69
101.4	59.12	86.39	38.7
101.6	58.98	86.33	38.71
101.8	58.84	86.34	38.72
102.0	58.7	86.36	38.73
102.2	58.58	86.42	38.74
102.4	58.47	86.49	38.75
102.6	58.37	86.59	38.76
102.8	58.31	86.72	38.76
103.0	58.29	86.89	38.76
103.2	58.29	87.08	38.76
103.4	58.33	87.29	38.76
103.6	58.38	87.52	38.76
103.8	58.45	87.76	38.75
104.0	58.57	88.06	38.73
104.2	58.73	88.4	38.71
104.4	58.89	88.72	38.68
104.6	59.05	89.0	38.65
104.8	59.21	89.21	38.62
105.0	59.35	89.35	38.58
105.2	59.42	89.19	38.56
105.4	59.46	88.94	38.53
105.6	59.48	88.61	38.5
105.8	59.47	88.21	38.47
106.0	59.44	87.77	38.44
106.2	59.39	87.29	38.41
106.4	59.26	86.77	38.38
106.6	59.11	86.25	38.35
106.8	58.97	85.75	38.31
107.0	58.84	85.29	38.29
107.2	58.73	84.88	38.26
107.4	58.66	84.56	38.25
107.6	58.71	84.49	38.25
107.8	58.8	84.5	38.25
108.0	58.92	84.58	38.26
108.2	59.07	84.71	38.28
108.4	59.24	84.89	38.3
108.6	59.44	85.1	38.32
108.8	59.65	85.33	38.35
109.0	59.87	85.57	38.37
109.2	60.1	85.8	38.4
109.4	60.33	86.02	38.43
109.6	60.55	86.2	38.46
109.8	60.73	86.29	38.49
110.0	60.9	86.34	38.51
110.2	61.06	86.33	38.54
110.4	61.19	86.26	38.57
110.6	61.32	86.12	38.59
110.8	61.42	85.9	38.61
111.0	61.45	85.43	38.64
111.2	61.48	84.91	38.67
111.4	61.51	84.4	38.69
111.6	61.54	83.91	38.71
111.8	61.59	83.49	38.73
112.0	61.69	83.24	38.74
112.2	61.88	83.34	38.75
112.4	62.09	83.53	38.75
112.6	62.31	83.76	38.75
112.8	62.54	84.01	38.74
113.0	62.77	84.25	38.74
113.2	62.99	84.37	38.74
113.4	63.18	84.42	38.73
113.6	63.36	84.42	38.73
113.8	63.51	84.37	38.72
114.0	63.63	84.27	38.72
114.2	63.69	84.05	38.71
114.4	63.69	83.71	38.71
114.6	63.66	83.33	38.71
114.8	63.59	82.92	38.7
115.0	63.51	82.51	38.7
115.2	63.4	82.1	38.69
115.4	63.28	81.73	38.69
115.6	63.14	81.41	38.69
115.8	63.0	81.15	38.68
116.0	62.86	80.96	38.68
116.2	62.73	80.87	38.67
116.4	62.61	80.88	38.67
116.6	62.55	81.2	38.67
116.8	62.52	81.74	38.66
117.0	62.49	82.32	38.66
117.2	62.46	82.89	38.65
117.4	62.41	83.42	38.65
117.6	62.32	83.73	38.65
117.8	62.15	83.66	38.64
118.0	61.96	83.48	38.64
118.2	61.74	83.22	38.63
118.4	61.51	82.91	38.63
118.6	61.27	82.58	38.62
118.8	61.02	82.28	38.62
119.0	60.75	82.09	38.62
119.2	60.49	81.94	38.61
119.4	60.26	81.83	38.61
119.6	60.05	81.77	38.61
119.8	59.87	81.77	38.6
120.0	59.76	81.86	38.6
120.2	59.76	82.06	38.59
120.4	59.8	82.34	38.59
120.6	59.86	82.68	38.58
120.8	59.94	83.09	38.57
121.0	60.04	83.57	38.56
121.2	60.12	84.23	38.55
121.4	60.2	84.96	38.53
121.6	60.29	85.68	38.51
121.8	60.37	86.36	38.5
122.0	60.45	86.97	38.48
122.2	60.5	87.27	38.46
122.4	60.54	87.3	38.44
122.6	60.57	87.25	38.43
122.8	60.61	87.14	38.41
123.0	60.65	87.01	38.39
123.2	60.69	86.88	38.37
123.4	60.78	87.03	38.36
123.6	60.89	87.27	38.34
123.8	61.0	87.53	38.32
124.0	61.1	87.79	38.31
124.2	61.2	88.02	38.29
124.4	61.28	88.21	38.27
124.6	61.25	88.05	38.25
124.8	61.21	87.85	38.24
125.0	61.18	87.67	38.22
125.2	61.19	87.55	38.2
125.4	61.24	87.52	38.19
125.6	61.43	87.81	38.17
125.8	61.73	88.38	38.16
126.0	62.08	89.01	38.14
126.2	62.44	89.66	38.13
126.4	62.79	90.26	38.12
126.6	63.08	90.62	38.11
126.8	63.32	90.79	38.11
127.0	63.53	90.88	38.1
127.2	63.73	90.9	38.09
127.4	63.91	90.87	38.09
127.6	64.09	90.82	38.08
127.8	64.29	90.79	38.08
128.0	64.46	90.73	38.07
128.2	64.6	90.64	38.06
128.4	64.7	90.51	38.06
128.6	64.75	90.35	38.05
128.8	64.66	90.11	38.05
129.0	64.47	89.8	38.04
129.2	64.25	89.5	38.04
129.4	64.02	89.2	38.03
129.6	63.8	88.94	38.02
129.8	63.63	88.74	38.02
130.0	63.6	88.71	38.01
130.2	63.6	88.73	38.0
130.4	63.6	88.77	37.99
130.6	63.61	88.84	37.97
130.8	63.59	88.9	37.95
131.0	63.49	88.93	37.91
131.2	63.36	88.94	37.86
131.4	63.22	88.95	37.81
131.6	63.07	88.94	37.76
131.8	62.91	88.93	37.7
132.0	62.8	88.96	37.65
132.2	62.71	88.99	37.61
132.4	62.61	88.98	37.56
132.6	62.5	88.91	37.51
132.8	62.35	88.77	37.46
133.0	62.18	88.53	37.41
133.2	61.82	87.81	37.35
133.4	61.43	87.01	37.29
133.6	61.04	86.23	37.24
133.8	60.68	85.55	37.19
134.0	60.38	85.03	37.16
134.2	60.25	85.06	37.15
134.4	60.28	85.61	37.16
134.6	60.37	86.31	37.19
134.8	60.5	87.06	37.23
135.0	60.65	87.81	37.27
135.2	60.75	88.3	37.31
135.4	60.76	88.35	37.35
135.6	60.77	88.33	37.4
135.8	60.8	88.26	37.44
136.0	60.85	88.19	37.48
136.2	60.95	88.17	37.52
136.4	61.23	88.59	37.56
136.6	61.53	89.03	37.6
136.8	61.86	89.45	37.64
137.0	62.18	89.82	37.67
137.2	62.5	90.08	37.71
137.4	62.71	89.95	37.74
137.6	62.81	89.44	37.77
137.8	62.91	88.87	37.79
138.0	63.02	88.33	37.82
138.2	63.15	87.87	37.84
138.4	63.4	87.78	37.85
138.6	63.78	88.15	37.86
138.8	64.19	88.6	37.87
139.0	64.59	89.09	37.87
139.2	64.98	89.55	37.88
139.4	65.27	89.73	37.89
139.6	65.47	89.72	37.89
139.8	65.64	89.6	37.9
140.0	65.75	89.39	37.91
140.2	65.82	89.11	37.92
140.4	65.85	88.73	37.92
140.6	65.84	88.28	37.93
140.8	65.79	87.79	37.94
141.0	65.7	87.27	37.95
141.2	65.56	86.74	37.95
141.4	65.38	86.21	37.96
141.6	65.1	85.77	37.97
141.8	64.79	85.34	37.97
142.0	64.46	84.94	37.98
142.2	64.13	84.56	37.99
142.4	63.8	84.2	37.99
142.6	63.51	83.86	38.0
142.8	63.27	83.55	38.01
143.0	63.04	83.27	38.01
143.2	62.84	83.01	38.02
143.4	62.65	82.79	38.02
143.6	62.48	82.62	38.03
143.8	62.34	82.54	38.03
144.0	62.22	82.48	38.04
144.2	62.09	82.43	38.04
144.4	61.97	82.39	38.04
144.6	61.84	82.34	38.04
144.8	61.67	82.17	38.05
145.0	61.47	81.95	38.05
145.2	61.27	81.73	38.05
145.4	61.06	81.53	38.06
145.6	60.86	81.37	38.06
145.8	60.67	81.27	38.06
146.0	60.5	81.35	38.07
146.2	60.34	81.5	38.07
146.4	60.2	81.72	38.07
146.6	60.07	81.98	38.07
146.8	59.97	82.29	38.08
147.0	59.88	82.64	38.09
147.2	59.76	82.93	38.1
147.4	59.68	83.26	38.11
147.6	59.65	83.65	38.13
147.8	59.66	84.1	38.15
148.0	59.74	84.64	38.17
148.2	59.99	85.42	38.19
148.4	60.36	86.34	38.2
148.6	60.75	87.28	38.22
148.8	61.16	88.19	38.24
149.0	61.55	89.04	38.26
149.2	61.81	89.66	38.28
149.4	61.95	90.03	38.29
149.6	62.05	90.29	38.31
149.8	62.11	90.44	38.33
150.0	62.14	90.5	38.35
150.2	62.15	90.47	38.37
150.4	62.18	90.31	38.38
150.6	62.21	90.09	38.39
150.8	62.24	89.86	38.41
151.0	62.27	89.64	38.42
151.2	62.31	89.45	38.44
151.4	62.37	89.35	38.46
151.6	62.47	89.53	38.48
151.8	62.59	89.76	38.51
152.0	62.71	90.03	38.53
152.2	62.84	90.31	38.56
152.4	62.97	90.59	38.59
152.6	63.1	90.85	38.62
152.8	63.22	91.06	38.65
153.0	63.34	91.21	38.68
153.2	63.45	91.28	38.71
153.4	63.55	91.26	38.74
153.6	63.62	90.92	38.77
153.8	63.67	90.44	38.8
154.0	63.72	89.91	38.83
154.2	63.77	89.35	38.86
154.4	63.83	88.8	38.89
154.6	63.93	88.42	38.92
154.8	64.06	88.2	38.95
155.0	64.19	88.03	38.98
155.2	64.31	87.88	39.0
155.4	64.41	87.74	39.03
155.6	64.48	87.6	39.05
155.8	64.4	87.28	39.08
156.0	64.28	86.95	39.1
156.2	64.15	86.64	39.13
156.4	64.03	86.39	39.15
156.6	63.92	86.2	39.18
156.8	63.92	86.22	39.2
157.0	64.0	86.42	39.22
157.2	64.11	86.68	39.25
157.4	64.23	86.99	39.27
157.6	64.34	87.31	39.3
157.8	64.43	87.61	39.32
158.0	64.48	87.87	39.35
158.2	64.52	88.1	39.37
158.4	64.54	88.3	39.4
158.6	64.53	88.45	39.42
158.8	64.49	88.49	39.45
159.0	64.42	88.42	39.47
159.2	64.33	88.3	39.49
159.4	64.2	88.14	39.52
159.6	64.05	87.95	39.54
159.8	63.88	87.73	39.56
160.0	63.63	87.49	39.58
160.2	63.35	87.24	39.6
160.4	63.07	87.01	39.62
160.6	62.8	86.81	39.63
160.8	62.55	86.65	39.64
161.0	62.34	86.58	39.65
161.2	62.26	86.7	39.65
161.4	62.21	86.88	39.65
161.6	62.17	87.08	39.65
161.8	62.15	87.3	39.64
162.0	62.14	87.51	39.63
162.2	62.08	87.69	39.62
162.4	62.02	87.82	39.6
162.6	61.95	87.92	39.58
162.8	61.87	87.96	39.57
163.0	61.78	87.94	39.55
163.2	61.7	87.75	39.53
163.4	61.6	87.44	39.51
163.6	61.49	87.08	39.5
163.8	61.36	86.68	39.48
164.0	61.21	86.26	39.47
164.2	61.04	85.84	39.45
164.4	60.77	85.45	39.43
164.6	60.47	85.11	39.42
164.8	60.17	84.8	39.4
165.0	59.88	84.56	39.38
165.2	59.62	84.38	39.37
165.4	59.43	84.32	39.35
165.6	59.36	84.46	39.34
165.8	59.33	84.68	39.32
166.0	59.34	84.95	39.3
166.2	59.39	85.25	39.29
166.4	59.47	85.56	39.28
166.6	59.55	85.85	39.26
166.8	59.65	86.12	39.25
167.0	59.77	86.36	39.24
167.2	59.91	86.56	39.23
167.4	60.07	86.71	39.22
167.6	60.28	86.73	39.21
167.8	60.53	86.63	39.2
168.0	60.78	86.49	39.18
168.2	61.03	86.32	39.17
168.4	61.27	86.14	39.16
168.6	61.48	85.96	39.15
168.8	61.55	85.86	39.13
169.0	61.57	85.78	39.12
169.2	61.6	85.72	39.11
169.4	61.65	85.67	39.1
169.6	61.73	85.63	39.1
169.8	61.95	85.62	39.11
170.0	62.3	85.62	39.14
170.2	62.68	85.62	39.17
170.4	63.06	85.61	39.2
170.6	63.41	85.58	39.24
170.8	63.66	85.51	39.28
171.0	63.79	85.4	39.32
171.2	63.88	85.25	39.36
171.4	63.94	85.08	39.39
171.6	63.96	84.87	39.43
171.8	63.98	84.63	39.47
172.0	64.0	84.35	39.5
172.2	64.0	84.04	39.53
172.4	63.99	83.7	39.56
172.6	63.95	83.34	39.59
172.8	63.89	82.96	39.62
173.0	63.76	82.51	39.65
173.2	63.62	82.04	39.68
173.4	63.47	81.57	39.7
173.6	63.32	81.12	39.72
173.8	63.18	80.71	39.74
174.0	63.07	80.34	39.75
174.2	63.04	80.07	39.75
174.4	63.03	79.85	39.75
174.6	63.03	79.71	39.74
174.8	63.03	79.63	39.73
175.0	63.04	79.63	39.71
175.2	63.01	79.85	39.68
175.4	62.98	80.14	39.65
175.6	62.94	80.46	39.62
175.8	62.89	80.79	39.59
176.0	62.85	81.1	39.55
176.2	62.82	81.22	39.52
176.4	62.8	81.2	39.48
176.6	62.77	81.14	39.45
176.8	62.73	81.07	39.42
177.0	62.69	80.99	39.39
177.2	62.62	80.93	39.36
177.4	62.47	80.95	39.32
177.6	62.28	81.03	39.29
177.8	62.1	81.16	39.25
178.0	61.94	81.35	39.22
178.2	61.82	81.61	39.19
178.4	61.78	81.96	39.17
178.6	61.93	82.54	39.15
178.8	62.13	83.15	39.13
179.0	62.35	83.77	39.13
179.2	62.56	84.36	39.12
179.4	62.75	84.86	39.12
179.6	62.78	85.09	39.12
179.8	62.78	85.23	39.13
180.0	62.76	85.31	39.14
180.2	62.73	85.33	39.15
180.4	62.71	85.31	39.16
180.6	62.73	85.3	39.17
180.8	62.78	85.28	39.18
181.0	62.85	85.25	39.19
181.2	62.92	85.21	39.19
181.4	63.0	85.17	39.2
181.6	63.09	85.14	39.21
181.8	63.18	85.18	39.22
182.0	63.28	85.23	39.22
182.2	63.37	85.27	39.23
182.4	63.46	85.28	39.24
182.6	63.54	85.27	39.25
182.8	63.61	85.18	39.26
183.0	63.67	85.03	39.27
183.2	63.71	84.83	39.27
183.4	63.72	84.58	39.28
183.6	63.7	84.28	39.29
183.8	63.58	83.9	39.3
184.0	63.4	83.44	39.31
184.2	63.18	82.96	39.32
184.4	62.95	82.45	39.33
184.6	62.7	81.95	39.34
184.8	62.44	81.45	39.35
185.0	62.21	80.94	39.35
185.2	62.0	80.47	39.36
185.4	61.81	80.08	39.37
185.6	61.64	79.77	39.38
185.8	61.52	79.57	39.38
186.0	61.43	79.51	39.39
186.2	61.49	79.89	39.4
186.4	61.58	80.38	39.41
186.6	61.7	80.94	39.41
186.8	61.83	81.54	39.41
187.0	61.95	82.15	39.39
187.2	62.02	82.66	39.36
187.4	62.07	83.1	39.32
187.6	62.1	83.48	39.28
187.8	62.12	83.79	39.22
188.0	62.14	84.01	39.17
188.2	62.15	83.97	39.12
188.4	62.16	83.81	39.07
188.6	62.16	83.58	39.03
188.8	62.15	83.32	38.98
189.0	62.15	83.04	38.93
189.2	62.13	82.81	38.88
189.4	62.1	82.72	38.83
189.6	62.07	82.67	38.77
189.8	62.05	82.63	38.72
190.0	62.04	82.62	38.68
190.2	62.03	82.63	38.64
190.4	62.06	82.63	38.62
190.6	62.11	82.63	38.62
190.8	62.18	82.65	38.63
191.0	62.25	82.7	38.64
191.2	62.34	82.77	38.66
191.4	62.44	82.92	38.69
191.6	62.56	83.13	38.73
191.8	62.67	83.36	38.78
192.0	62.77	83.58	38.83
192.2	62.85	83.79	38.88
192.4	62.9	83.95	38.93
192.6	62.87	83.97	38.98
192.8	62.8	83.95	39.02
193.0	62.71	83.9	39.06
193.2	62.6	83.82	39.11
193.4	62.46	83.73	39.15
193.6	62.28	83.64	39.18
193.8	62.08	83.54	39.22
194.0	61.86	83.45	39.25
194.2	61.65	83.37	39.28
194.4	61.45	83.31	39.31
194.6	61.26	83.26	39.34
194.8	61.14	83.3	39.36
195.0	61.05	83.38	39.38
195.2	60.99	83.47	39.4
195.4	60.94	83.54	39.42
195.6	60.9	83.6	39.43
195.8	60.86	83.57	39.45
196.0	60.82	83.48	39.47
196.2	60.8	83.36	39.49
196.4	60.79	83.21	39.51
196.6	60.8	83.02	39.52
196.8	60.85	82.81	39.54
197.0	60.97	82.53	39.56
197.2	61.11	82.24	39.58
197.4	61.25	81.96	39.59
197.6	61.39	81.69	39.61
197.8	61.52	81.45	39.62
198.0	61.6	81.27	39.63
198.2	61.58	81.19	39.64
198.4	61.54	81.16	39.65
198.6	61.5	81.18	39.66
198.8	61.47	81.25	39.67
199.0	61.46	81.37	39.67
199.2	61.55	81.62	39.67
199.4	61.68	81.92	39.67
199.6	61.81	82.21	39.67
199.8	61.94	82.48	39.67
200.0	62.07	82.7	39.67
200.2	62.12	82.7	39.67
200.4	62.16	82.61	39.67
200.6	62.19	82.46	39.67
200.8	62.21	82.26	39.67
201.0	62.23	82.02	39.67
201.2	62.27	81.76	39.67
201.4	62.34	81.46	39.67
201.6	62.41	81.17	39.66
201.8	62.49	80.9	39.66
202.0	62.57	80.66	39.66
202.2	62.65	80.47	39.66
202.4	62.73	80.39	39.66
202.6	62.82	80.44	39.66
202.8	62.89	80.56	39.66
203.0	62.95	80.74	39.66
203.2	63.0	80.97	39.66
203.4	63.02	81.25	39.66
203.6	62.96	81.68	39.66
203.8	62.89	82.11	39.66
204.0	62.81	82.52	39.66
204.2	62.72	82.87	39.66
204.4	62.62	83.14	39.66
204.6	62.56	83.01	39.66
204.8	62.51	82.75	39.66
205.0	62.46	82.41	39.66
205.2	62.41	82.02	39.66
205.4	62.36	81.59	39.66
205.6	62.31	81.16	39.65
205.8	62.21	80.85	39.65
206.0	62.12	80.56	39.65
206.2	62.03	80.31	39.65
206.4	61.96	80.1	39.65
206.6	61.9	79.92	39.65
206.8	61.88	79.82	39.65
207.0	61.92	79.82	39.65
207.2	61.99	79.87	39.65
207.4	62.08	79.95	39.65
207.6	62.18	80.05	39.64
207.8	62.29	80.16	39.64
208.0	62.41	80.28	39.63
208.2	62.53	80.4	39.63
208.4	62.65	80.51	39.62
208.6	62.76	80.59	39.61
208.8	62.86	80.65	39.6
209.0	62.93	80.65	39.59
209.2	62.99	80.59	39.59
209.4	63.02	80.49	39.58
209.6	63.02	80.35	39.57
209.8	62.98	80.17	39.56
210.0	62.92	79.95	39.55
210.2	62.75	79.6	39.55
210.4	62.53	79.18	39.54
210.6	62.28	78.77	39.53
210.8	62.04	78.39	39.52
211.0	61.8	78.09	39.51
211.2	61.58	77.87	39.51
211.4	61.49	78.07	39.5
211.6	61.43	78.37	39.48
211.8	61.39	78.73	39.47
212.0	61.37	79.11	39.46
212.2	61.35	79.47	39.44
212.4	61.3	79.65	39.43
212.6	61.22	79.61	39.41
212.8	61.14	79.54	39.39
213.0	61.07	79.44	39.38
213.2	61.0	79.34	39.36
213.4	60.94	79.27	39.34
213.6	60.89	79.31	39.32
213.8	60.86	79.44	39.3
214.0	60.85	79.62	39.28
214.2	60.86	79.85	39.26
214.4	60.88	80.13	39.25
214.6	60.93	80.45	39.23
214.8	61.04	80.88	39.21
215.0	61.17	81.35	39.19
215.2	61.31	81.85	39.17
215.4	61.48	82.37	39.15
215.6	61.65	82.9	39.14
215.8	61.82	83.43	39.12
216.0	62.0	83.96	39.1
216.2	62.17	84.45	39.08
216.4	62.34	84.91	39.06
216.6	62.49	85.31	39.04
216.8	62.63	85.64	39.03
217.0	62.75	85.79	39.01
217.2	62.84	85.87	38.99
217.4	62.91	85.86	38.97
217.6	62.95	85.79	38.95
217.8	62.96	85.66	38.93
218.0	62.93	85.46	38.92
218.2	62.82	85.1	38.9
218.4	62.68	84.73	38.88
218.6	62.52	84.36	38.86
218.8	62.37	84.01	38.84
219.0	62.22	83.73	38.82
219.2	62.13	83.65	38.81
219.4	62.1	83.79	38.79
219.6	62.07	83.96	38.77
219.8	62.05	84.15	38.75
220.0	62.02	84.32	38.73
220.2	61.98	84.37	38.72
220.4	61.89	84.21	38.7
220.6	61.79	83.99	38.68
220.8	61.68	83.72	38.66
221.0	61.55	83.41	38.65
221.2	61.42	83.09	38.63
221.4	61.28	82.75	38.61
221.6	61.14	82.41	38.59
221.8	60.98	82.1	38.57
222.0	60.84	81.81	38.56
222.2	60.69	81.57	38.54
222.4	60.55	81.39	38.52
222.6	60.42	81.34	38.5
222.8	60.3	81.42	38.49
223.0	60.19	81.57	38.47
223.2	60.11	81.76	38.45
223.4	60.04	82.0	38.43
223.6	60.01	82.27	38.42
223.8	60.03	82.6	38.4
224.0	60.08	82.93	38.38
224.2	60.16	83.27	38.36
224.4	60.25	83.59	38.35
224.6	60.36	83.89	38.33
224.8	60.47	84.1	38.31
225.0	60.58	84.17	38.29
225.2	60.7	84.21	38.27
225.4	60.82	84.23	38.26
225.6	60.95	84.25	38.24
225.8	61.08	84.27	38.22
226.0	61.19	84.37	38.2
226.2	61.29	84.57	38.18
226.4	61.39	84.78	38.16
226.6	61.51	84.98	38.14
226.8	61.63	85.16	38.13
227.0	61.78	85.31	38.11
227.2	61.99	85.34	38.11
227.4	62.23	85.31	38.11
227.6	62.48	85.24	38.11
227.8	62.71	85.14	38.12
228.0	62.93	85.03	38.12
228.2	63.07	84.96	38.13
228.4	63.14	84.94	38.13
228.6	63.17	84.89	38.14
228.8	63.18	84.81	38.14
229.0	63.17	84.69	38.15
229.2	63.14	84.51	38.15
229.4	63.1	84.02	38.15
229.6	63.06	83.43	38.16
229.8	63.01	82.84	38.16
230.0	62.97	82.28	38.17
230.2	62.94	81.79	38.17
230.4	62.93	81.42	38.17
230.6	62.95	81.5	38.18
230.8	63.0	81.76	38.18
231.0	63.07	82.12	38.18
231.2	63.16	82.53	38.19
231.4	63.27	82.97	38.19
231.6	63.41	83.35	38.2
231.8	63.59	83.62	38.2
232.0	63.78	83.89	38.2
232.2	63.99	84.14	38.21
232.4	64.22	84.39	38.21
232.6	64.46	84.65	38.22
232.8	64.74	84.97	38.22
233.0	65.01	85.27	38.22
233.2	65.28	85.56	38.22
233.4	65.52	85.8	38.23
233.6	65.73	86.0	38.23
233.8	65.83	86.09	38.24
234.0	65.81	86.04	38.25
234.2	65.77	85.95	38.27
234.4	65.72	85.84	38.29
234.6	65.68	85.73	38.31
234.8	65.68	85.63	38.34
235.0	65.88	85.65	38.38
235.2	66.11	85.71	38.42
235.4	66.36	85.78	38.47
235.6	66.6	85.86	38.52
235.8	66.82	85.95	38.57
236.0	66.9	86.07	38.62
236.2	66.91	86.19	38.68
236.4	66.9	86.28	38.73
236.6	66.86	86.33	38.78
236.8	66.8	86.33	38.83
237.0	66.79	86.2	38.88
237.2	66.8	85.94	38.92
237.4	66.8	85.63	38.97
237.6	66.79	85.28	39.01
237.8	66.74	84.9	39.05
238.0	66.66	84.5	39.09
238.2	66.47	84.12	39.12
238.4	66.22	83.76	39.15
238.6	65.93	83.41	39.17
238.8	65.63	83.09	39.19
239.0	65.31	82.8	39.21
239.2	65.0	82.58	39.23
239.4	64.71	82.47	39.25
239.6	64.42	82.38	39.26
239.8	64.13	82.32	39.27
240.0	63.84	82.25	39.28
240.2	63.55	82.17	39.29
240.4	63.26	81.99	39.3
240.6	62.96	81.79	39.32
240.8	62.66	81.57	39.33
241.0	62.35	81.34	39.34
241.2	62.05	81.1	39.35
241.4	61.73	80.83	39.36
241.6	61.38	80.54	39.37
241.8	61.05	80.27	39.38
242.0	60.73	80.03	39.39
242.2	60.43	79.84	39.4
242.4	60.17	79.71	39.42
242.6	59.97	79.67	39.43
242.8	59.83	79.75	39.44
243.0	59.73	79.9	39.45
243.2	59.67	80.15	39.46
243.4	59.66	80.5	39.47
243.6	59.71	80.99	39.48
243.8	59.84	81.78	39.49
244.0	60.0	82.62	39.51
244.2	60.19	83.43	39.52
244.4	60.38	84.18	39.53
244.6	60.57	84.8	39.54
244.8	60.7	84.82	39.55
245.0	60.81	84.7	39.57
245.2	60.9	84.47	39.58
245.4	60.97	84.18	39.59
245.6	61.02	83.86	39.6
245.8	61.0	83.65	39.61
246.0	60.92	83.59	39.62
246.2	60.83	83.55	39.63
246.4	60.76	83.54	39.64
246.6	60.72	83.56	39.65
246.8	60.73	83.62	39.65
247.0	60.91	83.73	39.65
247.2	61.13	83.86	39.65
247.4	61.38	83.99	39.65
247.6	61.64	84.12	39.64
247.8	61.9	84.24	39.63
248.0	62.11	84.38	39.62
248.2	62.3	84.47	39.6
248.4	62.47	84.49	39.59
248.6	62.62	84.42	39.57
248.8	62.74	84.22	39.55
249.0	62.8	83.64	39.53
249.2	62.83	82.94	39.51
249.4	62.82	82.13	39.5
249.6	62.78	81.27	39.48
249.8	62.71	80.36	39.46
250.0	62.59	79.45	39.45
250.2	62.41	78.56	39.43
250.4	62.21	77.71	39.42
250.6	62.01	76.94	39.4
250.8	61.8	76.27	39.38
251.0	61.61	75.72	39.36
251.2	61.49	75.58	39.35
251.4	61.39	75.57	39.33
251.6	61.3	75.66	39.31
251.8	61.22	75.81	39.28
252.0	61.15	75.99	39.26
252.2	61.06	76.0	39.24
252.4	60.96	75.94	39.21
252.6	60.87	75.89	39.19
252.8	60.78	75.86	39.16
253.0	60.69	75.86	39.13
253.2	60.62	75.91	39.1
253.4	60.55	76.16	39.08
253.6	60.49	76.46	39.05
253.8	60.45	76.81	39.02
254.0	60.42	77.2	39.0
254.2	60.42	77.61	38.97
254.4	60.43	78.04	38.94
254.6	60.51	78.43	38.92
254.8	60.61	78.82	38.89
255.0	60.73	79.23	38.86
255.2	60.85	79.65	38.84
255.4	60.99	80.09	38.81
255.6	61.12	80.58	38.79
255.8	61.25	81.14	38.76
256.0	61.38	81.69	38.73
256.2	61.5	82.22	38.71
256.4	61.61	82.71	38.68
256.6	61.71	83.14	38.65
256.8	61.77	83.37	38.63
257.0	61.82	83.5	38.6
257.2	61.85	83.56	38.57
257.4	61.86	83.56	38.55
257.6	61.85	83.53	38.52
257.8	61.83	83.47	38.49
258.0	61.75	83.32	38.46
258.2	61.63	83.14	38.43
258.4	61.51	82.99	38.4
258.6	61.4	82.9	38.38
258.8	61.3	82.89	38.35
259.0	61.24	83.0	38.33
259.2	61.26	83.5	38.32
259.4	61.34	84.23	38.31
259.6	61.46	85.04	38.31
259.8	61.6	85.86	38.31
260.0	61.76	86.66	38.31
260.2	61.95	87.33	38.31
260.4	62.16	87.7	38.32
260.6	62.38	87.97	38.33
260.8	62.6	88.17	38.33
261.0	62.82	88.28	38.34
261.2	63.04	88.33	38.35
261.4	63.22	88.31	38.36
261.6	63.36	88.22	38.37
261.8	63.49	88.09	38.37
262.0	63.62	87.95	38.38
262.2	63.74	87.8	38.39
262.4	63.86	87.65	38.39
262.6	64.0	87.59	38.4
262.8	64.16	87.61	38.41
263.0	64.32	87.64	38.41
263.2	64.46	87.68	38.42
263.4	64.59	87.71	38.43
263.6	64.71	87.72	38.44
263.8	64.77	87.66	38.45
264.0	64.81	87.57	38.45
264.2	64.83	87.46	38.46
264.4	64.83	87.32	38.47
264.6	64.81	87.16	38.48
264.8	64.78	86.99	38.49
265.0	64.74	86.79	38.49
265.2	64.68	86.57	38.5
265.4	64.6	86.32	38.51
265.6	64.49	86.04	38.52
265.8	64.35	85.74	38.52
266.0	64.15	85.36	38.53
266.2	63.89	84.9	38.54
266.4	63.61	84.45	38.54
266.6	63.31	84.0	38.55
266.8	63.02	83.59	38.55
267.0	62.74	83.22	38.54
267.2	62.51	83.05	38.53
267.4	62.33	82.99	38.51
267.6	62.16	82.97	38.49
267.8	62.0	82.96	38.46
268.0	61.84	82.93	38.43
268.2	61.67	82.84	38.4
268.4	61.45	82.49	38.36
268.6	61.22	82.09	38.33
268.8	61.0	81.68	38.29
269.0	60.77	81.28	38.25
269.2	60.55	80.9	38.2
269.4	60.33	80.58	38.16
269.6	60.13	80.46	38.12
269.8	59.93	80.42	38.07
270.0	59.75	80.46	38.03
270.2	59.59	80.56	37.99
270.4	59.46	80.73	37.96
270.6	59.35	80.98	37.92
270.8	59.3	81.34	37.9
271.0	59.28	81.78	37.89
271.2	59.29	82.26	37.88
271.4	59.34	82.77	37.88
271.6	59.42	83.31	37.88
271.8	59.54	83.86	37.89
272.0	59.72	84.43	37.89
272.2	59.93	84.98	37.9
272.4	60.16	85.49	37.92
272.6	60.4	85.95	37.93
272.8	60.65	86.34	37.95
273.0	60.87	86.55	37.96
273.2	61.06	86.58	37.97
273.4	61.24	86.54	37.98
273.6	61.43	86.42	37.99
273.8	61.63	86.27	38.0
274.0	61.83	86.07	38.01
274.2	62.05	85.9	38.02
274.4	62.3	85.74	38.04
274.6	62.56	85.57	38.05
274.8	62.83	85.4	38.06
275.0	63.09	85.23	38.07
275.2	63.36	85.07	38.08
275.4	63.65	85.06	38.09
275.6	63.93	85.04	38.11
275.8	64.19	84.97	38.12
276.0	64.42	84.82	38.13
276.2	64.61	84.56	38.14
276.4	64.68	83.94	38.16
276.6	64.68	83.13	38.17
276.8	64.63	82.23	38.18
277.0	64.55	81.28	38.2
277.2	64.44	80.32	38.21
277.4	64.3	79.38	38.22
277.6	64.18	78.64	38.23
277.8	64.04	77.95	38.24
278.0	63.89	77.34	38.25
278.2	63.73	76.81	38.27
278.4	63.57	76.36	38.28
278.6	63.4	76.01	38.29
278.8	63.24	75.89	38.3
279.0	63.08	75.87	38.31
279.2	62.92	75.93	38.32
279.4	62.76	76.05	38.33
279.6	62.61	76.21	38.34
279.8	62.45	76.39	38.36
280.0	62.29	76.57	38.37
280.2	62.13	76.76	38.38
280.4	61.97	76.92	38.39
280.6	61.82	77.07	38.41
280.8	61.68	77.18	38.42
281.0	61.55	77.18	38.43
281.2	61.44	77.02	38.45
281.4	61.34	76.82	38.46
281.6	61.25	76.59	38.47
281.8	61.16	76.36	38.48
282.0	61.08	76.14	38.49
282.2	60.99	75.95	38.5
282.4	60.89	75.84	38.51
282.6	60.8	75.77	38.52
282.8	60.71	75.76	38.53
283.0	60.63	75.81	38.54
283.2	60.56	75.94	38.55
283.4	60.51	76.16	38.56
283.6	60.5	76.55	38.58
283.8	60.5	77.01	38.59
284.0	60.51	77.53	38.6
284.2	60.52	78.1	38.61
284.4	60.54	78.71	38.62
284.6	60.58	79.39	38.63
284.8	60.61	80.1	38.64
285.0	60.64	80.8	38.65
285.2	60.66	81.5	38.66
285.4	60.67	82.15	38.67
285.6	60.66	82.75	38.68
285.8	60.58	83.08	38.69
286.0	60.46	83.26	38.7
286.2	60.33	83.4	38.71
286.4	60.2	83.55	38.72
286.6	60.07	83.72	38.73
286.8	59.97	83.96	38.74
287.0	59.91	84.46	38.75
287.2	59.9	85.19	38.76
287.4	59.91	85.97	38.77
287.6	59.96	86.79	38.78
287.8	60.04	87.6	38.79
