0.2	94.9	65.91	40.09
0.4	95.35	66.5	40.09
0.6	95.6	66.89	40.09
0.8	95.69	67.09	40.09
1.0	95.64	67.15	40.09
1.2	95.48	67.1	40.09
1.4	95.24	66.96	40.09
1.6	94.93	66.77	40.09
1.8	94.62	66.64	40.09
2.0	94.31	66.56	40.09
2.2	93.99	66.45	40.09
2.4	93.67	66.27	40.09
2.6	93.34	65.85	40.09
2.8	93.02	65.22	40.09
3.0	92.71	64.61	40.09
3.2	92.43	64.1	40.09
3.4	92.18	63.98	40.09
3.6	91.99	64.36	40.09
3.8	91.82	64.84	40.09
4.0	91.66	65.3	40.09
4.2	91.5	65.5	40.09
4.4	91.31	65.17	40.09
4.6	91.15	64.81	40.1
4.8	91.04	64.51	40.1
5.0	91.02	64.54	40.11
5.2	91.16	65.12	40.12
5.4	91.32	65.78	40.13
5.6	91.48	66.42	40.14
5.8	91.57	66.73	40.15
6.0	91.55	66.68	40.16
6.2	91.48	66.47	40.17
6.4	91.36	66.14	40.18
6.6	91.15	65.75	40.19
6.8	90.87	65.31	40.2
7.0	90.56	64.85	40.21
7.2	90.26	64.38	40.22
7.4	89.97	63.92	40.23
7.6	89.73	63.5	40.24
7.8	89.54	63.15	40.25
8.0	89.41	62.92	40.26
8.2	89.38	62.89	40.27
8.4	89.48	63.17	40.28
8.6	89.65	63.56	40.29
8.8	89.9	64.04	40.3
9.0	90.2	64.52	40.3
9.2	90.56	64.89	40.31
9.4	90.96	65.29	40.32
9.6	91.4	65.74	40.33
9.8	91.87	66.31	40.34
10.0	92.38	67.04	40.35
10.2	92.87	67.76	40.36
10.4	93.33	68.45	40.37
10.6	93.69	69.02	40.38
10.8	93.95	69.44	40.39
11.0	94.15	69.68	40.4
11.2	94.31	69.68	40.41
11.4	94.45	69.15	40.43
11.6	94.56	68.25	40.44
11.8	94.62	67.24	40.45
12.0	94.62	66.23	40.46
12.2	94.51	65.62	40.46
12.4	94.32	65.3	40.47
12.6	94.07	65.05	40.48
12.8	93.79	64.84	40.48
13.0	93.49	64.47	40.48
13.2	93.17	63.98	40.48
13.4	92.88	63.51	40.47
13.6	92.63	63.1	40.46
13.8	92.48	62.84	40.46
14.0	92.44	62.77	40.45
14.2	92.47	62.81	40.44
14.4	92.56	62.97	40.43
14.6	92.73	63.32	40.42
14.8	92.99	63.85	40.41
15.0	93.22	64.38	40.4
15.2	93.39	64.82	40.39
15.4	93.35	64.91	40.38
15.6	93.09	64.61	40.37
15.8	92.74	64.2	40.36
16.0	92.34	63.72	40.35
16.2	91.94	63.33	40.34
16.4	91.6	63.13	40.33
16.6	91.27	62.96	40.31
16.8	90.98	62.78	40.3
17.0	90.73	62.57	40.29
17.2	90.59	62.21	40.28
17.4	90.48	61.84	40.27
17.6	90.4	61.5	40.26
17.8	90.31	61.21	40.25
18.0	90.08	60.96	40.24
18.2	89.86	60.83	40.23
18.4	89.71	60.88	40.22
18.6	89.67	61.16	40.21
18.8	89.94	61.97	40.2
19.0	90.35	63.04	40.19
19.2	90.87	64.27	40.18
19.4	91.44	65.58	40.17
19.6	92.09	66.94	40.16
19.8	92.71	68.24	40.15
20.0	93.26	69.38	40.14
20.2	93.63	70.2	40.13
20.4	93.75	70.56	40.12
20.6	93.72	70.64	40.11
20.8	93.57	70.46	40.1
21.0	93.29	69.97	40.09
21.2	92.92	69.18	40.08
21.4	92.48	68.28	40.07
21.6	92.03	67.35	40.06
21.8	91.6	66.54	40.05
22.0	91.29	66.1	40.04
22.2	91.0	65.76	40.03
22.4	90.73	65.5	40.02
22.6	90.48	65.29	40.01
22.8	90.18	65.03	40.0
23.0	89.88	64.77	40.0
23.2	89.6	64.55	39.99
23.4	89.36	64.38	40.0
23.6	89.16	64.25	40.02
23.8	89.0	64.16	40.06
24.0	88.92	64.17	40.11
24.2	88.92	64.3	40.16
24.4	89.05	64.67	40.21
24.6	89.34	65.38	40.26
24.8	89.72	66.15	40.31
25.0	90.14	66.9	40.35
25.2	90.59	67.42	40.4
25.4	91.03	67.66	40.45
25.6	91.48	67.83	40.5
25.8	91.9	68.0	40.55
26.0	92.22	68.22	40.6
26.2	92.5	68.53	40.65
26.4	92.78	68.97	40.7
26.6	93.07	69.58	40.75
26.8	93.51	70.77	40.79
27.0	93.96	72.04	40.84
27.2	94.38	73.24	40.88
27.4	94.71	74.14	40.93
27.6	94.9	74.57	40.98
27.8	95.02	74.69	41.03
28.0	95.05	74.5	41.08
28.2	94.98	73.76	41.13
28.4	94.85	72.78	41.19
28.6	94.68	71.7	41.24
28.8	94.51	70.79	41.29
29.0	94.34	70.18	41.34
29.2	94.16	69.56	41.39
29.4	93.97	68.88	41.44
29.6	93.75	67.82	41.49
29.8	93.51	66.58	41.54
30.0	93.25	65.33	41.59
30.2	92.96	64.13	41.64
30.4	92.55	63.17	41.68
30.6	92.17	62.33	41.71
30.8	91.87	61.62	41.73
31.0	91.76	61.05	41.74
31.2	91.9	60.63	41.72
31.4	92.13	60.36	41.69
31.6	92.4	60.28	41.64
31.8	92.64	60.51	41.57
32.0	92.83	60.94	41.5
32.2	93.0	61.44	41.41
32.4	93.11	61.9	41.33
32.6	93.13	62.19	41.25
32.8	93.09	62.38	41.17
33.0	93.02	62.46	41.09
33.2	92.91	62.33	41.01
33.4	92.79	62.0	40.93
33.6	92.62	61.62	40.85
33.8	92.42	61.23	40.77
34.0	92.13	61.06	40.69
34.2	91.79	61.02	40.61
34.4	91.44	61.0	40.53
34.6	91.11	60.94	40.45
34.8	90.89	60.65	40.36
35.0	90.72	60.26	40.27
35.2	90.59	59.86	40.19
35.4	90.46	59.52	40.13
35.6	90.25	59.26	40.11
35.8	90.06	59.14	40.1
36.0	89.93	59.21	40.11
36.2	89.91	59.53	40.13
36.4	90.13	60.38	40.14
36.6	90.45	61.41	40.16
36.8	90.85	62.55	40.19
37.0	91.3	63.69	40.21
37.2	91.78	64.74	40.23
37.4	92.23	65.7	40.25
37.6	92.61	66.54	40.27
37.8	92.77	67.09	40.29
38.0	92.78	67.44	40.31
38.2	92.71	67.61	40.33
38.4	92.56	67.61	40.35
38.6	92.36	67.41	40.37
38.8	92.13	67.09	40.39
39.0	91.88	66.67	40.41
39.2	91.63	66.18	40.43
39.4	91.46	65.64	40.45
39.6	91.3	65.1	40.47
39.8	91.12	64.62	40.49
40.0	90.93	64.24	40.5
40.2	90.56	64.25	40.51
40.4	90.2	64.34	40.51
40.6	89.89	64.46	40.49
40.8	89.66	64.52	40.46
41.0	89.71	64.06	40.39
41.2	89.86	63.62	40.31
41.4	90.09	63.32	40.21
41.6	90.34	63.34	40.12
41.8	90.48	64.16	40.03
42.0	90.69	65.19	39.94
42.2	91.03	66.32	39.86
42.4	91.69	67.3	39.77
42.6	92.58	68.11	39.68
42.8	93.48	68.89	39.59
43.0	94.21	69.64	39.51
43.2	94.59	70.43	39.42
43.4	94.82	71.13	39.33
43.6	94.9	71.68	39.25
43.8	94.85	71.95	39.16
44.0	94.71	72.03	39.07
44.2	94.53	71.94	38.98
44.4	94.38	71.58	38.9
44.6	94.27	71.02	38.81
44.8	94.14	70.43	38.72
45.0	93.99	69.92	38.64
45.2	93.72	69.92	38.55
45.4	93.41	70.14	38.46
45.6	93.09	70.39	38.38
45.8	92.8	70.59	38.29
46.0	92.65	70.4	38.2
46.2	92.52	70.08	38.11
46.4	92.41	69.66	38.03
46.6	92.28	69.16	37.94
46.8	92.05	68.62	37.85
47.0	91.81	68.01	37.77
47.2	91.57	67.35	37.68
47.4	91.34	66.67	37.59
47.6	91.17	66.01	37.5
47.8	91.01	65.27	37.42
48.0	90.86	64.41	37.33
48.2	90.71	63.36	37.24
48.4	90.55	62.08	37.16
48.6	90.38	60.62	37.07
48.8	90.19	58.97	36.98
49.0	89.96	56.98	36.89
49.2	89.66	54.61	36.79
49.4	89.39	52.29	36.7
49.6	89.16	50.2	36.62
49.8	89.07	48.87	36.57
50.0	89.11	48.27	36.55
50.2	89.21	47.97	36.55
50.4	89.34	47.85	36.57
50.6	89.45	47.62	36.61
50.8	89.56	47.37	36.67
51.0	89.67	47.14	36.74
51.2	89.76	46.89	36.81
51.4	89.82	46.56	36.87
51.6	89.87	46.21	36.93
51.8	89.9	45.83	36.99
52.0	89.93	45.43	37.05
52.2	89.93	44.95	37.11
52.4	89.93	44.48	37.17
52.6	89.94	44.05	37.23
52.8	89.97	43.71	37.28
53.0	90.02	43.52	37.34
53.2	90.11	43.43	37.4
53.4	90.23	43.46	37.46
53.6	90.41	43.65	37.52
53.8	90.65	44.0	37.58
54.0	90.92	44.44	37.65
54.2	91.22	44.95	37.71
54.4	91.6	45.63	37.77
54.6	91.96	46.29	37.84
54.8	92.24	46.83	37.9
55.0	92.37	47.08	37.96
55.2	92.24	46.85	38.03
55.4	92.0	46.48	38.09
55.6	91.66	46.04	38.15
55.8	91.26	45.73	38.22
56.0	90.81	45.59	38.28
56.2	90.33	45.47	38.35
56.4	89.84	45.36	38.41
56.6	89.37	45.13	38.46
56.8	88.94	44.83	38.51
57.0	88.55	44.57	38.56
57.2	88.22	44.38	38.6
57.4	87.97	44.36	38.64
57.6	87.83	44.53	38.67
57.8	87.77	44.83	38.69
58.0	87.82	45.29	38.72
58.2	88.03	45.96	38.74
58.4	88.36	46.8	38.77
58.6	88.75	47.74	38.8
58.8	89.15	48.75	38.83
59.0	89.53	49.85	38.86
59.2	89.87	50.91	38.89
59.4	90.13	51.86	38.92
59.6	90.27	52.56	38.95
59.8	90.2	52.81	38.98
60.0	90.04	52.84	39.01
60.2	89.81	52.71	39.04
60.4	89.55	52.46	39.07
60.6	89.29	52.14	39.1
60.8	89.03	51.75	39.13
61.0	88.76	51.32	39.16
61.2	88.52	50.87	39.19
61.4	88.33	50.42	39.22
61.6	88.15	50.02	39.25
61.8	87.97	49.68	39.28
62.0	87.76	49.47	39.3
62.2	87.48	49.52	39.33
62.4	87.2	49.66	39.35
62.6	86.94	49.85	39.37
62.8	86.71	50.04	39.39
63.0	86.55	50.1	39.4
63.2	86.45	50.2	39.41
63.4	86.39	50.36	39.42
63.6	86.4	50.63	39.43
63.8	86.48	51.05	39.44
64.0	86.62	51.6	39.44
64.2	86.8	52.31	39.45
64.4	87.08	53.38	39.46
64.6	87.42	54.72	39.47
64.8	87.76	56.01	39.48
65.0	88.05	57.09	39.49
65.2	88.18	57.34	39.5
65.4	88.21	57.12	39.51
65.6	88.17	56.72	39.52
65.8	88.09	56.25	39.53
66.0	87.97	56.23	39.54
66.2	87.84	56.24	39.55
66.4	87.7	56.2	39.56
66.6	87.58	56.03	39.56
66.8	87.51	55.28	39.57
67.0	87.46	54.44	39.58
67.2	87.43	53.64	39.59
67.4	87.41	52.99	39.6
67.6	87.37	52.86	39.61
67.8	87.35	52.91	39.62
68.0	87.37	53.1	39.63
68.2	87.47	53.38	39.63
68.4	87.67	53.7	39.64
68.6	87.91	54.12	39.65
68.8	88.17	54.63	39.66
69.0	88.43	55.4	39.67
69.2	88.67	56.28	39.68
69.4	88.86	57.09	39.69
69.6	88.99	57.72	39.7
69.8	88.91	57.68	39.71
70.0	88.77	57.46	39.72
70.2	88.6	57.13	39.73
70.4	88.42	56.83	39.74
70.6	88.32	56.74	39.74
70.8	88.23	56.71	39.75
71.0	88.13	56.72	39.76
71.2	88.05	56.84	39.77
71.4	87.97	57.08	39.78
71.6	87.87	57.27	39.78
71.8	87.75	57.36	39.8
72.0	87.51	57.01	39.81
72.2	87.2	56.34	39.83
72.4	86.95	55.71	39.86
72.6	86.81	55.26	39.89
72.8	87.04	55.48	39.93
73.0	87.42	56.03	39.97
73.2	87.91	56.83	40.02
73.4	88.46	57.94	40.06
73.6	89.04	59.34	40.11
73.8	89.58	60.72	40.16
74.0	90.04	61.92	40.21
74.2	90.18	62.36	40.25
74.4	90.17	62.37	40.3
74.6	90.12	62.16	40.35
74.8	90.1	61.82	40.4
75.0	90.31	61.47	40.44
75.2	90.59	61.14	40.48
75.4	90.93	60.91	40.52
75.6	91.33	60.88	40.57
75.8	91.89	61.47	40.61
76.0	92.41	62.13	40.65
76.2	92.85	62.7	40.69
76.4	93.06	62.91	40.73
76.6	92.98	62.62	40.78
76.8	92.77	62.15	40.83
77.0	92.47	61.57	40.87
77.2	92.13	61.08	40.92
77.4	91.76	60.55	40.96
77.6	91.39	59.98	41.01
77.8	91.07	59.29	41.05
78.0	90.82	58.5	41.1
78.2	90.63	57.8	41.14
78.4	90.51	57.28	41.17
78.6	90.52	57.32	41.18
78.8	90.59	57.6	41.18
79.0	90.69	58.03	41.16
79.2	90.77	58.56	41.13
79.4	90.83	59.11	41.09
79.6	90.84	59.6	41.05
79.8	90.79	59.95	40.99
80.0	90.6	59.83	40.95
80.2	90.31	59.45	40.9
80.4	89.97	58.97	40.85
80.6	89.62	58.5	40.81
80.8	89.28	58.37	40.76
81.0	88.96	58.32	40.72
81.2	88.66	58.3	40.67
81.4	88.4	58.28	40.63
81.6	88.23	58.09	40.58
81.8	88.09	57.9	40.53
82.0	87.96	57.75	40.49
82.2	87.83	57.67	40.44
82.4	87.65	57.86	40.4
82.6	87.47	58.08	40.35
82.8	87.3	58.29	40.3
83.0	87.13	58.34	40.26
83.2	86.95	58.01	40.21
83.4	86.83	57.76	40.16
83.6	86.81	57.73	40.12
83.8	86.99	58.39	40.09
84.0	87.37	59.67	40.07
84.2	87.82	61.12	40.05
84.4	88.33	62.58	40.04
84.6	88.86	63.75	40.03
84.8	89.36	64.73	40.02
85.0	89.81	65.47	40.01
85.2	90.1	65.73	40.0
85.4	90.22	65.55	39.99
85.6	90.27	65.19	39.98
85.8	90.27	64.76	39.97
86.0	90.32	64.66	39.96
86.2	90.35	64.62	39.95
86.4	90.36	64.54	39.94
86.6	90.34	64.37	39.93
86.8	90.27	63.84	39.92
87.0	90.16	63.23	39.92
87.2	90.03	62.59	39.91
87.4	89.89	61.98	39.9
87.6	89.73	61.6	39.89
87.8	89.56	61.23	39.88
88.0	89.37	60.83	39.87
88.2	89.12	60.28	39.86
88.4	88.78	59.37	39.84
88.6	88.47	58.52	39.83
88.8	88.22	57.86	39.82
89.0	88.15	57.7	39.82
89.2	88.3	58.18	39.83
89.4	88.55	58.88	39.84
89.6	88.87	59.69	39.85
89.8	89.23	60.34	39.86
90.0	89.6	60.87	39.87
90.2	89.95	61.37	39.88
90.4	90.22	61.82	39.9
90.6	90.3	62.28	39.91
90.8	90.3	62.66	39.92
91.0	90.25	62.9	39.93
91.2	90.19	62.88	39.94
91.4	90.13	62.5	39.95
91.6	90.06	62.04	39.96
91.8	89.96	61.59	39.97
92.0	89.86	61.45	39.98
92.2	89.74	61.65	39.99
92.4	89.6	61.87	40.01
92.6	89.44	62.01	40.02
92.8	89.23	61.72	40.03
93.0	88.97	61.02	40.04
93.2	88.7	60.26	40.05
93.4	88.42	59.54	40.06
93.6	88.1	59.16	40.07
93.8	87.78	59.08	40.08
94.0	87.52	59.14	40.09
94.2	87.32	59.3	40.09
94.4	87.33	59.49	40.09
94.6	87.45	59.71	40.08
94.8	87.65	60.01	40.07
95.0	87.91	60.36	40.05
95.2	88.23	60.89	40.02
95.4	88.53	61.41	39.99
95.6	88.78	61.87	39.96
95.8	88.88	62.15	39.92
96.0	88.73	62.12	39.89
96.2	88.5	61.96	39.86
96.4	88.23	61.7	39.83
96.6	88.01	61.37	39.8
96.8	87.88	60.98	39.76
97.0	87.76	60.59	39.73
97.2	87.65	60.22	39.7
97.4	87.52	59.99	39.67
97.6	87.38	59.91	39.64
97.8	87.23	59.86	39.6
98.0	87.06	59.84	39.57
98.2	86.87	59.78	39.54
98.4	86.67	59.68	39.5
98.6	86.47	59.56	39.47
98.8	86.29	59.41	39.44
99.0	86.13	59.13	39.43
99.2	86.01	58.81	39.43
99.4	85.95	58.57	39.43
99.6	85.97	58.49	39.44
99.8	86.16	58.83	39.46
100.0	86.45	59.37	39.48
100.2	86.78	60.06	39.51
100.4	87.16	60.91	39.53
100.6	87.59	61.95	39.56
100.8	87.98	62.94	39.58
101.0	88.29	63.81	39.6
101.2	88.38	64.24	39.63
101.4	88.26	64.24	39.65
101.6	88.04	64.02	39.68
101.8	87.74	63.62	39.7
102.0	87.43	63.09	39.72
102.2	87.13	62.47	39.75
102.4	86.81	61.83	39.77
102.6	86.51	61.2	39.79
102.8	86.26	60.76	39.82
103.0	86.06	60.47	39.84
103.2	85.89	60.24	39.87
103.4	85.73	60.06	39.89
103.6	85.58	59.87	39.9
103.8	85.43	59.68	39.92
104.0	85.3	59.5	39.92
104.2	85.15	59.33	39.93
104.4	84.98	59.14	39.93
104.6	84.75	58.88	39.92
104.8	84.54	58.72	39.91
105.0	84.4	58.68	39.9
105.2	84.41	58.97	39.88
105.4	84.59	59.62	39.87
105.6	84.83	60.35	39.85
105.8	85.1	61.05	39.83
106.0	85.38	61.46	39.82
106.2	85.64	61.65	39.8
106.4	85.85	61.74	39.78
106.6	86.01	61.76	39.77
106.8	86.0	61.77	39.75
107.0	85.92	61.75	39.73
107.2	85.79	61.69	39.72
107.4	85.64	61.61	39.7
107.6	85.53	61.59	39.68
107.8	85.41	61.51	39.67
108.0	85.26	61.34	39.65
108.2	85.08	61.01	39.63
108.4	84.82	60.31	39.62
108.6	84.55	59.56	39.6
108.8	84.28	58.82	39.58
109.0	84.05	58.23	39.57
109.2	83.9	58.01	39.55
109.4	83.78	57.91	39.53
109.6	83.67	57.89	39.51
109.8	83.56	57.9	39.5
110.0	83.37	57.84	39.51
110.2	83.22	57.83	39.51
110.4	83.13	57.86	39.52
110.6	83.14	57.95	39.53
110.8	83.33	58.13	39.54
111.0	83.61	58.37	39.55
111.2	83.94	58.67	39.56
111.4	84.33	59.05	39.58
111.6	84.76	59.5	39.59
111.8	85.19	59.98	39.6
112.0	85.56	60.47	39.61
112.2	85.85	61.03	39.62
112.4	86.04	61.54	39.63
112.6	86.09	61.89	39.64
112.8	85.98	62.01	39.65
113.0	85.5	61.4	39.67
113.2	84.88	60.54	39.68
113.4	84.18	59.56	39.69
113.6	83.44	58.53	39.7
113.8	82.84	57.84	39.71
114.0	82.3	57.26	39.73
114.2	81.81	56.76	39.74
114.4	81.4	56.36	39.75
114.6	81.06	56.02	39.76
114.8	80.83	55.71	39.77
115.0	80.7	55.53	39.78
115.2	80.66	55.5	39.78
115.4	80.72	55.63	39.79
115.6	80.92	56.05	39.8
115.8	81.25	56.71	39.81
116.0	81.65	57.52	39.82
116.2	82.1	58.44	39.82
116.4	82.6	59.47	39.83
116.6	83.11	60.58	39.84
116.8	83.65	61.66	39.85
117.0	84.19	62.65	39.86
117.2	84.71	63.32	39.87
117.4	85.22	63.74	39.87
117.6	85.71	64.06	39.88
117.8	86.18	64.31	39.89
118.0	86.65	64.74	39.9
118.2	87.1	65.22	39.91
118.4	87.5	65.6	39.92
118.6	87.85	65.82	39.92
118.8	88.08	65.63	39.93
119.0	88.22	65.09	39.94
119.2	88.28	64.38	39.95
119.4	88.28	63.57	39.96
119.6	88.22	62.76	39.97
119.8	88.1	61.99	39.99
120.0	87.96	61.23	40.01
120.2	87.8	60.51	40.03
120.4	87.63	59.88	40.05
120.6	87.49	59.36	40.07
120.8	87.36	58.92	40.1
121.0	87.25	58.55	40.12
121.2	87.21	58.3	40.15
121.4	87.33	58.26	40.17
121.6	87.41	58.19	40.19
121.8	87.4	58.04	40.22
122.0	87.18	57.64	40.25
122.2	86.51	56.67	40.28
122.4	85.73	55.58	40.31
122.6	84.89	54.48	40.34
122.8	84.12	53.51	40.36
123.0	83.67	53.04	40.39
123.2	83.32	52.75	40.41
123.4	83.03	52.63	40.44
123.6	82.79	52.65	40.46
123.8	82.57	52.82	40.48
124.0	82.3	53.22	40.5
124.2	82.05	53.67	40.53
124.4	81.84	54.13	40.55
124.6	81.65	54.55	40.57
124.8	81.49	54.72	40.6
125.0	81.35	54.5	40.62
125.2	81.27	54.28	40.65
125.4	81.28	54.13	40.67
125.6	81.38	54.14	40.69
125.8	81.63	54.64	40.7
126.0	82.01	55.42	40.71
126.2	82.5	56.4	40.71
126.4	83.13	57.55	40.7
126.6	83.91	58.85	40.69
126.8	84.83	60.27	40.66
127.0	85.84	61.77	40.62
127.2	86.9	63.3	40.58
127.4	88.05	64.91	40.54
127.6	89.21	66.5	40.51
127.8	90.31	67.92	40.47
128.0	91.32	69.07	40.43
128.2	92.07	69.68	40.39
128.4	92.66	69.93	40.36
128.6	93.11	69.84	40.32
128.8	93.4	69.35	40.28
129.0	93.52	68.35	40.25
129.2	93.53	67.15	40.21
129.4	93.46	65.88	40.17
129.6	93.37	64.81	40.13
129.8	93.31	64.15	40.1
130.0	93.23	63.58	40.06
130.2	93.12	63.05	40.02
130.4	92.99	62.5	39.98
130.6	92.85	61.72	39.95
130.8	92.68	60.91	39.91
131.0	92.49	60.08	39.87
131.2	92.27	59.23	39.84
131.4	91.98	58.4	39.79
131.6	91.66	57.59	39.75
131.8	91.33	56.83	39.71
132.0	91.03	56.11	39.68
132.2	90.79	55.48	39.66
132.4	90.69	54.98	39.65
132.6	90.6	54.55	39.65
132.8	90.49	54.17	39.65
133.0	90.32	53.83	39.66
133.2	89.99	53.49	39.66
133.4	89.61	53.21	39.67
133.6	89.19	52.99	39.68
133.8	88.77	52.88	39.68
134.0	88.37	53.0	39.69
134.2	87.97	53.19	39.69
134.4	87.58	53.41	39.7
134.6	87.21	53.62	39.71
134.8	86.86	53.63	39.71
135.0	86.53	53.54	39.72
135.2	86.22	53.43	39.72
135.4	85.92	53.34	39.73
135.6	85.64	53.31	39.73
135.8	85.36	53.41	39.74
136.0	85.09	53.58	39.74
136.2	84.86	53.82	39.75
136.4	84.66	54.13	39.75
136.6	84.52	54.61	39.76
136.8	84.43	55.17	39.76
137.0	84.37	55.71	39.77
137.2	84.34	56.21	39.77
137.4	84.3	56.48	39.78
137.6	84.24	56.51	39.78
137.8	84.25	56.5	39.78
138.0	84.32	56.51	39.78
138.2	84.54	56.6	39.78
138.4	84.91	56.82	39.78
138.6	85.38	57.22	39.78
138.8	85.92	57.87	39.78
139.0	86.55	59.16	39.78
139.2	87.25	60.87	39.78
139.4	87.93	62.59	39.77
139.6	88.56	64.14	39.77
139.8	89.03	64.91	39.77
140.0	89.4	65.31	39.77
140.2	89.66	65.41	39.77
140.4	89.81	65.24	39.77
140.6	89.82	64.83	39.77
140.8	89.74	64.25	39.77
141.0	89.59	63.56	39.77
141.2	89.4	62.85	39.76
141.4	89.18	62.18	39.76
141.6	88.92	61.52	39.76
141.8	88.66	60.86	39.76
142.0	88.41	60.23	39.76
142.2	88.2	59.65	39.76
142.4	87.98	59.09	39.76
142.6	87.76	58.54	39.76
142.8	87.5	57.98	39.76
143.0	87.19	57.37	39.76
143.2	86.87	56.79	39.76
143.4	86.58	56.26	39.77
143.6	86.32	55.82	39.78
143.8	86.15	55.53	39.8
144.0	86.02	55.32	39.82
144.2	85.93	55.2	39.85
144.4	85.9	55.16	39.87
144.6	85.93	55.19	39.89
144.8	86.0	55.3	39.91
145.0	86.09	55.51	39.94
145.2	86.21	55.86	39.96
145.4	86.36	56.35	39.98
145.6	86.49	56.9	40.01
145.8	86.58	57.48	40.03
146.0	86.54	58.13	40.05
146.2	86.39	58.76	40.08
146.4	86.2	59.27	40.1
146.6	85.97	59.59	40.12
146.8	85.7	59.32	40.15
147.0	85.43	58.7	40.17
147.2	85.17	57.96	40.19
147.4	84.92	57.19	40.21
147.6	84.77	56.7	40.24
147.8	84.68	56.42	40.26
148.0	84.63	56.23	40.28
148.2	84.58	56.09	40.3
148.4	84.51	56.02	40.32
148.6	84.39	55.98	40.34
148.8	84.29	55.94	40.36
149.0	84.2	55.89	40.39
149.2	84.12	55.7	40.41
149.4	84.06	55.27	40.44
149.6	84.06	54.9	40.47
149.8	84.14	54.69	40.5
150.0	84.38	54.89	40.54
150.2	84.82	55.65	40.59
150.4	85.33	56.59	40.63
150.6	85.88	57.63	40.68
150.8	86.39	58.6	40.73
151.0	86.87	59.48	40.78
151.2	87.34	60.31	40.83
151.4	87.83	61.04	40.88
151.6	88.34	61.47	40.93
151.8	88.86	61.86	40.97
152.0	89.37	62.29	41.02
152.2	89.89	62.97	41.06
152.4	90.42	64.14	41.11
152.6	90.89	65.23	41.15
152.8	91.28	66.07	41.2
153.0	91.5	66.09	41.25
153.2	91.58	65.53	41.3
153.4	91.55	64.67	41.35
153.6	91.4	63.63	41.4
153.8	91.13	62.53	41.45
154.0	90.8	61.39	41.5
154.2	90.44	60.28	41.55
154.4	90.12	59.39	41.6
154.6	89.84	58.68	41.65
154.8	89.56	58.09	41.7
155.0	89.29	57.61	41.75
155.2	88.98	57.3	41.8
155.4	88.69	57.07	41.85
155.6	88.45	56.89	41.9
155.8	88.28	56.71	41.93
156.0	88.28	56.32	41.96
156.2	88.33	56.01	41.96
156.4	88.39	55.81	41.95
156.6	88.41	55.99	41.9
156.8	88.35	56.63	41.81
157.0	88.25	57.32	41.7
157.2	88.08	57.92	41.58
157.4	87.82	57.98	41.47
157.6	87.49	57.61	41.36
157.8	87.11	57.08	41.26
158.0	86.69	56.45	41.15
158.2	86.25	55.87	41.05
158.4	85.79	55.38	40.94
158.6	85.35	54.95	40.83
158.8	84.92	54.62	40.73
159.0	84.57	54.47	40.62
159.2	84.31	54.55	40.52
159.4	84.08	54.74	40.41
159.6	83.89	54.99	40.31
159.8	83.71	55.29	40.2
160.0	83.53	55.6	40.09
160.2	83.37	55.91	39.99
160.4	83.23	56.19	39.88
160.6	83.09	56.4	39.78
160.8	82.94	56.4	39.66
161.0	82.82	56.38	39.54
161.2	82.75	56.36	39.44
161.4	82.75	56.4	39.36
161.6	82.9	56.55	39.31
161.8	83.11	56.82	39.29
162.0	83.38	57.24	39.28
162.2	83.69	57.95	39.29
162.4	84.04	59.07	39.31
162.6	84.4	60.24	39.34
162.8	84.74	61.33	39.37
163.0	85.06	61.98	39.41
163.2	85.34	62.22	39.44
163.4	85.55	62.27	39.47
163.6	85.67	62.18	39.5
163.8	85.58	62.16	39.53
164.0	85.36	62.07	39.56
164.2	85.05	61.85	39.59
164.4	84.69	61.44	39.62
164.6	84.31	60.55	39.65
164.8	83.92	59.38	39.68
165.0	83.53	58.15	39.71
165.2	83.14	56.96	39.74
165.4	82.83	56.06	39.77
165.6	82.58	55.52	39.79
165.8	82.36	55.15	39.82
166.0	82.16	54.94	39.85
166.2	81.99	54.88	39.87
166.4	81.76	54.96	39.89
166.6	81.56	55.15	39.91
166.8	81.41	55.44	39.93
167.0	81.33	55.82	39.94
167.2	81.4	56.21	39.95
167.4	81.55	56.67	39.96
167.6	81.76	57.21	39.96
167.8	81.99	57.85	39.97
168.0	82.22	58.8	39.97
168.2	82.45	59.81	39.98
168.4	82.65	60.77	39.99
168.6	82.83	61.59	39.99
168.8	82.9	61.85	40.0
169.0	82.93	61.95	40.01
169.2	82.94	61.94	40.02
169.4	82.91	61.88	40.02
169.6	82.88	62.01	40.03
169.8	82.84	62.13	40.03
170.0	82.78	62.22	40.04
170.2	82.73	62.26	40.05
170.4	82.66	62.12	40.05
170.6	82.59	61.9	40.06
170.8	82.54	61.66	40.07
171.0	82.51	61.45	40.07
171.2	82.55	61.39	40.08
171.4	82.64	61.43	40.09
171.6	82.73	61.5	40.1
171.8	82.81	61.59	40.11
172.0	82.79	61.63	40.13
172.2	82.71	61.63	40.14
172.4	82.65	61.63	40.16
172.6	82.65	61.63	40.18
172.8	82.84	61.54	40.19
173.0	83.17	61.45	40.21
173.2	83.57	61.48	40.22
173.4	84.0	61.68	40.24
173.6	84.45	62.52	40.26
173.8	84.89	63.54	40.27
174.0	85.29	64.53	40.29
174.2	85.61	65.24	40.31
174.4	85.8	65.27	40.32
174.6	85.92	65.1	40.34
174.8	85.97	64.82	40.36
175.0	85.93	64.59	40.38
175.2	85.83	64.51	40.39
175.4	85.69	64.45	40.41
175.6	85.52	64.38	40.43
175.8	85.38	64.31	40.44
176.0	85.26	64.21	40.46
176.2	85.14	64.11	40.47
176.4	85.02	64.01	40.49
176.6	84.9	63.92	40.51
176.8	84.78	63.84	40.52
177.0	84.65	63.77	40.54
177.2	84.52	63.68	40.56
177.4	84.36	63.57	40.57
177.6	84.16	63.41	40.59
177.8	83.99	63.26	40.6
178.0	83.87	63.14	40.61
178.2	83.85	63.08	40.62
178.4	83.96	63.1	40.63
178.6	84.14	63.18	40.64
178.8	84.37	63.33	40.65
179.0	84.62	63.55	40.65
179.2	84.9	63.84	40.66
179.4	85.21	64.21	40.67
179.6	85.55	64.69	40.68
179.8	85.96	65.47	40.69
180.0	86.38	66.28	40.7
180.2	86.77	67.03	40.7
180.4	87.1	67.52	40.71
180.6	87.34	67.6	40.72
180.8	87.5	67.5	40.73
181.0	87.56	67.25	40.74
181.2	87.43	66.95	40.75
181.4	87.17	66.59	40.76
181.6	86.84	66.15	40.77
181.8	86.48	65.62	40.77
182.0	86.21	64.93	40.78
182.2	86.0	64.16	40.79
182.4	85.8	63.36	40.8
182.6	85.61	62.61	40.81
182.8	85.42	62.04	40.82
183.0	85.23	61.67	40.82
183.2	85.04	61.34	40.83
183.4	84.86	61.03	40.84
183.6	84.71	60.63	40.85
183.8	84.58	60.11	40.86
184.0	84.45	59.59	40.86
184.2	84.33	59.1	40.87
184.4	84.16	58.69	40.88
184.6	83.94	58.39	40.89
184.8	83.74	58.19	40.89
185.0	83.6	58.11	40.9
185.2	83.58	58.16	40.9
185.4	83.69	58.36	40.9
185.6	83.9	58.69	40.9
185.8	84.18	59.14	40.89
186.0	84.57	59.81	40.88
186.2	85.01	60.58	40.88
186.4	85.48	61.39	40.86
186.6	85.95	62.19	40.85
186.8	86.41	62.93	40.84
187.0	86.8	63.56	40.83
187.2	87.09	64.02	40.83
187.4	87.14	64.19	40.82
187.6	86.95	64.03	40.81
187.8	86.65	63.69	40.8
188.0	86.28	63.2	40.79
188.2	85.94	62.6	40.78
188.4	85.62	61.92	40.77
188.6	85.3	61.2	40.76
188.8	84.97	60.47	40.75
189.0	84.66	59.8	40.74
189.2	84.36	59.21	40.73
189.4	84.07	58.68	40.72
189.6	83.8	58.22	40.71
189.8	83.54	57.89	40.68
190.0	83.28	57.71	40.62
190.2	83.07	57.61	40.59
190.4	82.9	57.55	40.6
190.6	82.79	57.48	40.6
190.8	82.77	57.21	40.59
191.0	82.82	57.04	40.59
191.2	82.96	57.05	40.58
191.4	83.21	57.43	40.58
191.6	83.6	58.39	40.57
191.8	84.06	59.53	40.57
192.0	84.56	60.76	40.56
192.2	85.09	61.9	40.56
192.4	85.61	62.91	40.55
192.6	86.09	63.79	40.55
192.8	86.49	64.49	40.54
193.0	86.66	64.9	40.54
193.2	86.73	65.07	40.53
193.4	86.72	64.98	40.53
193.6	86.66	64.57	40.53
193.8	86.59	63.61	40.52
194.0	86.48	62.53	40.52
194.2	86.36	61.46	40.51
194.4	86.25	60.68	40.51
194.6	86.17	60.58	40.5
194.8	86.08	60.6	40.5
195.0	85.99	60.65	40.49
195.2	85.88	60.53	40.49
195.4	85.73	59.94	40.48
195.6	85.56	59.29	40.48
195.8	85.4	58.64	40.47
196.0	85.23	58.1	40.47
196.2	85.05	57.8	40.46
196.4	84.92	57.63	40.46
196.6	84.84	57.58	40.45
196.8	84.9	57.68	40.45
197.0	85.12	57.92	40.45
197.2	85.4	58.27	40.44
197.4	85.7	58.72	40.44
197.6	85.96	59.36	40.43
197.8	86.19	60.08	40.43
198.0	86.4	60.78	40.42
198.2	86.58	61.38	40.42
198.4	86.75	61.7	40.41
198.6	86.87	61.84	40.41
198.8	86.93	61.8	40.4
199.0	86.9	61.52	40.4
199.2	86.73	60.88	40.39
199.4	86.49	60.13	40.39
199.6	86.23	59.37	40.38
199.8	85.99	58.79	40.38
200.0	85.83	58.6	40.37
200.2	85.66	58.46	40.37
200.4	85.5	58.33	40.36
200.6	85.32	58.07	40.36
200.8	85.11	57.49	40.36
201.0	84.89	56.86	40.35
201.2	84.65	56.23	40.35
201.4	84.4	55.65	40.34
201.6	84.11	55.2	40.34
201.8	83.83	54.87	40.33
202.0	83.58	54.68	40.33
202.2	83.38	54.7	40.32
202.4	83.27	55.03	40.32
202.6	83.23	55.5	40.31
202.8	83.26	56.08	40.31
203.0	83.4	56.68	40.3
203.2	83.65	57.26	40.3
203.4	83.95	57.88	40.29
203.6	84.25	58.51	40.29
203.8	84.53	59.19	40.28
204.0	84.77	59.87	40.28
204.2	84.96	60.49	40.27
204.4	85.07	61.02	40.27
204.6	85.02	61.35	40.27
204.8	84.88	61.54	40.26
205.0	84.7	61.6	40.26
205.2	84.49	61.5	40.25
205.4	84.29	61.13	40.25
205.6	84.08	60.69	40.24
205.8	83.87	60.22	40.24
206.0	83.65	59.81	40.23
206.2	83.45	59.77	40.23
206.4	83.26	59.78	40.22
206.6	83.07	59.78	40.22
206.8	82.89	59.73	40.21
207.0	82.75	59.35	40.21
207.2	82.61	58.88	40.2
207.4	82.47	58.4	40.2
207.6	82.31	57.95	40.19
207.8	82.01	57.66	40.19
208.0	81.7	57.47	40.18
208.2	81.46	57.38	40.18
208.4	81.33	57.4	40.18
208.6	81.5	57.52	40.17
208.8	81.8	57.78	40.17
209.0	82.21	58.21	40.16
209.2	82.72	58.85	40.16
209.4	83.29	59.8	40.15
209.6	83.9	60.86	40.18
209.8	84.54	61.95	40.28
210.0	85.19	63.0	40.33
210.2	85.82	63.94	40.34
210.4	86.39	64.73	40.36
210.6	86.84	65.3	40.37
210.8	87.01	65.39	40.38
211.0	87.06	65.23	40.39
211.2	87.04	64.85	40.41
211.4	86.98	64.26	40.42
211.6	87.01	63.39	40.43
211.8	87.01	62.49	40.44
212.0	87.01	61.63	40.45
212.2	86.97	60.98	40.47
212.4	86.91	61.02	40.48
212.6	86.81	61.2	40.49
212.8	86.7	61.44	40.5
213.0	86.56	61.63	40.51
213.2	86.4	61.34	40.52
213.4	86.22	60.98	40.54
213.6	86.03	60.58	40.55
213.8	85.84	60.2	40.56
214.0	85.61	59.99	40.57
214.2	85.41	59.85	40.58
214.4	85.23	59.77	40.59
214.6	85.1	59.75	40.62
214.8	85.06	59.81	40.66
215.0	85.08	59.93	40.71
215.2	85.19	60.13	40.77
215.4	85.4	60.4	40.83
215.6	85.76	60.74	40.88
215.8	86.19	61.18	40.93
216.0	86.68	61.71	40.99
216.2	87.21	62.44	41.04
216.4	87.75	63.33	41.1
216.6	88.28	64.21	41.15
216.8	88.78	65.04	41.21
217.0	89.13	65.56	41.26
217.2	89.43	65.94	41.32
217.4	89.72	66.19	41.37
217.6	90.04	66.3	41.43
217.8	90.51	66.14	41.48
218.0	90.98	65.99	41.53
218.2	91.44	65.92	41.57
218.4	91.85	66.22	41.62
218.6	92.2	67.17	41.67
218.8	92.44	68.1	41.73
219.0	92.54	68.82	41.78
219.2	92.37	68.71	41.83
219.4	92.02	68.01	41.89
219.6	91.56	67.06	41.94
219.8	91.05	66.03	42.0
220.0	90.55	65.09	42.06
220.2	90.06	64.18	42.12
220.4	89.61	63.33	42.17
220.6	89.26	62.6	42.21
220.8	89.0	62.02	42.23
221.0	88.8	61.58	42.24
221.2	88.64	61.31	42.23
221.4	88.55	61.33	42.17
221.6	88.48	61.5	42.1
221.8	88.39	61.79	42.01
222.0	88.27	62.23	41.91
222.2	88.09	62.78	41.81
222.4	87.85	63.28	41.71
222.6	87.53	63.64	41.6
222.8	87.06	63.47	41.49
223.0	86.47	62.9	41.39
223.2	85.85	62.22	41.29
223.4	85.23	61.53	41.18
223.6	84.72	61.17	41.08
223.8	84.31	61.07	40.98
224.0	83.95	61.05	40.87
224.2	83.62	61.08	40.77
224.4	83.34	61.07	40.66
224.6	83.09	61.02	40.55
224.8	82.85	60.98	40.44
225.0	82.62	60.94	40.34
225.2	82.32	60.89	40.28
225.4	81.96	60.83	40.23
225.6	81.66	60.83	40.21
225.8	81.44	60.89	40.2
226.0	81.44	61.08	40.2
226.2	81.62	61.39	40.21
226.4	81.93	61.84	40.23
226.6	82.35	62.45	40.25
226.8	82.9	63.4	40.26
227.0	83.51	64.48	40.28
227.2	84.17	65.57	40.29
227.4	84.85	66.57	40.31
227.6	85.52	67.4	40.32
227.8	86.12	68.06	40.34
228.0	86.62	68.5	40.35
228.2	86.84	68.49	40.37
228.4	86.89	68.19	40.38
228.6	86.84	67.73	40.4
228.8	86.72	67.18	40.42
229.0	86.63	66.83	40.43
229.2	86.52	66.43	40.45
229.4	86.37	65.93	40.46
229.6	86.2	65.31	40.48
229.8	86.02	64.18	40.49
230.0	85.82	62.99	40.51
230.2	85.6	61.86	40.52
230.4	85.37	60.89	40.54
230.6	85.13	60.64	40.55
230.8	84.87	60.65	40.57
231.0	84.61	60.76	40.58
231.2	84.33	60.9	40.6
231.4	84.0	60.81	40.61
231.6	83.66	60.58	40.62
231.8	83.33	60.29	40.63
232.0	83.04	59.94	40.64
232.2	82.8	59.43	40.64
232.4	82.62	58.86	40.64
232.6	82.51	58.36	40.64
232.8	82.47	58.02	40.64
233.0	82.58	58.11	40.64
233.2	82.77	58.48	40.64
233.4	82.99	58.99	40.64
233.6	83.19	59.58	40.64
233.8	83.29	60.24	40.64
234.0	83.33	60.86	40.64
234.2	83.3	61.36	40.64
234.4	83.17	61.54	40.64
234.6	82.87	61.18	40.64
234.8	82.52	60.66	40.64
235.0	82.14	60.1	40.64
235.2	81.81	59.7	40.64
235.4	81.58	59.72	40.64
235.6	81.38	59.81	40.64
235.8	81.22	59.92	40.63
236.0	81.09	59.99	40.63
236.2	80.98	59.8	40.63
236.4	80.9	59.56	40.63
236.6	80.85	59.32	40.63
236.8	80.83	59.09	40.63
237.0	80.8	58.94	40.63
237.2	80.81	58.84	40.63
237.4	80.88	58.82	40.63
237.6	80.99	58.89	40.63
237.8	81.18	59.06	40.63
238.0	81.45	59.35	40.63
238.2	81.81	59.79	40.63
238.4	82.3	60.47	40.63
238.6	82.94	61.46	40.63
238.8	83.66	62.51	40.62
239.0	84.41	63.54	40.62
239.2	85.18	64.33	40.61
239.4	85.92	64.94	40.61
239.6	86.6	65.4	40.6
239.8	87.13	65.71	40.6
240.0	87.44	65.85	40.59
240.2	87.64	65.86	40.59
240.4	87.73	65.75	40.58
240.6	87.71	65.52	40.58
240.8	87.62	65.21	40.57
241.0	87.49	64.82	40.57
241.2	87.35	64.37	40.56
241.4	87.3	63.84	40.56
241.6	87.28	63.29	40.55
241.8	87.26	62.77	40.54
242.0	87.22	62.31	40.54
242.2	87.12	62.09	40.53
242.4	86.99	61.96	40.53
242.6	86.83	61.86	40.52
242.8	86.66	61.76	40.52
243.0	86.44	61.46	40.51
243.2	86.21	61.14	40.5
243.4	85.99	60.85	40.5
243.6	85.8	60.62	40.5
243.8	85.66	60.69	40.53
244.0	85.58	60.8	40.56
244.2	85.55	60.93	40.59
244.4	85.59	60.98	40.63
244.6	85.77	60.82	40.66
244.8	85.97	60.62	40.7
245.0	86.18	60.41	40.73
245.2	86.36	60.28	40.77
245.4	86.47	60.23	40.8
245.6	86.51	60.16	40.84
245.8	86.46	60.04	40.88
246.0	86.19	59.73	40.91
246.2	85.82	59.34	40.95
246.4	85.39	58.89	40.99
246.6	84.95	58.39	41.02
246.8	84.56	57.78	41.06
247.0	84.19	57.19	41.09
247.2	83.83	56.67	41.13
247.4	83.51	56.25	41.16
247.6	83.28	56.25	41.2
247.8	83.08	56.36	41.23
248.0	82.9	56.52	41.26
248.2	82.71	56.69	41.29
248.4	82.47	56.72	41.33
248.6	82.21	56.66	41.36
248.8	81.96	56.55	41.39
249.0	81.71	56.36	41.42
249.2	81.46	55.95	41.45
249.4	81.24	55.44	41.48
249.6	81.08	55.0	41.5
249.8	81.03	54.71	41.52
250.0	81.17	54.76	41.52
250.2	81.45	55.1	41.51
250.4	81.84	55.7	41.49
250.6	82.34	56.61	41.47
250.8	82.97	58.02	41.43
251.0	83.65	59.58	41.38
251.2	84.34	61.18	41.33
251.4	85.0	62.63	41.29
251.6	85.59	63.85	41.24
251.8	86.09	64.83	41.2
252.0	86.45	65.52	41.15
252.2	86.54	65.62	41.11
252.4	86.48	65.42	41.07
252.6	86.3	64.96	41.02
252.8	86.01	64.29	40.98
253.0	85.63	63.44	40.93
253.2	85.22	62.54	40.89
253.4	84.81	61.67	40.84
253.6	84.48	61.1	40.8
253.8	84.27	60.91	40.75
254.0	84.1	60.78	40.71
254.2	83.95	60.64	40.67
254.4	83.8	60.3	40.62
254.6	83.62	59.6	40.58
254.8	83.45	58.84	40.53
255.0	83.28	58.09	40.49
255.2	83.08	57.46	40.44
255.4	82.85	57.09	40.4
255.6	82.63	56.82	40.35
255.8	82.47	56.64	40.31
256.0	82.41	56.5	40.27
256.2	82.51	56.37	40.24
256.4	82.65	56.34	40.21
256.6	82.82	56.44	40.18
256.8	82.96	56.86	40.16
257.0	83.06	57.51	40.15
257.2	83.13	58.18	40.13
257.4	83.14	58.75	40.12
257.6	83.02	58.87	40.11
257.8	82.82	58.75	40.09
258.0	82.58	58.48	40.08
258.2	82.31	58.1	40.06
258.4	82.04	57.63	40.05
258.6	81.76	57.11	40.03
258.8	81.47	56.58	40.02
259.0	81.18	56.06	40.0
259.2	80.88	55.61	39.99
259.4	80.57	55.25	39.97
259.6	80.28	55.01	39.96
259.8	79.99	54.92	39.94
260.0	79.75	55.23	39.93
260.2	79.54	55.78	39.92
260.4	79.34	56.39	39.9
260.6	79.15	56.96	39.89
260.8	78.95	57.24	39.87
261.0	78.74	57.26	39.84
261.2	78.55	57.16	39.83
261.4	78.39	56.96	39.82
261.6	78.27	56.56	39.84
261.8	78.2	56.07	39.88
262.0	78.21	55.7	39.92
262.2	78.31	55.58	39.97
262.4	78.62	56.11	40.02
262.6	79.05	57.07	40.06
262.8	79.56	58.3	40.11
263.0	80.15	59.77	40.15
263.2	80.81	61.55	40.2
263.4	81.46	63.31	40.24
263.6	82.04	64.9	40.29
263.8	82.44	65.91	40.34
264.0	82.64	66.31	40.38
264.2	82.72	66.41	40.43
264.4	82.72	66.27	40.48
264.6	82.65	66.07	40.53
264.8	82.53	65.77	40.57
265.0	82.37	65.36	40.62
265.2	82.2	64.86	40.66
265.4	82.02	64.21	40.71
265.6	81.85	63.54	40.75
265.8	81.73	62.9	40.8
266.0	81.68	62.35	40.84
266.2	81.87	62.17	40.88
266.4	82.14	62.13	40.93
266.6	82.41	62.16	40.97
266.8	82.63	62.22	41.0
267.0	82.67	62.21	41.04
267.2	82.6	62.16	41.07
267.4	82.46	62.08	41.09
267.6	82.21	61.89	41.1
267.8	81.81	61.56	41.1
268.0	81.43	61.24	41.08
268.2	81.15	61.0	41.06
268.4	81.19	61.03	41.04
268.6	81.42	61.23	41.01
268.8	81.78	61.55	40.98
269.0	82.21	61.96	40.95
269.2	82.69	62.46	40.92
269.4	83.19	62.98	40.89
269.6	83.67	63.5	40.86
269.8	84.09	63.94	40.83
270.0	84.44	64.31	40.8
270.2	84.69	64.59	40.77
270.4	84.81	64.75	40.74
270.6	84.69	64.73	40.71
270.8	84.47	64.61	40.68
271.0	84.2	64.38	40.65
271.2	83.95	64.07	40.62
271.4	83.78	63.7	40.59
271.6	83.61	63.28	40.56
271.8	83.45	62.81	40.53
272.0	83.29	62.32	40.5
272.2	83.14	61.83	40.47
272.4	82.98	61.33	40.44
272.6	82.81	60.83	40.41
272.8	82.63	60.36	40.38
273.0	82.43	59.9	40.35
273.2	82.21	59.49	40.32
273.4	81.98	59.12	40.29
273.6	81.7	58.82	40.26
273.8	81.34	58.61	40.23
274.0	81.01	58.47	40.19
274.2	80.73	58.4	40.17
274.4	80.57	58.38	40.16
274.6	80.57	58.42	40.16
274.8	80.67	58.55	40.18
275.0	80.85	58.8	40.2
275.2	81.1	59.17	40.23
275.4	81.41	59.69	40.25
275.6	81.81	60.4	40.28
275.8	82.28	61.33	40.31
276.0	82.88	62.9	40.34
276.2	83.53	64.55	40.37
276.4	84.19	66.09	40.4
276.6	84.78	67.13	40.42
276.8	85.28	67.47	40.45
277.0	85.74	67.56	40.48
277.2	86.17	67.51	40.51
277.4	86.59	67.66	40.54
277.6	86.99	67.86	40.56
277.8	87.34	67.93	40.59
278.0	87.65	67.81	40.62
278.2	87.85	67.07	40.65
278.4	88.0	66.16	40.68
278.6	88.12	65.2	40.7
278.8	88.22	64.36	40.73
279.0	88.37	64.16	40.76
279.2	88.49	64.0	40.78
279.4	88.57	63.8	40.81
279.6	88.56	63.31	40.84
279.8	88.4	62.12	40.87
280.0	88.22	60.88	40.9
280.2	88.05	59.76	40.94
280.4	88.01	59.15	40.98
280.6	88.12	59.13	41.02
280.8	88.27	59.34	41.07
281.0	88.45	59.69	41.11
281.2	88.62	59.97	41.16
281.4	88.78	60.25	41.21
281.6	88.92	60.54	41.26
281.8	89.02	60.84	41.3
282.0	89.04	61.13	41.35
282.2	89.02	61.4	41.4
282.4	88.97	61.63	41.45
282.6	88.88	61.83	41.5
282.8	88.75	61.99	41.55
283.0	88.64	62.06	41.6
283.2	88.55	62.03	41.64
283.4	88.55	61.73	41.69
283.6	88.68	61.12	41.73
283.8	88.85	60.55	41.77
284.0	89.05	60.14	41.81
284.2	89.25	60.26	41.86
284.4	89.46	61.01	41.9
284.6	89.63	61.94	41.94
284.8	89.73	62.96	41.99
285.0	89.71	63.92	42.03
285.2	89.58	64.74	42.08
285.4	89.36	65.34	42.13
285.6	89.05	65.55	42.18
285.8	88.63	65.16	42.22
286.0	88.17	64.47	42.27
286.2	87.68	63.51	42.32
286.4	87.21	62.28	42.37
286.6	86.77	60.92	42.42
286.8	86.36	59.56	42.46
287.0	86.0	58.33	42.5
287.2	85.71	57.44	42.53
287.4	85.49	56.81	42.55
287.6	85.37	56.5	42.55
287.8	85.4	56.71	42.52
