0.2	93.21	62.06	37.61
0.4	93.35	61.93	37.57
0.6	93.62	61.84	37.56
0.8	93.97	61.78	37.58
1.0	94.38	61.74	37.61
1.2	94.81	61.7	37.67
1.4	95.23	61.65	37.75
1.6	95.6	61.56	37.84
1.8	95.88	61.42	37.96
2.0	95.98	61.21	38.09
2.2	95.99	60.93	38.23
2.4	95.89	60.57	38.38
2.6	95.7	60.1	38.53
2.8	95.41	59.41	38.67
3.0	95.04	58.68	38.8
3.2	94.62	57.95	38.94
3.4	94.14	57.29	39.07
3.6	93.56	56.85	39.2
3.8	92.97	56.54	39.32
4.0	92.43	56.33	39.45
4.2	91.97	56.25	39.58
4.4	91.72	56.38	39.72
4.6	91.64	56.62	39.87
4.8	91.7	56.88	39.99
5.0	91.92	57.11	40.1
5.2	92.39	57.14	40.16
5.4	93.0	57.07	40.19
5.6	93.71	56.95	40.2
5.8	94.47	56.81	40.18
6.0	95.25	56.72	40.13
6.2	96.0	56.59	40.07
6.4	96.69	56.4	40.0
6.6	97.23	56.06	39.93
6.8	97.57	55.54	39.86
7.0	97.78	54.99	39.79
7.2	97.86	54.45	39.72
7.4	97.75	54.05	39.65
7.6	97.5	53.78	39.59
7.8	97.19	53.6	39.52
8.0	96.88	53.49	39.45
8.2	96.7	53.45	39.38
8.4	96.64	53.48	39.3
8.6	96.63	53.56	39.23
8.8	96.64	53.67	39.17
9.0	96.7	53.86	39.12
9.2	96.77	54.08	39.09
9.4	96.78	54.24	39.07
9.6	96.7	54.3	39.07
9.8	96.39	54.07	39.08
10.0	95.84	53.56	39.1
10.2	95.19	52.96	39.12
10.4	94.45	52.32	39.16
10.6	93.67	51.75	39.19
10.8	92.86	51.32	39.21
11.0	92.07	50.96	39.23
11.2	91.34	50.67	39.26
11.4	90.72	50.47	39.28
11.6	90.35	50.34	39.3
11.8	90.11	50.32	39.33
12.0	90.0	50.43	39.35
12.2	90.03	50.68	39.37
12.4	90.25	51.28	39.4
12.6	90.59	52.04	39.42
12.8	91.01	52.82	39.45
13.0	91.47	53.55	39.47
13.2	91.9	53.92	39.5
13.4	92.32	54.1	39.52
13.6	92.75	54.19	39.54
13.8	93.19	54.23	39.57
14.0	93.61	54.26	39.59
14.2	94.04	54.3	39.62
14.4	94.5	54.38	39.64
14.6	95.01	54.52	39.66
14.8	95.58	54.92	39.69
15.0	96.22	55.39	39.71
15.2	96.91	55.84	39.74
15.4	97.66	56.22	39.76
15.6	98.63	56.28	39.79
15.8	99.59	56.23	39.81
16.0	100.5	56.11	39.84
16.2	101.25	55.96	39.86
16.4	101.64	55.85	39.89
16.6	101.87	55.73	39.92
16.8	101.96	55.59	39.94
17.0	101.95	55.42	39.97
17.2	101.86	55.19	39.99
17.4	101.7	54.96	40.02
17.6	101.48	54.73	40.04
17.8	101.21	54.51	40.07
18.0	100.9	54.38	40.09
18.2	100.59	54.28	40.12
18.4	100.28	54.2	40.14
18.6	100.01	54.14	40.16
18.8	99.78	54.05	40.19
19.0	99.61	53.96	40.22
19.2	99.57	53.92	40.24
19.4	99.66	53.95	40.26
19.6	100.01	54.16	40.28
19.8	100.63	54.54	40.29
20.0	101.37	54.97	40.29
20.2	102.2	55.43	40.28
20.4	103.06	55.84	40.24
20.6	103.92	56.2	40.19
20.8	104.78	56.51	40.12
21.0	105.6	56.75	40.04
21.2	106.3	56.86	39.98
21.4	106.92	56.86	39.91
21.6	107.48	56.82	39.84
21.8	107.99	56.75	39.78
22.0	108.49	56.73	39.71
22.2	108.97	56.75	39.65
22.4	109.39	56.76	39.58
22.6	109.73	56.74	39.52
22.8	109.91	56.63	39.45
23.0	109.97	56.46	39.38
23.2	110.0	56.29	39.32
23.4	110.05	56.16	39.25
23.6	110.27	56.23	39.18
23.8	110.54	56.32	39.11
24.0	110.85	56.39	39.05
24.2	111.18	56.33	39.0
24.4	111.55	56.09	38.96
24.6	111.84	55.75	38.93
24.8	111.99	55.35	38.91
25.0	111.82	54.92	38.9
25.2	111.39	54.45	38.89
25.4	110.78	53.93	38.89
25.6	110.02	53.37	38.89
25.8	109.11	52.64	38.88
26.0	108.09	51.87	38.87
26.2	107.0	51.14	38.87
26.4	105.86	50.48	38.86
26.6	104.73	50.08	38.86
26.8	103.63	49.94	38.85
27.0	102.56	49.91	38.85
27.2	101.56	49.98	38.84
27.4	100.63	50.1	38.83
27.6	99.86	50.16	38.83
27.8	99.2	50.27	38.82
28.0	98.65	50.43	38.82
28.2	98.21	50.65	38.81
28.4	97.93	51.02	38.81
28.6	97.79	51.48	38.8
28.8	97.73	51.95	38.79
29.0	97.73	52.41	38.79
29.2	97.75	52.75	38.78
29.4	97.74	52.92	38.78
29.6	97.78	53.06	38.77
29.8	97.86	53.19	38.77
30.0	98.01	53.35	38.76
30.2	98.19	53.6	38.75
30.4	98.47	53.91	38.75
30.6	98.86	54.29	38.74
30.8	99.4	54.76	38.74
31.0	100.11	55.37	38.73
31.2	101.0	56.06	38.73
31.4	102.08	56.82	38.72
31.6	103.36	57.65	38.71
31.8	104.94	58.57	38.7
32.0	106.68	59.51	38.7
32.2	108.55	60.42	38.69
32.4	110.55	61.28	38.7
32.6	112.64	62.06	38.71
32.8	114.67	62.67	38.74
33.0	116.55	63.04	38.76
33.2	118.06	62.92	38.8
33.4	119.26	62.47	38.83
33.6	120.19	61.83	38.87
33.8	120.84	61.07	38.9
34.0	121.09	60.37	38.94
34.2	121.09	59.64	38.97
34.4	120.88	58.91	39.0
34.6	120.48	58.17	39.04
34.8	120.0	57.55	39.07
35.0	119.42	56.98	39.1
35.2	118.73	56.42	39.13
35.4	117.95	55.85	39.16
35.6	117.07	55.26	39.19
35.8	116.05	54.46	39.22
36.0	114.99	53.67	39.25
36.2	113.93	52.92	39.28
36.4	112.91	52.25	39.31
36.6	112.02	51.76	39.34
36.8	111.35	51.53	39.38
37.0	110.75	51.41	39.41
37.2	110.22	51.37	39.44
37.4	109.73	51.39	39.46
37.6	109.29	51.41	39.47
37.8	108.86	51.44	39.48
38.0	108.45	51.5	39.48
38.2	108.04	51.58	39.48
38.4	107.6	51.7	39.47
38.6	107.08	51.85	39.44
38.8	106.55	52.02	39.41
39.0	106.04	52.2	39.38
39.2	105.57	52.39	39.35
39.4	105.11	52.51	39.32
39.6	104.72	52.61	39.29
39.8	104.44	52.76	39.26
40.0	104.3	52.96	39.23
40.2	104.41	53.28	39.2
40.4	104.84	53.78	39.17
40.6	105.43	54.34	39.14
40.8	106.13	54.94	39.11
41.0	106.92	55.57	39.08
41.2	107.76	56.23	39.05
41.4	108.6	56.85	39.02
41.6	109.4	57.41	38.99
41.8	110.11	57.87	38.96
42.0	110.54	58.04	38.93
42.2	110.85	58.11	38.9
42.4	111.06	58.11	38.87
42.6	111.19	58.05	38.84
42.8	111.22	57.98	38.81
43.0	111.21	57.91	38.78
43.2	111.18	57.86	38.75
43.4	111.18	57.84	38.72
43.6	111.32	57.98	38.69
43.8	111.56	58.21	38.65
44.0	111.84	58.46	38.62
44.2	112.13	58.7	38.59
44.4	112.45	58.9	38.57
44.6	112.76	59.03	38.55
44.8	113.01	59.1	38.53
45.0	113.17	59.08	38.52
45.2	113.14	58.94	38.51
45.4	112.86	58.62	38.5
45.6	112.44	58.23	38.49
45.8	111.93	57.77	38.48
46.0	111.33	57.27	38.48
46.2	110.66	56.74	38.47
46.4	109.97	56.22	38.46
46.6	109.29	55.72	38.46
46.8	108.64	55.26	38.45
47.0	108.09	54.91	38.44
47.2	107.64	54.67	38.43
47.4	107.31	54.5	38.42
47.6	107.11	54.43	38.42
47.8	107.09	54.47	38.41
48.0	107.34	54.7	38.4
48.2	107.7	54.95	38.39
48.4	108.14	55.2	38.39
48.6	108.63	55.39	38.38
48.8	109.12	55.33	38.37
49.0	109.6	55.22	38.36
49.2	110.05	55.05	38.36
49.4	110.46	54.86	38.35
49.6	110.73	54.75	38.34
49.8	110.94	54.62	38.33
50.0	111.09	54.45	38.33
50.2	111.2	54.23	38.32
50.4	111.23	53.82	38.31
50.6	111.25	53.36	38.3
50.8	111.28	52.89	38.29
51.0	111.35	52.45	38.29
51.2	111.59	52.13	38.28
51.4	111.91	51.9	38.27
51.6	112.28	51.74	38.26
51.8	112.67	51.66	38.26
52.0	113.09	51.73	38.25
52.2	113.49	51.88	38.26
52.4	113.86	52.03	38.26
52.6	114.17	52.15	38.26
52.8	114.33	52.09	38.27
53.0	114.37	51.89	38.28
53.2	114.33	51.64	38.29
53.4	114.23	51.34	38.29
53.6	114.07	51.03	38.3
53.8	113.86	50.72	38.31
54.0	113.63	50.44	38.32
54.2	113.37	50.19	38.32
54.4	113.1	50.03	38.33
54.6	112.82	50.03	38.34
54.8	112.57	50.08	38.35
55.0	112.37	50.18	38.35
55.2	112.26	50.31	38.36
55.4	112.4	50.39	38.37
55.6	112.63	50.49	38.38
55.8	112.92	50.61	38.38
56.0	113.23	50.78	38.38
56.2	113.5	51.06	38.37
56.4	113.72	51.41	38.36
56.6	113.93	51.76	38.34
56.8	114.12	52.1	38.32
57.0	114.26	52.35	38.29
57.2	114.35	52.48	38.24
57.4	114.45	52.58	38.2
57.6	114.57	52.65	38.15
57.8	114.75	52.72	38.1
58.0	115.04	52.79	38.05
58.2	115.4	52.87	38.0
58.4	115.81	52.98	37.96
58.6	116.3	53.11	37.91
58.8	116.98	53.41	37.86
59.0	117.66	53.69	37.82
59.2	118.29	53.91	37.77
59.4	118.82	54.02	37.72
59.6	119.12	53.8	37.68
59.8	119.26	53.48	37.63
60.0	119.24	53.1	37.58
60.2	119.04	52.68	37.54
60.4	118.56	52.36	37.49
60.6	117.92	52.04	37.44
60.8	117.18	51.72	37.4
61.0	116.36	51.41	37.35
61.2	115.54	51.08	37.3
61.4	114.71	50.76	37.26
61.6	113.89	50.47	37.21
61.8	113.11	50.23	37.16
62.0	112.41	50.08	37.11
62.2	111.89	50.08	37.06
62.4	111.42	50.13	37.01
62.6	110.99	50.21	36.96
62.8	110.59	50.32	36.93
63.0	110.18	50.4	36.91
63.2	109.76	50.47	36.91
63.4	109.34	50.53	36.92
63.6	108.93	50.56	36.93
63.8	108.49	50.52	36.96
64.0	107.98	50.37	36.99
64.2	107.49	50.21	37.03
64.4	107.06	50.06	37.07
64.6	106.71	49.97	37.11
64.8	106.48	49.98	37.14
65.0	106.38	50.09	37.18
65.2	106.42	50.28	37.22
65.4	106.62	50.57	37.25
65.6	107.06	51.07	37.29
65.8	107.73	51.71	37.32
66.0	108.52	52.38	37.36
66.2	109.37	53.02	37.4
66.4	110.25	53.47	37.43
66.6	111.13	53.73	37.47
66.8	111.96	53.91	37.51
67.0	112.72	54.04	37.55
67.2	113.31	54.2	37.59
67.4	113.74	54.37	37.63
67.6	114.04	54.49	37.67
67.8	114.21	54.54	37.71
68.0	114.18	54.41	37.75
68.2	114.0	54.16	37.79
68.4	113.74	53.88	37.83
68.6	113.43	53.59	37.87
68.8	113.18	53.39	37.91
69.0	113.01	53.28	37.95
69.2	112.81	53.22	37.99
69.4	112.58	53.21	38.03
69.6	112.28	53.26	38.06
69.8	111.88	53.43	38.07
70.0	111.41	53.6	38.08
70.2	110.85	53.74	38.08
70.4	110.2	53.82	38.07
70.6	109.36	53.62	38.06
70.8	108.41	53.29	38.05
71.0	107.42	52.91	38.03
71.2	106.42	52.53	38.01
71.4	105.46	52.2	37.99
71.6	104.58	52.02	37.98
71.8	103.79	51.9	37.96
72.0	103.12	51.85	37.94
72.2	102.59	51.88	37.92
72.4	102.34	52.02	37.91
72.6	102.32	52.25	37.89
72.8	102.45	52.55	37.87
73.0	102.7	52.89	37.85
73.2	103.03	53.24	37.84
73.4	103.4	53.58	37.82
73.6	103.83	53.94	37.8
73.8	104.31	54.32	37.79
74.0	104.85	54.72	37.77
74.2	105.39	55.19	37.75
74.4	105.98	55.66	37.73
74.6	106.6	56.13	37.72
74.8	107.25	56.59	37.7
75.0	107.89	56.94	37.68
75.2	108.57	57.28	37.66
75.4	109.31	57.61	37.65
75.6	110.12	57.95	37.63
75.8	111.19	58.49	37.61
76.0	112.3	59.02	37.59
76.2	113.37	59.48	37.58
76.4	114.33	59.81	37.56
76.6	115.01	59.78	37.54
76.8	115.5	59.57	37.52
77.0	115.79	59.23	37.5
77.2	115.86	58.77	37.48
77.4	115.54	58.24	37.46
77.6	115.03	57.65	37.44
77.8	114.39	57.0	37.42
78.0	113.66	56.33	37.4
78.2	112.94	55.61	37.38
78.4	112.23	54.91	37.36
78.6	111.57	54.25	37.34
78.8	110.99	53.66	37.32
79.0	110.57	53.22	37.29
79.2	110.45	53.01	37.27
79.4	110.45	52.92	37.25
79.6	110.54	52.92	37.23
79.8	110.71	53.0	37.21
80.0	110.85	53.09	37.19
80.2	111.02	53.24	37.17
80.4	111.25	53.44	37.15
80.6	111.54	53.71	37.13
80.8	111.91	54.05	37.11
81.0	112.35	54.46	37.09
81.2	112.89	54.93	37.06
81.4	113.51	55.44	37.04
81.6	114.28	56.05	37.02
81.8	115.2	56.79	37.0
82.0	116.19	57.47	36.98
82.2	117.23	58.04	36.96
82.4	118.29	58.26	36.94
82.6	119.34	58.02	36.92
82.8	120.36	57.73	36.9
83.0	121.32	57.52	36.88
83.2	122.35	58.01	36.85
83.4	123.24	58.68	36.83
83.6	123.83	59.19	36.81
83.8	123.86	59.07	36.8
84.0	123.04	57.85	36.81
84.2	121.87	56.33	36.83
84.4	120.46	54.71	36.86
84.6	119.07	53.53	36.89
84.8	117.8	52.91	36.91
85.0	116.54	52.48	36.93
85.2	115.32	52.18	36.96
85.4	114.16	51.98	36.98
85.6	113.2	51.7	37.0
85.8	112.34	51.44	37.03
86.0	111.57	51.22	37.05
86.2	110.89	51.06	37.07
86.4	110.29	50.94	37.1
86.6	109.83	50.92	37.12
86.8	109.39	50.92	37.14
87.0	108.96	50.95	37.17
87.2	108.5	50.98	37.19
87.4	107.83	50.94	37.22
87.6	107.06	50.88	37.24
87.8	106.28	50.83	37.27
88.0	105.51	50.83	37.29
88.2	104.79	50.89	37.31
88.4	104.16	51.04	37.34
88.6	103.64	51.27	37.36
88.8	103.24	51.58	37.38
89.0	103.0	51.98	37.4
89.2	103.05	52.52	37.43
89.4	103.3	53.17	37.45
89.6	103.71	53.87	37.47
89.8	104.23	54.6	37.49
90.0	104.87	55.36	37.52
90.2	105.6	56.12	37.54
90.4	106.37	56.84	37.56
90.6	107.15	57.52	37.59
90.8	107.88	58.1	37.61
91.0	108.5	58.55	37.64
91.2	109.07	58.9	37.66
91.4	109.58	59.15	37.68
91.6	110.02	59.29	37.71
91.8	110.33	59.3	37.73
92.0	110.61	59.22	37.76
92.2	110.87	59.04	37.78
92.4	111.15	58.79	37.81
92.6	111.56	58.43	37.83
92.8	111.97	58.03	37.86
93.0	112.35	57.6	37.88
93.2	112.66	57.18	37.9
93.4	112.82	56.88	37.93
93.6	112.87	56.6	37.95
93.8	112.82	56.31	37.98
94.0	112.69	55.99	38.01
94.2	112.39	55.52	38.03
94.4	111.97	54.92	38.05
94.6	111.5	54.34	38.08
94.8	111.01	53.8	38.1
95.0	110.53	53.37	38.12
95.2	110.08	53.25	38.15
95.4	109.71	53.24	38.17
95.6	109.45	53.34	38.19
95.8	109.33	53.53	38.21
96.0	109.46	53.81	38.24
96.2	109.83	54.14	38.26
96.4	110.39	54.51	38.28
96.6	111.11	54.9	38.3
96.8	112.06	55.26	38.32
97.0	113.27	55.57	38.34
97.2	114.54	55.87	38.36
97.4	115.82	56.16	38.38
97.6	117.01	56.46	38.4
97.8	117.99	56.81	38.42
98.0	118.84	57.12	38.44
98.2	119.52	57.37	38.46
98.4	119.98	57.49	38.48
98.6	120.2	57.46	38.5
98.8	120.23	57.33	38.53
99.0	120.06	57.1	38.55
99.2	119.67	56.78	38.57
99.4	119.05	56.36	38.59
99.6	118.3	55.88	38.61
99.8	117.46	55.38	38.63
100.0	116.58	54.86	38.66
100.2	115.76	54.35	38.68
100.4	114.93	53.87	38.7
100.6	114.11	53.44	38.72
100.8	113.29	53.07	38.73
101.0	112.45	52.8	38.75
101.2	111.61	52.63	38.77
101.4	110.85	52.57	38.79
101.6	110.18	52.64	38.81
101.8	109.64	52.83	38.83
102.0	109.42	53.35	38.85
102.2	109.34	53.97	38.87
102.4	109.36	54.62	38.88
102.6	109.46	55.26	38.89
102.8	109.55	55.73	38.89
103.0	109.67	56.1	38.89
103.2	109.88	56.4	38.87
103.4	110.21	56.65	38.84
103.6	110.85	56.93	38.79
103.8	111.57	57.13	38.73
104.0	112.28	57.22	38.66
104.2	112.87	57.11	38.6
104.4	113.25	56.75	38.54
104.6	113.45	56.26	38.47
104.8	113.42	55.7	38.41
105.0	112.98	55.16	38.35
105.2	112.25	54.62	38.29
105.4	111.32	54.03	38.23
105.6	110.25	53.38	38.16
105.8	109.06	52.49	38.1
106.0	107.82	51.53	38.04
106.2	106.6	50.62	37.98
106.4	105.46	49.84	37.92
106.6	104.58	49.44	37.86
106.8	103.99	49.44	37.79
107.0	103.53	49.61	37.73
107.2	103.18	49.89	37.67
107.4	102.92	50.23	37.61
107.6	102.74	50.54	37.55
107.8	102.6	50.83	37.48
108.0	102.46	51.1	37.42
108.2	102.3	51.29	37.36
108.4	101.97	51.21	37.3
108.6	101.6	51.06	37.24
108.8	101.21	50.9	37.18
109.0	100.83	50.76	37.11
109.2	100.46	50.78	37.05
109.4	100.14	50.93	36.99
109.6	99.9	51.17	36.93
109.8	99.77	51.49	36.87
110.0	99.83	51.91	36.8
110.2	100.11	52.41	36.72
110.4	100.51	53.0	36.65
110.6	101.03	53.66	36.6
110.8	101.68	54.45	36.58
111.0	102.44	55.41	36.61
111.2	103.24	56.33	36.65
111.4	104.02	57.14	36.7
111.6	104.71	57.64	36.76
111.8	105.24	57.74	36.83
112.0	105.69	57.67	36.89
112.2	106.05	57.49	36.96
112.4	106.29	57.3	37.02
112.6	106.39	57.18	37.09
112.8	106.44	57.04	37.15
113.0	106.48	56.89	37.22
113.2	106.56	56.73	37.28
113.4	106.76	56.56	37.34
113.6	107.02	56.38	37.4
113.8	107.34	56.21	37.46
114.0	107.72	56.05	37.53
114.2	108.31	56.02	37.59
114.4	108.94	55.99	37.65
114.6	109.51	55.9	37.71
114.8	109.98	55.73	37.78
115.0	110.1	55.27	37.85
115.2	109.97	54.61	37.91
115.4	109.67	53.88	37.98
115.6	109.24	53.13	38.05
115.8	108.7	52.43	38.11
116.0	108.07	51.84	38.18
116.2	107.37	51.31	38.24
116.4	106.61	50.86	38.31
116.6	105.84	50.49	38.37
116.8	105.06	50.3	38.43
117.0	104.3	50.22	38.5
117.2	103.57	50.21	38.56
117.4	102.89	50.26	38.62
117.6	102.28	50.35	38.67
117.8	101.81	50.41	38.72
118.0	101.42	50.51	38.76
118.2	101.09	50.65	38.78
118.4	100.83	50.86	38.8
118.6	100.62	51.17	38.81
118.8	100.46	51.58	38.8
119.0	100.37	52.01	38.78
119.2	100.34	52.46	38.75
119.4	100.36	52.88	38.72
119.6	100.34	53.15	38.68
119.8	100.42	53.41	38.65
120.0	100.65	53.7	38.6
120.2	101.04	54.03	38.56
120.4	101.76	54.5	38.52
120.6	102.73	55.06	38.48
120.8	103.89	55.7	38.44
121.0	105.22	56.42	38.4
121.2	106.75	57.27	38.36
121.4	108.45	58.25	38.32
121.6	110.19	59.21	38.28
121.8	111.91	60.1	38.24
122.0	113.5	60.8	38.2
122.2	114.91	61.25	38.16
122.4	116.17	61.53	38.12
122.6	117.25	61.63	38.08
122.8	118.06	61.48	38.04
123.0	118.59	61.08	38.0
123.2	118.96	60.55	37.96
123.4	119.21	59.95	37.92
123.6	119.39	59.35	37.88
123.8	119.58	58.83	37.84
124.0	119.69	58.33	37.8
124.2	119.74	57.84	37.76
124.4	119.72	57.38	37.72
124.6	119.66	57.02	37.68
124.8	119.53	56.69	37.64
125.0	119.29	56.36	37.61
125.2	118.93	56.01	37.57
125.4	118.36	55.55	37.54
125.6	117.57	55.01	37.51
125.8	116.69	54.44	37.48
126.0	115.75	53.88	37.45
126.2	114.77	53.33	37.42
126.4	113.83	52.83	37.4
126.6	112.93	52.38	37.37
126.8	112.06	52.01	37.34
127.0	111.23	51.71	37.31
127.2	110.47	51.53	37.28
127.4	109.82	51.58	37.26
127.6	109.26	51.74	37.23
127.8	108.78	51.97	37.2
128.0	108.38	52.26	37.17
128.2	108.11	52.57	37.14
128.4	107.99	52.89	37.11
128.6	107.91	53.21	37.09
128.8	107.87	53.54	37.06
129.0	107.82	53.85	37.03
129.2	107.65	54.13	37.0
129.4	107.45	54.38	36.97
129.6	107.25	54.58	36.94
129.8	107.05	54.73	36.92
130.0	106.86	54.71	36.89
130.2	106.69	54.57	36.85
130.4	106.54	54.44	36.83
130.6	106.43	54.34	36.8
130.8	106.37	54.4	36.77
131.0	106.37	54.71	36.75
131.2	106.42	55.06	36.74
131.4	106.53	55.41	36.74
131.6	106.68	55.65	36.76
131.8	106.89	55.63	36.82
132.0	107.14	55.61	36.9
132.2	107.44	55.63	36.98
132.4	107.79	55.84	37.06
132.6	108.17	56.37	37.13
132.8	108.6	56.95	37.2
133.0	109.06	57.53	37.27
133.2	109.6	58.0	37.35
133.4	110.23	58.31	37.42
133.6	110.82	58.46	37.5
133.8	111.33	58.41	37.57
134.0	111.63	57.97	37.65
134.2	111.7	57.16	37.73
134.4	111.63	56.22	37.81
134.6	111.42	55.22	37.89
134.8	111.07	54.41	37.97
135.0	110.58	53.8	38.05
135.2	110.01	53.26	38.13
135.4	109.38	52.77	38.21
135.6	108.71	52.31	38.29
135.8	108.08	51.85	38.36
136.0	107.42	51.43	38.43
136.2	106.74	51.05	38.5
136.4	106.04	50.72	38.58
136.6	105.24	50.43	38.65
136.8	104.4	50.18	38.72
137.0	103.61	50.02	38.79
137.2	102.9	49.95	38.86
137.4	102.32	49.98	38.93
137.6	102.01	50.19	38.99
137.8	101.85	50.51	39.05
138.0	101.85	50.94	39.1
138.2	102.0	51.48	39.14
138.4	102.37	52.2	39.17
138.6	102.89	53.02	39.19
138.8	103.53	53.89	39.2
139.0	104.24	54.76	39.21
139.2	105.01	55.61	39.23
139.4	105.8	56.39	39.24
139.6	106.61	57.09	39.26
139.8	107.43	57.66	39.28
140.0	108.26	58.01	39.29
140.2	109.06	58.12	39.31
140.4	109.81	58.1	39.33
140.6	110.46	57.98	39.34
140.8	110.91	57.75	39.36
141.0	111.13	57.46	39.38
141.2	111.26	57.16	39.39
141.4	111.36	56.88	39.41
141.6	111.51	56.73	39.43
141.8	111.81	56.83	39.44
142.0	112.12	56.97	39.46
142.2	112.4	57.11	39.47
142.4	112.65	57.22	39.49
142.6	112.81	57.14	39.51
142.8	112.89	56.98	39.52
143.0	112.87	56.74	39.54
143.2	112.73	56.43	39.56
143.4	112.34	55.97	39.58
143.6	111.79	55.43	39.59
143.8	111.13	54.85	39.61
144.0	110.42	54.27	39.63
144.2	109.7	53.72	39.64
144.4	109.05	53.29	39.66
144.6	108.39	52.9	39.67
144.8	107.72	52.55	39.69
145.0	107.03	52.24	39.71
145.2	106.28	51.97	39.72
145.4	105.49	51.75	39.74
145.6	104.73	51.57	39.75
145.8	104.02	51.44	39.77
146.0	103.39	51.35	39.78
146.2	102.88	51.24	39.8
146.4	102.5	51.22	39.82
146.6	102.25	51.33	39.83
146.8	102.17	51.58	39.85
147.0	102.41	52.29	39.86
147.2	102.84	53.17	39.87
147.4	103.36	54.08	39.87
147.6	103.94	54.93	39.86
147.8	104.49	55.43	39.82
148.0	105.0	55.7	39.77
148.2	105.46	55.84	39.71
148.4	105.83	55.87	39.64
148.6	106.01	55.84	39.58
148.8	106.07	55.75	39.52
149.0	106.05	55.6	39.47
149.2	105.97	55.41	39.41
149.4	105.92	55.18	39.35
149.6	105.85	54.93	39.29
149.8	105.73	54.67	39.23
150.0	105.57	54.41	39.18
150.2	105.3	54.19	39.12
150.4	104.96	54.02	39.06
150.6	104.58	53.87	39.0
150.8	104.18	53.77	38.95
151.0	103.75	53.74	38.88
151.2	103.33	53.77	38.82
151.4	102.95	53.85	38.75
151.6	102.66	53.96	38.7
151.8	102.5	54.09	38.66
152.0	102.6	54.17	38.66
152.2	102.83	54.3	38.66
152.4	103.16	54.5	38.68
152.6	103.58	54.79	38.7
152.8	104.1	55.44	38.72
153.0	104.66	56.13	38.74
153.2	105.22	56.75	38.76
153.4	105.77	57.23	38.78
153.6	106.22	57.14	38.8
153.8	106.61	56.88	38.82
154.0	106.94	56.51	38.84
154.2	107.21	56.11	38.86
154.4	107.42	55.93	38.88
154.6	107.56	55.72	38.9
154.8	107.63	55.45	38.92
155.0	107.63	55.07	38.94
155.2	107.51	54.36	38.96
155.4	107.33	53.61	38.98
155.6	107.12	52.87	39.0
155.8	106.9	52.22	39.02
156.0	106.7	51.85	39.04
156.2	106.51	51.59	39.06
156.4	106.34	51.41	39.08
156.6	106.21	51.3	39.1
156.8	106.17	51.25	39.11
157.0	106.14	51.22	39.13
157.2	106.11	51.21	39.15
157.4	106.05	51.2	39.16
157.6	105.91	51.15	39.17
157.8	105.74	51.07	39.18
158.0	105.53	50.92	39.19
158.2	105.27	50.64	39.2
158.4	104.98	50.19	39.22
158.6	104.64	49.71	39.23
158.8	104.26	49.24	39.24
159.0	103.84	48.89	39.25
159.2	103.4	48.7	39.26
159.4	102.91	48.54	39.27
159.6	102.37	48.37	39.28
159.8	101.76	48.14	39.29
160.0	101.08	47.79	39.31
160.2	100.34	47.42	39.32
160.4	99.56	47.05	39.33
160.6	98.73	46.69	39.34
160.8	97.84	46.35	39.35
161.0	96.93	46.06	39.36
161.2	96.0	45.84	39.37
161.4	95.07	45.7	39.38
161.6	94.11	45.76	39.39
161.8	93.17	45.93	39.4
162.0	92.29	46.19	39.41
162.2	91.5	46.51	39.42
162.4	90.86	46.84	39.44
162.6	90.38	47.16	39.45
162.8	90.06	47.55	39.46
163.0	89.91	48.02	39.47
163.2	89.97	48.61	39.48
163.4	90.29	49.38	39.48
163.6	90.76	50.23	39.48
163.8	91.36	51.15	39.48
164.0	92.06	52.12	39.48
164.2	92.8	53.15	39.48
164.4	93.62	54.15	39.48
164.6	94.52	55.06	39.48
164.8	95.49	55.78	39.48
165.0	96.52	56.21	39.48
165.2	97.61	56.54	39.47
165.4	98.74	56.82	39.47
165.6	100.01	57.23	39.47
165.8	101.36	57.74	39.47
166.0	102.63	58.16	39.47
166.2	103.74	58.42	39.47
166.4	104.49	58.21	39.47
166.6	104.94	57.7	39.47
166.8	105.13	57.04	39.47
167.0	105.06	56.29	39.47
167.2	104.63	55.62	39.47
167.4	103.95	54.97	39.47
167.6	103.09	54.34	39.46
167.8	102.1	53.74	39.46
168.0	101.06	53.28	39.46
168.2	100.0	52.94	39.46
168.4	98.9	52.62	39.46
168.6	97.78	52.31	39.46
168.8	96.66	51.98	39.46
169.0	95.54	51.42	39.46
169.2	94.45	50.84	39.45
169.4	93.44	50.27	39.45
169.6	92.53	49.75	39.45
169.8	91.76	49.36	39.46
170.0	91.14	49.11	39.47
170.2	90.7	48.95	39.48
170.4	90.45	48.9	39.49
170.6	90.42	48.95	39.5
170.8	90.78	49.16	39.52
171.0	91.31	49.44	39.53
171.2	91.98	49.76	39.55
171.4	92.75	50.1	39.57
171.6	93.55	50.45	39.59
171.8	94.38	50.75	39.61
172.0	95.19	50.98	39.63
172.2	95.95	51.07	39.65
172.4	96.56	50.84	39.67
172.6	97.09	50.55	39.69
172.8	97.56	50.24	39.71
173.0	97.96	50.0	39.72
173.2	98.26	49.95	39.74
173.4	98.54	49.99	39.76
173.6	98.82	50.13	39.78
173.8	99.16	50.42	39.8
174.0	99.67	50.93	39.82
174.2	100.17	51.47	39.83
174.4	100.62	51.97	39.85
174.6	100.96	52.33	39.87
174.8	101.14	52.43	39.88
175.0	101.18	52.39	39.9
175.2	101.03	52.24	39.92
175.4	100.55	51.94	39.94
175.6	99.84	51.53	39.96
175.8	99.03	51.09	39.98
176.0	98.21	50.68	40.0
176.2	97.54	50.43	40.02
176.4	96.91	50.22	40.04
176.6	96.32	50.0	40.05
176.8	95.81	49.72	40.05
177.0	95.38	49.35	40.04
177.2	94.97	48.96	40.01
177.4	94.55	48.57	39.98
177.6	94.06	48.21	39.93
177.8	93.46	47.91	39.86
178.0	92.82	47.64	39.78
178.2	92.13	47.41	39.69
178.4	91.4	47.23	39.6
178.6	90.61	47.09	39.52
178.8	89.8	47.0	39.44
179.0	88.99	46.94	39.36
179.2	88.2	46.92	39.28
179.4	87.41	46.9	39.2
179.6	86.66	46.9	39.12
179.8	86.01	46.97	39.04
180.0	85.47	47.13	38.96
180.2	85.1	47.42	38.88
180.4	84.94	47.87	38.8
180.6	84.97	48.43	38.72
180.8	85.18	49.08	38.64
181.0	85.6	49.82	38.56
181.2	86.23	50.64	38.46
181.4	87.07	51.52	38.37
181.6	88.13	52.46	38.3
181.8	89.44	53.47	38.25
182.0	91.02	54.59	38.26
182.2	92.8	55.68	38.28
182.4	94.73	56.69	38.32
182.6	96.87	57.53	38.37
182.8	99.16	58.15	38.41
183.0	101.41	58.59	38.46
183.2	103.53	58.85	38.51
183.4	105.34	58.87	38.57
183.6	106.85	58.69	38.62
183.8	108.03	58.35	38.67
184.0	108.77	57.85	38.73
184.2	108.86	57.19	38.78
184.4	108.61	56.43	38.84
184.6	108.1	55.62	38.89
184.8	107.42	54.81	38.95
185.0	106.76	54.12	39.0
185.2	106.01	53.45	39.04
185.4	105.19	52.83	39.09
185.6	104.32	52.25	39.14
185.8	103.43	51.72	39.19
186.0	102.54	51.24	39.24
186.2	101.68	50.83	39.29
186.4	100.86	50.49	39.33
186.6	100.1	50.23	39.37
186.8	99.48	50.12	39.4
187.0	98.96	50.09	39.42
187.2	98.54	50.13	39.44
187.4	98.23	50.23	39.45
187.6	98.08	50.38	39.45
187.8	98.07	50.58	39.43
188.0	98.15	50.79	39.42
188.2	98.3	51.0	39.39
188.4	98.49	51.19	39.37
188.6	98.71	51.32	39.34
188.8	98.92	51.41	39.31
189.0	99.11	51.44	39.28
189.2	99.26	51.4	39.25
189.4	99.25	51.17	39.22
189.6	99.16	50.88	39.2
189.8	99.02	50.57	39.17
190.0	98.82	50.29	39.14
190.2	98.53	50.11	39.11
190.4	98.18	50.03	39.08
190.6	97.86	50.03	39.05
190.8	97.6	50.12	39.03
191.0	97.51	50.32	39.0
191.2	97.64	50.67	38.97
191.4	97.89	51.08	38.94
191.6	98.22	51.53	38.91
191.8	98.63	52.0	38.88
192.0	99.14	52.49	38.86
192.2	99.67	52.93	38.84
192.4	100.18	53.29	38.82
192.6	100.62	53.53	38.81
192.8	100.87	53.45	38.8
193.0	101.04	53.26	38.79
193.2	101.14	53.01	38.78
193.4	101.18	52.73	38.77
193.6	101.16	52.48	38.76
193.8	101.1	52.27	38.76
194.0	101.03	52.11	38.75
194.2	100.97	52.02	38.74
194.4	100.94	52.15	38.73
194.6	100.95	52.38	38.72
194.8	101.02	52.67	38.71
195.0	101.15	53.01	38.7
195.2	101.46	53.35	38.69
195.4	101.87	53.68	38.68
195.6	102.32	54.0	38.67
195.8	102.75	54.28	38.66
196.0	103.11	54.48	38.66
196.2	103.38	54.6	38.65
196.4	103.57	54.65	38.64
196.6	103.68	54.62	38.63
196.8	103.65	54.45	38.62
197.0	103.49	54.18	38.61
197.2	103.26	53.88	38.6
197.4	102.96	53.59	38.59
197.6	102.61	53.4	38.58
197.8	102.21	53.32	38.57
198.0	101.82	53.29	38.56
198.2	101.46	53.29	38.56
198.4	101.18	53.32	38.55
198.6	101.01	53.37	38.54
198.8	100.93	53.46	38.53
199.0	100.93	53.6	38.52
199.2	101.07	53.82	38.51
199.4	101.36	54.13	38.5
199.6	101.72	54.48	38.49
199.8	102.11	54.86	38.48
200.0	102.46	55.24	38.47
200.2	102.73	55.62	38.46
200.4	102.98	55.97	38.45
200.6	103.21	56.26	38.44
200.8	103.43	56.44	38.42
201.0	103.64	56.47	38.4
201.2	103.84	56.42	38.38
201.4	104.05	56.31	38.36
201.6	104.27	56.16	38.33
201.8	104.5	55.97	38.31
202.0	104.75	55.76	38.29
202.2	105.02	55.53	38.27
202.4	105.37	55.28	38.25
202.6	105.85	55.05	38.23
202.8	106.31	54.8	38.21
203.0	106.7	54.54	38.18
203.2	106.93	54.27	38.16
203.4	106.87	53.99	38.14
203.6	106.68	53.69	38.12
203.8	106.36	53.38	38.1
204.0	105.93	53.05	38.08
204.2	105.41	52.66	38.06
204.4	104.81	52.27	38.04
204.6	104.15	51.86	38.01
204.8	103.44	51.46	37.99
205.0	102.66	51.04	37.97
205.2	101.85	50.63	37.95
205.4	101.07	50.25	37.93
205.6	100.34	49.93	37.91
205.8	99.72	49.68	37.88
206.0	99.36	49.59	37.85
206.2	99.08	49.56	37.82
206.4	98.87	49.58	37.8
206.6	98.71	49.61	37.79
206.8	98.57	49.62	37.82
207.0	98.43	49.62	37.86
207.2	98.29	49.6	37.91
207.4	98.13	49.58	37.97
207.6	97.9	49.53	38.02
207.8	97.59	49.45	38.07
208.0	97.26	49.35	38.12
208.2	96.91	49.23	38.17
208.4	96.55	49.08	38.22
208.6	96.21	48.86	38.27
208.8	95.87	48.64	38.31
209.0	95.55	48.43	38.36
209.2	95.24	48.27	38.41
209.4	94.92	48.22	38.46
209.6	94.63	48.25	38.52
209.8	94.4	48.33	38.56
210.0	94.27	48.48	38.61
210.2	94.32	48.73	38.63
210.4	94.55	49.04	38.64
210.6	94.86	49.38	38.65
210.8	95.24	49.71	38.64
211.0	95.67	50.0	38.64
211.2	96.12	50.22	38.62
211.4	96.56	50.38	38.61
211.6	96.98	50.48	38.59
211.8	97.32	50.45	38.57
212.0	97.51	50.24	38.55
212.2	97.65	50.0	38.54
212.4	97.77	49.77	38.52
212.6	97.89	49.62	38.5
212.8	98.03	49.71	38.49
213.0	98.21	49.9	38.47
213.2	98.44	50.15	38.45
213.4	98.76	50.46	38.44
213.6	99.22	50.85	38.42
213.8	99.79	51.25	38.4
214.0	100.47	51.65	38.39
214.2	101.28	52.01	38.37
214.4	102.31	52.22	38.35
214.6	103.47	52.36	38.33
214.8	104.67	52.46	38.32
215.0	105.89	52.53	38.3
215.2	107.07	52.67	38.28
215.4	108.17	52.82	38.27
215.6	109.15	52.91	38.25
215.8	109.98	52.93	38.23
216.0	110.46	52.73	38.22
216.2	110.71	52.4	38.2
216.4	110.78	52.0	38.18
216.6	110.71	51.57	38.16
216.8	110.52	51.14	38.15
217.0	110.22	50.73	38.13
217.2	109.86	50.36	38.11
217.4	109.47	50.03	38.1
217.6	109.08	49.79	38.08
217.8	108.75	49.73	38.06
218.0	108.47	49.73	38.04
218.2	108.24	49.77	38.03
218.4	108.09	49.84	38.01
218.6	108.15	49.88	38.0
218.8	108.32	49.9	37.99
219.0	108.52	49.92	37.98
219.2	108.73	49.94	37.99
219.4	108.87	49.99	38.02
219.6	108.93	50.05	38.06
219.8	108.92	50.08	38.11
220.0	108.83	50.08	38.17
220.2	108.62	49.96	38.23
220.4	108.24	49.71	38.28
220.6	107.8	49.43	38.33
220.8	107.3	49.13	38.38
221.0	106.78	48.87	38.43
221.2	106.31	48.77	38.47
221.4	105.83	48.7	38.52
221.6	105.35	48.62	38.57
221.8	104.87	48.51	38.62
222.0	104.3	48.14	38.67
222.2	103.71	47.66	38.72
222.4	103.2	47.25	38.76
222.6	102.8	47.01	38.81
222.8	102.59	47.14	38.85
223.0	102.65	47.83	38.89
223.2	102.9	48.71	38.92
223.4	103.37	49.72	38.95
223.6	104.08	50.77	38.96
223.8	105.25	51.75	38.96
224.0	106.53	52.68	38.94
224.2	107.84	53.53	38.92
224.4	109.05	54.24	38.88
224.6	109.98	54.74	38.84
224.8	110.73	55.08	38.8
225.0	111.28	55.25	38.75
225.2	111.57	55.23	38.7
225.4	111.5	54.95	38.65
225.6	111.25	54.55	38.6
225.8	110.83	54.06	38.56
226.0	110.29	53.52	38.51
226.2	109.67	52.99	38.46
226.4	109.0	52.48	38.42
226.6	108.32	52.02	38.37
226.8	107.66	51.63	38.32
227.0	107.21	51.5	38.27
227.2	106.87	51.52	38.22
227.4	106.55	51.62	38.17
227.6	106.21	51.75	38.13
227.8	105.78	51.86	38.09
228.0	105.14	51.87	38.08
228.2	104.43	51.86	38.08
228.4	103.67	51.82	38.08
228.6	102.87	51.77	38.09
228.8	101.99	51.65	38.1
229.0	101.1	51.49	38.12
229.2	100.24	51.37	38.13
229.4	99.46	51.3	38.14
229.6	98.8	51.33	38.16
229.8	98.43	51.62	38.17
230.0	98.2	52.01	38.18
230.2	98.1	52.48	38.2
230.4	98.12	52.99	38.21
230.6	98.26	53.54	38.22
230.8	98.5	54.1	38.24
231.0	98.81	54.66	38.25
231.2	99.16	55.2	38.26
231.4	99.51	55.67	38.28
231.6	99.84	56.07	38.29
231.8	100.2	56.42	38.3
232.0	100.58	56.72	38.32
232.2	101.0	56.95	38.33
232.4	101.45	57.1	38.34
232.6	101.95	57.24	38.36
232.8	102.5	57.39	38.37
233.0	103.14	57.64	38.39
233.2	103.87	58.01	38.4
233.4	104.62	58.37	38.41
233.6	105.35	58.66	38.43
233.8	106.02	58.8	38.44
234.0	106.6	58.75	38.45
234.2	107.05	58.56	38.47
234.4	107.34	58.22	38.48
234.6	107.33	57.67	38.5
234.8	107.02	56.92	38.51
235.0	106.55	56.07	38.53
235.2	105.93	55.16	38.54
235.4	105.24	54.23	38.56
235.6	104.49	53.31	38.57
235.8	103.69	52.43	38.59
236.0	102.84	51.62	38.6
236.2	101.97	50.91	38.61
236.4	101.07	50.42	38.63
236.6	100.19	50.09	38.64
236.8	99.35	49.9	38.65
237.0	98.57	49.88	38.67
237.2	97.91	50.09	38.68
237.4	97.41	50.57	38.7
237.6	97.01	51.15	38.72
237.8	96.7	51.77	38.74
238.0	96.48	52.38	38.77
238.2	96.38	52.78	38.79
238.4	96.35	53.12	38.81
238.6	96.37	53.39	38.84
238.8	96.42	53.59	38.86
239.0	96.43	53.69	38.88
239.2	96.44	53.71	38.91
239.4	96.47	53.69	38.93
239.6	96.51	53.62	38.96
239.8	96.57	53.52	38.98
240.0	96.66	53.39	39.0
240.2	96.79	53.26	39.03
240.4	96.95	53.17	39.05
240.6	97.18	53.16	39.07
240.8	97.49	53.25	39.1
241.0	97.84	53.39	39.12
241.2	98.23	53.57	39.14
241.4	98.68	53.8	39.17
241.6	99.17	54.06	39.19
241.8	99.69	54.31	39.21
242.0	100.22	54.52	39.24
242.2	100.74	54.63	39.26
242.4	101.26	54.63	39.29
242.6	101.74	54.55	39.31
242.8	102.19	54.42	39.33
243.0	102.61	54.26	39.36
243.2	102.98	54.06	39.38
243.4	103.25	53.82	39.41
243.6	103.39	53.54	39.43
243.8	103.28	53.18	39.46
244.0	102.96	52.77	39.49
244.2	102.53	52.34	39.51
244.4	101.99	51.9	39.54
244.6	101.44	51.52	39.56
244.8	100.86	51.19	39.59
245.0	100.24	50.87	39.61
245.2	99.59	50.54	39.64
245.4	98.91	50.18	39.66
245.6	98.19	49.67	39.69
245.8	97.45	49.19	39.71
246.0	96.73	48.75	39.73
246.2	96.04	48.4	39.76
246.4	95.36	48.26	39.78
246.6	94.73	48.31	39.8
246.8	94.19	48.48	39.83
247.0	93.77	48.77	39.85
247.2	93.49	49.16	39.87
247.4	93.5	49.69	39.89
247.6	93.65	50.29	39.91
247.8	93.91	50.95	39.93
248.0	94.28	51.63	39.95
248.2	94.75	52.35	39.98
248.4	95.28	53.05	40.0
248.6	95.86	53.7	40.02
248.8	96.41	54.25	40.05
249.0	96.89	54.65	40.07
249.2	97.43	54.97	40.09
249.4	98.07	55.22	40.12
249.6	99.0	55.45	40.14
249.8	100.07	55.63	40.17
250.0	101.19	55.74	40.19
250.2	102.32	55.76	40.21
250.4	103.41	55.68	40.23
250.6	104.35	55.46	40.23
250.8	105.07	55.06	40.23
251.0	105.25	54.23	40.21
251.2	105.13	53.21	40.18
251.4	104.78	52.1	40.14
251.6	104.27	51.0	40.09
251.8	103.74	50.18	40.05
252.0	103.1	49.44	40.0
252.2	102.4	48.76	39.95
252.4	101.63	48.14	39.9
252.6	100.82	47.5	39.85
252.8	99.97	46.87	39.81
253.0	99.13	46.32	39.76
253.2	98.3	45.87	39.71
253.4	97.52	45.53	39.66
253.6	96.9	45.52	39.62
253.8	96.34	45.66	39.57
254.0	95.82	45.87	39.52
254.2	95.31	46.13	39.47
254.4	94.79	46.37	39.42
254.6	94.21	46.51	39.38
254.8	93.61	46.62	39.33
255.0	93.02	46.72	39.28
255.2	92.42	46.8	39.23
255.4	91.8	46.82	39.18
255.6	91.17	46.81	39.14
255.8	90.57	46.81	39.09
256.0	90.01	46.82	39.04
256.2	89.49	46.88	38.99
256.4	89.04	47.02	38.95
256.6	88.66	47.2	38.9
256.8	88.37	47.41	38.85
257.0	88.18	47.64	38.8
257.2	88.1	47.85	38.75
257.4	88.15	48.06	38.71
257.6	88.33	48.32	38.66
257.8	88.65	48.63	38.61
258.0	89.15	49.03	38.56
258.2	89.86	49.54	38.51
258.4	90.69	50.12	38.47
258.6	91.61	50.75	38.42
258.8	92.6	51.43	38.37
259.0	93.62	52.19	38.32
259.2	94.68	52.94	38.28
259.4	95.74	53.66	38.23
259.6	96.79	54.31	38.18
259.8	97.78	54.77	38.13
260.0	98.73	55.15	38.08
260.2	99.64	55.46	38.04
260.4	100.5	55.72	37.99
260.6	101.28	55.94	37.94
260.8	102.0	56.12	37.89
261.0	102.68	56.27	37.85
261.2	103.32	56.38	37.8
261.4	104.04	56.55	37.74
261.6	104.67	56.65	37.69
261.8	105.18	56.64	37.65
262.0	105.51	56.47	37.61
262.2	105.5	55.95	37.59
262.4	105.31	55.29	37.58
262.6	104.96	54.55	37.58
262.8	104.47	53.76	37.58
263.0	103.81	53.02	37.57
263.2	103.06	52.3	37.56
263.4	102.27	51.62	37.55
263.6	101.47	50.99	37.55
263.8	100.8	50.47	37.54
264.0	100.24	50.06	37.53
264.2	99.7	49.73	37.52
264.4	99.17	49.47	37.52
264.6	98.63	49.28	37.51
264.8	98.01	49.21	37.5
265.0	97.37	49.18	37.49
265.2	96.71	49.18	37.48
265.4	96.03	49.19	37.48
265.6	95.32	49.1	37.47
265.8	94.59	48.94	37.46
266.0	93.86	48.81	37.45
266.2	93.15	48.74	37.45
266.4	92.48	48.76	37.44
266.6	91.86	48.96	37.43
266.8	91.3	49.27	37.42
267.0	90.8	49.66	37.41
267.2	90.36	50.14	37.41
267.4	90.07	50.77	37.4
267.6	89.86	51.47	37.39
267.8	89.7	52.17	37.38
268.0	89.57	52.84	37.37
268.2	89.44	53.36	37.37
268.4	89.3	53.75	37.36
268.6	89.16	54.06	37.35
268.8	89.02	54.32	37.34
269.0	88.87	54.5	37.34
269.2	88.71	54.63	37.33
269.4	88.53	54.71	37.32
269.6	88.33	54.78	37.31
269.8	88.07	54.84	37.3
270.0	87.74	54.91	37.3
270.2	87.4	54.98	37.29
270.4	87.09	55.08	37.28
270.6	86.83	55.22	37.27
270.8	86.73	55.49	37.26
271.0	86.66	55.75	37.26
271.2	86.61	55.99	37.26
271.4	86.57	56.15	37.28
271.6	86.51	56.15	37.31
271.8	86.41	56.06	37.36
272.0	86.28	55.88	37.41
272.2	86.08	55.63	37.47
272.4	85.73	55.24	37.51
272.6	85.31	54.79	37.56
272.8	84.84	54.31	37.6
273.0	84.32	53.8	37.65
273.2	83.75	53.28	37.69
273.4	83.16	52.77	37.74
273.6	82.57	52.32	37.78
273.8	81.99	51.95	37.83
274.0	81.44	51.74	37.87
274.2	80.92	51.75	37.91
274.4	80.48	51.86	37.96
274.6	80.15	52.07	38.0
274.8	79.98	52.38	38.04
275.0	80.11	52.81	38.09
275.2	80.36	53.27	38.13
275.4	80.71	53.71	38.18
275.6	81.12	54.09	38.22
275.8	81.5	54.24	38.27
276.0	81.9	54.28	38.32
276.2	82.3	54.24	38.36
276.4	82.71	54.11	38.41
276.6	83.12	53.85	38.45
276.8	83.51	53.54	38.5
277.0	83.85	53.2	38.55
277.2	84.14	52.88	38.59
277.4	84.3	52.67	38.64
277.6	84.38	52.52	38.69
277.8	84.4	52.41	38.73
278.0	84.38	52.32	38.77
278.2	84.33	52.23	38.82
278.4	84.25	52.15	38.87
278.6	84.19	52.08	38.91
278.8	84.19	52.05	38.95
279.0	84.28	52.07	38.99
279.2	84.54	52.16	39.02
279.4	84.9	52.27	39.05
279.6	85.33	52.39	39.07
279.8	85.86	52.51	39.09
280.0	86.54	52.62	39.1
280.2	87.25	52.7	39.11
280.4	87.94	52.71	39.12
280.6	88.55	52.62	39.13
280.8	88.91	52.29	39.14
281.0	89.17	51.89	39.15
281.2	89.36	51.45	39.15
281.4	89.48	51.0	39.16
281.6	89.49	50.59	39.17
281.8	89.48	50.23	39.18
282.0	89.49	49.95	39.19
282.2	89.54	49.77	39.2
282.4	89.76	49.85	39.21
282.6	90.1	50.1	39.22
282.8	90.51	50.43	39.22
283.0	90.99	50.79	39.23
283.2	91.53	51.1	39.24
283.4	92.12	51.34	39.25
283.6	92.77	51.59	39.26
283.8	93.48	51.86	39.27
284.0	94.26	52.2	39.27
284.2	95.11	52.57	39.28
284.4	96.0	52.95	39.28
284.6	96.96	53.35	39.26
284.8	97.97	53.78	39.23
285.0	99.01	54.12	39.18
285.2	100.05	54.32	39.14
285.4	101.21	54.13	39.09
285.6	102.31	53.73	39.04
285.8	103.25	53.19	39.0
286.0	103.87	52.63	38.95
286.2	104.0	52.12	38.91
286.4	103.86	51.56	38.86
286.6	103.48	50.96	38.81
286.8	102.86	50.21	38.77
287.0	102.05	49.34	38.72
287.2	101.1	48.48	38.68
287.4	100.03	47.67	38.63
287.6	98.9	46.98	38.58
287.8	97.77	46.62	38.54
