0.2	89.26	30.13	38.08
0.4	88.98	30.02	38.09
0.6	89.03	30.1	38.09
0.8	89.35	30.32	38.08
1.0	89.85	30.64	38.08
1.2	90.45	31.03	38.07
1.4	91.07	31.44	38.05
1.6	91.63	31.82	38.03
1.8	91.95	32.1	38.01
2.0	91.95	32.24	37.98
2.2	91.82	32.29	37.94
2.4	91.57	32.24	37.91
2.6	91.28	32.01	37.87
2.8	90.96	31.66	37.84
3.0	90.59	31.27	37.8
3.2	90.19	30.86	37.77
3.4	89.78	30.55	37.73
3.6	89.36	30.32	37.7
3.8	88.92	30.12	37.67
4.0	88.47	29.96	37.63
4.2	87.93	29.81	37.6
4.4	87.36	29.68	37.56
4.6	86.86	29.61	37.53
4.8	86.46	29.62	37.5
5.0	86.33	29.76	37.46
5.2	86.43	30.01	37.43
5.4	86.68	30.33	37.39
5.6	87.05	30.67	37.36
5.8	87.56	30.97	37.33
6.0	88.15	31.26	37.3
6.2	88.76	31.57	37.28
6.4	89.33	31.9	37.26
6.6	89.71	32.38	37.24
6.8	89.98	32.86	37.22
7.0	90.18	33.28	37.21
7.2	90.28	33.57	37.2
7.4	90.34	33.48	37.18
7.6	90.3	33.25	37.17
7.8	90.17	32.92	37.16
8.0	89.93	32.53	37.14
8.2	89.41	32.15	37.13
8.4	88.83	31.76	37.11
8.6	88.24	31.4	37.1
8.8	87.72	31.08	37.08
9.0	87.44	30.86	37.07
9.2	87.31	30.72	37.05
9.4	87.31	30.66	37.03
9.6	87.44	30.71	37.02
9.8	87.84	30.95	37.02
10.0	88.35	31.29	37.03
10.2	88.89	31.68	37.04
10.4	89.4	32.06	37.05
10.6	89.67	32.35	37.07
10.8	89.86	32.6	37.08
11.0	89.98	32.79	37.09
11.2	90.03	32.93	37.1
11.4	90.01	32.99	37.12
11.6	89.95	32.99	37.13
11.8	89.85	32.93	37.14
12.0	89.74	32.84	37.15
12.2	89.67	32.7	37.16
12.4	89.57	32.53	37.18
12.6	89.43	32.31	37.19
12.8	89.22	32.05	37.2
13.0	88.75	31.65	37.21
13.2	88.27	31.25	37.22
13.4	87.82	30.88	37.24
13.6	87.48	30.57	37.24
13.8	87.5	30.46	37.25
14.0	87.68	30.44	37.26
14.2	87.95	30.51	37.26
14.4	88.3	30.65	37.26
14.6	88.69	30.93	37.25
14.8	89.09	31.24	37.24
15.0	89.48	31.54	37.22
15.2	89.82	31.76	37.21
15.4	90.02	31.74	37.19
15.6	90.16	31.67	37.17
15.8	90.25	31.58	37.15
16.0	90.31	31.57	37.13
16.2	90.38	31.73	37.11
16.4	90.4	31.89	37.09
16.6	90.35	32.01	37.07
16.8	90.18	32.0	37.05
17.0	89.82	31.74	37.03
17.2	89.43	31.43	37.01
17.4	89.05	31.09	36.99
17.6	88.76	30.8	36.97
17.8	88.65	30.61	36.95
18.0	88.61	30.48	36.93
18.2	88.66	30.44	36.91
18.4	88.79	30.56	36.89
18.6	89.0	30.87	36.87
18.8	89.25	31.22	36.85
19.0	89.49	31.55	36.84
19.2	89.67	31.72	36.83
19.4	89.78	31.73	36.83
19.6	89.84	31.68	36.84
19.8	89.84	31.56	36.85
20.0	89.75	31.42	36.86
20.2	89.57	31.27	36.87
20.4	89.36	31.08	36.88
20.6	89.1	30.87	36.88
20.8	88.84	30.63	36.89
21.0	88.58	30.37	36.89
21.2	88.32	30.1	36.9
21.4	88.07	29.84	36.91
21.6	87.79	29.57	36.91
21.8	87.44	29.28	36.92
22.0	87.22	29.07	36.92
22.2	87.18	28.98	36.93
22.4	87.48	29.11	36.94
22.6	88.29	29.58	36.95
22.8	89.32	30.18	36.97
23.0	90.53	30.84	36.99
23.2	91.89	31.5	37.0
23.4	93.33	32.12	37.02
23.6	94.74	32.68	37.04
23.8	96.04	33.15	37.06
24.0	96.99	33.42	37.07
24.2	97.7	33.55	37.09
24.4	98.21	33.57	37.11
24.6	98.52	33.47	37.13
24.8	98.58	33.25	37.15
25.0	98.5	32.95	37.17
25.2	98.31	32.61	37.19
25.4	98.09	32.28	37.21
25.6	97.98	32.02	37.23
25.8	97.79	31.75	37.24
26.0	97.5	31.45	37.26
26.2	97.08	31.12	37.28
26.4	96.22	30.61	37.3
26.6	95.2	30.06	37.31
26.8	94.11	29.52	37.33
27.0	93.04	29.04	37.35
27.2	92.15	28.7	37.36
27.4	91.51	28.56	37.36
27.6	90.97	28.51	37.36
27.8	90.49	28.53	37.36
28.0	90.06	28.62	37.36
28.2	89.66	28.78	37.36
28.4	89.28	28.96	37.35
28.6	88.91	29.14	37.35
28.8	88.52	29.31	37.34
29.0	88.01	29.34	37.34
29.2	87.48	29.33	37.33
29.4	86.95	29.3	37.33
29.6	86.44	29.24	37.32
29.8	85.99	29.19	37.32
30.0	85.61	29.14	37.31
30.2	85.28	29.1	37.31
30.4	84.99	29.07	37.3
30.6	84.73	29.08	37.3
30.8	84.41	29.11	37.29
31.0	84.21	29.19	37.29
31.2	84.17	29.32	37.28
31.4	84.35	29.53	37.28
31.6	84.96	29.84	37.27
31.8	85.8	30.24	37.27
32.0	86.83	30.71	37.26
32.2	88.07	31.32	37.26
32.4	89.56	32.12	37.25
32.6	91.06	32.91	37.25
32.8	92.47	33.63	37.24
33.0	93.49	34.08	37.24
33.2	94.16	34.28	37.23
33.4	94.62	34.33	37.23
33.6	94.9	34.26	37.22
33.8	95.09	34.12	37.22
34.0	95.14	33.88	37.21
34.2	95.08	33.56	37.21
34.4	94.91	33.17	37.2
34.6	94.65	32.68	37.2
34.8	94.3	32.15	37.19
35.0	93.85	31.59	37.19
35.2	93.3	31.03	37.18
35.4	92.55	30.52	37.17
35.6	91.72	30.04	37.17
35.8	90.9	29.59	37.16
36.0	90.15	29.16	37.16
36.2	89.67	28.74	37.17
36.4	89.46	28.33	37.18
36.6	89.35	28.0	37.2
36.8	89.31	27.77	37.23
37.0	89.29	27.77	37.25
37.2	89.28	28.03	37.28
37.4	89.23	28.34	37.3
37.6	89.12	28.64	37.33
37.8	88.85	28.77	37.36
38.0	88.35	28.64	37.39
38.2	87.81	28.45	37.41
38.4	87.25	28.21	37.44
38.6	86.75	27.99	37.47
38.8	86.44	27.86	37.49
39.0	86.18	27.74	37.52
39.2	85.98	27.66	37.54
39.4	85.83	27.61	37.57
39.6	85.75	27.64	37.59
39.8	85.7	27.71	37.62
40.0	85.64	27.79	37.64
40.2	85.55	27.84	37.66
40.4	85.28	27.79	37.69
40.6	84.74	27.56	37.71
40.8	84.26	27.36	37.74
41.0	83.92	27.24	37.76
41.2	83.85	27.3	37.78
41.4	84.34	27.73	37.79
41.6	85.08	28.3	37.8
41.8	86.04	28.99	37.8
42.0	87.2	29.79	37.8
42.2	88.57	30.68	37.79
42.4	90.01	31.57	37.77
42.6	91.46	32.4	37.76
42.8	92.83	33.07	37.74
43.0	94.08	33.56	37.72
43.2	95.16	33.89	37.7
43.4	96.03	34.03	37.68
43.6	96.46	33.87	37.66
43.8	96.63	33.52	37.64
44.0	96.6	33.03	37.62
44.2	96.42	32.45	37.6
44.4	96.16	31.86	37.58
44.6	95.79	31.23	37.57
44.8	95.35	30.59	37.55
45.0	94.83	29.95	37.53
45.2	94.26	29.4	37.51
45.4	93.66	28.9	37.49
45.6	93.04	28.43	37.47
45.8	92.42	27.99	37.45
46.0	91.83	27.55	37.43
46.2	91.28	27.1	37.41
46.4	90.78	26.72	37.39
46.6	90.33	26.44	37.38
46.8	89.95	26.26	37.36
47.0	89.73	26.42	37.34
47.2	89.56	26.67	37.32
47.4	89.41	26.97	37.31
47.6	89.26	27.28	37.29
47.8	89.0	27.42	37.28
48.0	88.71	27.5	37.26
48.2	88.4	27.56	37.25
48.4	88.09	27.61	37.24
48.6	87.81	27.72	37.22
48.8	87.56	27.86	37.21
49.0	87.32	28.01	37.2
49.2	87.11	28.16	37.18
49.4	86.9	28.3	37.17
49.6	86.67	28.4	37.16
49.8	86.51	28.49	37.14
50.0	86.45	28.58	37.13
50.2	86.55	28.67	37.11
50.4	86.95	28.76	37.1
50.6	87.49	28.87	37.09
50.8	88.16	29.0	37.07
51.0	88.94	29.17	37.06
51.2	89.79	29.38	37.05
51.4	90.73	29.65	37.03
51.6	91.75	29.98	37.02
51.8	92.95	30.47	37.01
52.0	94.28	31.12	36.99
52.2	95.5	31.72	36.98
52.4	96.51	32.22	36.97
52.6	96.85	32.29	36.95
52.8	96.85	32.16	36.94
53.0	96.6	31.91	36.93
53.2	96.17	31.59	36.91
53.4	95.71	31.32	36.9
53.6	95.15	31.03	36.89
53.8	94.51	30.7	36.87
54.0	93.8	30.34	36.86
54.2	93.03	29.92	36.84
54.4	92.24	29.48	36.83
54.6	91.44	29.03	36.82
54.8	90.67	28.61	36.8
55.0	89.97	28.22	36.79
55.2	89.34	27.87	36.78
55.4	88.79	27.59	36.78
55.6	88.34	27.41	36.78
55.8	88.02	27.38	36.79
56.0	87.91	27.58	36.81
56.2	87.87	27.86	36.83
56.4	87.84	28.17	36.86
56.6	87.78	28.47	36.88
56.8	87.54	28.63	36.91
57.0	87.24	28.75	36.93
57.2	86.91	28.82	36.96
57.4	86.53	28.85	36.98
57.6	86.11	28.79	37.01
57.8	85.66	28.69	37.03
58.0	85.22	28.58	37.05
58.2	84.79	28.47	37.08
58.4	84.44	28.44	37.1
58.6	84.15	28.47	37.12
58.8	83.9	28.52	37.14
59.0	83.69	28.58	37.17
59.2	83.45	28.61	37.19
59.4	83.14	28.58	37.21
59.6	82.93	28.58	37.24
59.8	82.88	28.65	37.26
60.0	83.13	28.82	37.27
60.2	83.85	29.18	37.28
60.4	84.77	29.64	37.28
60.6	85.82	30.18	37.29
60.8	86.97	30.86	37.29
61.0	88.15	31.65	37.29
61.2	89.28	32.4	37.29
61.4	90.29	33.03	37.3
61.6	90.96	33.3	37.3
61.8	91.37	33.3	37.3
62.0	91.62	33.16	37.3
62.2	91.72	32.9	37.3
62.4	91.74	32.63	37.31
62.6	91.67	32.31	37.31
62.8	91.5	31.95	37.31
63.0	91.24	31.57	37.31
63.2	90.88	31.2	37.32
63.4	90.45	30.83	37.32
63.6	89.99	30.45	37.32
63.8	89.53	30.07	37.32
64.0	89.09	29.64	37.33
64.2	88.69	29.19	37.33
64.4	88.35	28.77	37.33
64.6	88.1	28.43	37.34
64.8	87.99	28.24	37.34
65.0	88.06	28.24	37.35
65.2	88.22	28.34	37.36
65.4	88.45	28.51	37.37
65.6	88.74	28.73	37.38
65.8	89.07	28.98	37.39
66.0	89.39	29.25	37.4
66.2	89.67	29.49	37.4
66.4	89.84	29.65	37.41
66.6	89.84	29.69	37.42
66.8	89.78	29.69	37.43
67.0	89.67	29.64	37.44
67.2	89.57	29.53	37.45
67.4	89.5	29.38	37.46
67.6	89.41	29.2	37.47
67.8	89.28	29.03	37.48
68.0	89.11	28.88	37.48
68.2	88.84	28.83	37.49
68.4	88.53	28.79	37.5
68.6	88.18	28.79	37.51
68.8	87.81	28.79	37.52
69.0	87.32	28.79	37.53
69.2	86.83	28.8	37.54
69.4	86.43	28.82	37.54
69.6	86.2	28.87	37.55
69.8	86.33	28.89	37.55
70.0	86.76	28.94	37.56
70.2	87.37	29.06	37.55
70.4	88.1	29.29	37.54
70.6	89.0	29.86	37.5
70.8	89.96	30.58	37.45
71.0	90.89	31.29	37.39
71.2	91.7	31.9	37.33
71.4	92.1	32.08	37.27
71.6	92.31	32.06	37.22
71.8	92.39	31.92	37.16
72.0	92.35	31.67	37.11
72.2	92.28	31.4	37.06
72.4	92.13	31.08	37.0
72.6	91.92	30.72	36.95
72.8	91.64	30.34	36.89
73.0	91.21	29.96	36.84
73.2	90.75	29.59	36.79
73.4	90.31	29.25	36.73
73.6	89.93	28.94	36.68
73.8	89.78	28.7	36.62
74.0	89.78	28.53	36.56
74.2	89.84	28.41	36.5
74.4	89.94	28.37	36.46
74.6	90.08	28.47	36.43
74.8	90.21	28.65	36.42
75.0	90.27	28.85	36.42
75.2	90.24	29.02	36.42
75.4	89.92	29.02	36.43
75.6	89.41	28.92	36.44
75.8	88.8	28.76	36.45
76.0	88.13	28.58	36.46
76.2	87.48	28.42	36.47
76.4	86.85	28.27	36.48
76.6	86.24	28.12	36.48
76.8	85.65	27.97	36.49
77.0	85.09	27.79	36.5
77.2	84.56	27.56	36.51
77.4	84.11	27.37	36.52
77.6	83.79	27.26	36.52
77.8	83.65	27.31	36.53
78.0	83.85	27.64	36.54
78.2	84.17	28.07	36.55
78.4	84.57	28.54	36.56
78.6	84.98	29.01	36.56
78.8	85.32	29.39	36.57
79.0	85.65	29.75	36.58
79.2	85.94	30.06	36.59
79.4	86.18	30.32	36.6
79.6	86.33	30.52	36.61
79.8	86.45	30.67	36.62
80.0	86.54	30.76	36.62
80.2	86.61	30.79	36.63
80.4	86.66	30.74	36.64
80.6	86.73	30.66	36.65
80.8	86.85	30.57	36.66
81.0	87.05	30.47	36.66
81.2	87.4	30.41	36.67
81.4	87.82	30.36	36.68
81.6	88.32	30.34	36.69
81.8	88.94	30.39	36.69
82.0	89.69	30.53	36.69
82.2	90.43	30.67	36.69
82.4	91.07	30.81	36.69
82.6	91.44	30.88	36.69
82.8	91.52	30.87	36.69
83.0	91.47	30.81	36.69
83.2	91.32	30.7	36.69
83.4	91.17	30.52	36.69
83.6	91.04	30.28	36.69
83.8	90.84	30.0	36.69
84.0	90.56	29.68	36.69
84.2	90.12	29.3	36.69
84.4	89.43	28.85	36.69
84.6	88.73	28.42	36.69
84.8	88.06	28.03	36.69
85.0	87.53	27.73	36.69
85.2	87.37	27.65	36.69
85.4	87.33	27.65	36.69
85.6	87.37	27.73	36.69
85.8	87.43	27.87	36.69
86.0	87.46	28.11	36.69
86.2	87.48	28.36	36.69
86.4	87.48	28.61	36.69
86.6	87.44	28.79	36.69
86.8	87.31	28.81	36.69
87.0	87.15	28.79	36.69
87.2	86.95	28.74	36.69
87.4	86.73	28.68	36.69
87.6	86.51	28.75	36.69
87.8	86.27	28.81	36.69
88.0	86.02	28.86	36.69
88.2	85.76	28.88	36.69
88.4	85.44	28.72	36.69
88.6	85.11	28.46	36.69
88.8	84.81	28.19	36.69
89.0	84.59	27.96	36.69
89.2	84.46	27.83	36.69
89.4	84.47	27.89	36.69
89.6	84.62	28.06	36.69
89.8	84.94	28.33	36.69
90.0	85.45	28.7	36.69
90.2	86.38	29.25	36.69
90.4	87.44	29.87	36.69
90.6	88.56	30.52	36.68
90.8	89.69	31.18	36.68
91.0	90.65	31.79	36.67
91.2	91.53	32.34	36.65
91.4	92.29	32.8	36.64
91.6	92.9	33.13	36.62
91.8	93.24	33.18	36.61
92.0	93.42	33.11	36.6
92.2	93.46	32.95	36.58
92.4	93.36	32.71	36.57
92.6	93.07	32.47	36.56
92.8	92.69	32.21	36.54
93.0	92.26	31.93	36.53
93.2	91.82	31.65	36.52
93.4	91.47	31.41	36.5
93.6	91.23	31.2	36.48
93.8	91.03	31.01	36.47
94.0	90.87	30.83	36.46
94.2	90.77	30.66	36.46
94.4	90.79	30.49	36.47
94.6	90.79	30.34	36.49
94.8	90.76	30.18	36.51
95.0	90.63	30.04	36.53
95.2	90.25	29.9	36.56
95.4	89.77	29.77	36.58
95.6	89.22	29.63	36.61
95.8	88.62	29.48	36.63
96.0	88.02	29.27	36.66
96.2	87.41	29.03	36.68
96.4	86.8	28.8	36.7
96.6	86.2	28.59	36.73
96.8	85.59	28.42	36.75
97.0	84.98	28.32	36.77
97.2	84.42	28.27	36.8
97.4	83.94	28.26	36.82
97.6	83.55	28.29	36.84
97.8	83.34	28.34	36.85
98.0	83.31	28.43	36.87
98.2	83.38	28.58	36.88
98.4	83.54	28.79	36.89
98.6	83.79	29.12	36.9
98.8	84.12	29.61	36.9
99.0	84.49	30.12	36.9
99.2	84.88	30.61	36.9
99.4	85.25	30.98	36.89
99.6	85.57	31.13	36.89
99.8	85.86	31.22	36.89
100.0	86.12	31.27	36.88
100.2	86.36	31.34	36.88
100.4	86.55	31.53	36.87
100.6	86.71	31.71	36.87
100.8	86.83	31.86	36.86
101.0	86.91	31.95	36.86
101.2	86.92	31.88	36.86
101.4	86.89	31.73	36.85
101.6	86.81	31.52	36.85
101.8	86.69	31.26	36.84
102.0	86.47	30.91	36.84
102.2	86.19	30.51	36.84
102.4	85.92	30.13	36.83
102.6	85.73	29.81	36.83
102.8	85.72	29.65	36.83
103.0	86.0	29.75	36.83
103.2	86.36	29.93	36.83
103.4	86.74	30.13	36.83
103.6	87.07	30.31	36.83
103.8	87.26	30.4	36.83
104.0	87.37	30.43	36.84
104.2	87.37	30.41	36.85
104.4	87.22	30.3	36.85
104.6	86.76	30.02	36.86
104.8	86.22	29.7	36.86
105.0	85.69	29.37	36.87
105.2	85.2	29.06	36.87
105.4	85.16	28.97	36.88
105.6	85.29	28.96	36.88
105.8	85.45	28.98	36.89
106.0	85.58	28.99	36.89
106.2	85.58	28.94	36.89
106.4	85.13	28.7	36.9
106.6	84.66	28.46	36.9
106.8	84.24	28.25	36.91
107.0	83.93	28.1	36.91
107.2	84.09	28.14	36.92
107.4	84.42	28.28	36.92
107.6	84.85	28.5	36.93
107.8	85.34	28.81	36.93
108.0	85.82	29.31	36.94
108.2	86.29	29.86	36.94
108.4	86.74	30.41	36.95
108.6	87.14	30.9	36.95
108.8	87.43	31.15	36.96
109.0	87.62	31.24	36.96
109.2	87.73	31.24	36.97
109.4	87.75	31.18	36.97
109.6	87.65	31.12	36.98
109.8	87.4	31.1	36.98
110.0	87.09	31.06	36.99
110.2	86.73	31.0	36.99
110.4	86.35	30.9	37.0
110.6	85.92	30.69	37.0
110.8	85.51	30.44	37.01
111.0	85.19	30.22	37.01
111.2	85.0	30.07	37.01
111.4	85.12	30.09	37.01
111.6	85.51	30.28	37.01
111.8	86.03	30.54	37.0
112.0	86.61	30.83	36.99
112.2	87.16	31.13	36.97
112.4	87.67	31.42	36.95
112.6	88.14	31.67	36.93
112.8	88.57	31.88	36.91
113.0	88.93	31.99	36.88
113.2	89.2	32.01	36.86
113.4	89.38	31.95	36.84
113.6	89.49	31.82	36.82
113.8	89.49	31.62	36.8
114.0	89.38	31.34	36.78
114.2	89.18	31.02	36.75
114.4	88.89	30.66	36.73
114.6	88.52	30.27	36.71
114.8	87.96	29.83	36.69
115.0	87.39	29.41	36.67
115.2	86.84	29.03	36.64
115.4	86.38	28.73	36.62
115.6	86.23	28.63	36.6
115.8	86.26	28.66	36.58
116.0	86.38	28.77	36.55
116.2	86.58	28.96	36.54
116.4	86.82	29.23	36.53
116.6	87.08	29.54	36.53
116.8	87.33	29.88	36.53
117.0	87.53	30.2	36.53
117.2	87.56	30.49	36.53
117.4	87.45	30.73	36.53
117.6	87.3	30.91	36.53
117.8	87.15	31.01	36.53
118.0	87.12	30.98	36.53
118.2	87.25	30.77	36.53
118.4	87.4	30.5	36.53
118.6	87.54	30.22	36.53
118.8	87.61	29.95	36.53
119.0	87.4	29.82	36.53
119.2	87.15	29.73	36.53
119.4	86.92	29.69	36.53
119.6	86.75	29.69	36.54
119.8	86.85	29.73	36.54
120.0	87.07	29.82	36.54
120.2	87.36	29.95	36.54
120.4	87.69	30.12	36.54
120.6	88.08	30.39	36.54
120.8	88.46	30.69	36.54
121.0	88.77	30.98	36.54
121.2	88.97	31.22	36.54
121.4	88.85	31.27	36.54
121.6	88.51	31.21	36.54
121.8	88.08	31.09	36.54
122.0	87.59	30.92	36.54
122.2	87.19	30.75	36.54
122.4	86.86	30.6	36.54
122.6	86.52	30.42	36.54
122.8	86.17	30.19	36.54
123.0	85.73	29.88	36.54
123.2	85.12	29.4	36.54
123.4	84.54	28.92	36.54
123.6	84.05	28.5	36.54
123.8	83.73	28.2	36.54
124.0	83.86	28.21	36.54
124.2	84.15	28.35	36.54
124.4	84.56	28.6	36.55
124.6	85.06	28.94	36.55
124.8	85.59	29.41	36.55
125.0	86.13	29.9	36.55
125.2	86.67	30.35	36.55
125.4	87.16	30.7	36.56
125.6	87.55	30.75	36.56
125.8	87.87	30.69	36.56
126.0	88.11	30.57	36.56
126.2	88.26	30.42	36.56
126.4	88.29	30.37	36.57
126.6	88.24	30.3	36.57
126.8	88.1	30.2	36.57
127.0	87.89	30.08	36.57
127.2	87.49	29.84	36.57
127.4	87.05	29.56	36.58
127.6	86.65	29.28	36.58
127.8	86.33	29.0	36.58
128.0	86.32	28.77	36.58
128.2	86.53	28.59	36.58
128.4	86.84	28.46	36.58
128.6	87.22	28.4	36.58
128.8	87.65	28.52	36.57
129.0	88.08	28.73	36.56
129.2	88.48	28.97	36.54
129.4	88.81	29.2	36.52
129.6	88.87	29.29	36.5
129.8	88.81	29.29	36.48
130.0	88.7	29.25	36.46
130.2	88.6	29.16	36.44
130.4	88.71	29.05	36.42
130.6	88.92	28.9	36.4
130.8	89.1	28.73	36.38
131.0	89.23	28.53	36.36
131.2	89.09	28.27	36.34
131.4	88.72	27.98	36.33
131.6	88.33	27.71	36.31
131.8	88.0	27.49	36.29
132.0	87.93	27.38	36.27
132.2	88.15	27.4	36.24
132.4	88.48	27.51	36.22
132.6	88.89	27.73	36.21
132.8	89.38	28.14	36.19
133.0	89.89	28.69	36.19
133.2	90.35	29.24	36.18
133.4	90.74	29.73	36.18
133.6	90.83	29.9	36.18
133.8	90.72	29.85	36.17
134.0	90.53	29.7	36.17
134.2	90.29	29.49	36.17
134.4	90.18	29.36	36.17
134.6	90.16	29.28	36.16
134.8	90.09	29.17	36.16
135.0	89.95	29.04	36.16
135.2	89.59	28.82	36.15
135.4	88.92	28.47	36.15
135.6	88.2	28.11	36.15
135.8	87.51	27.77	36.14
136.0	86.95	27.49	36.14
136.2	86.72	27.34	36.14
136.4	86.61	27.28	36.14
136.6	86.6	27.29	36.13
136.8	86.68	27.4	36.13
137.0	86.87	27.69	36.13
137.2	87.08	28.01	36.13
137.4	87.27	28.34	36.13
137.6	87.37	28.62	36.13
137.8	87.24	28.73	36.13
138.0	87.05	28.78	36.13
138.2	86.8	28.79	36.13
138.4	86.54	28.77	36.13
138.6	86.3	28.71	36.13
138.8	86.08	28.65	36.12
139.0	85.88	28.58	36.12
139.2	85.73	28.51	36.12
139.4	85.61	28.45	36.12
139.6	85.57	28.41	36.12
139.8	85.62	28.44	36.12
140.0	85.78	28.54	36.13
140.2	86.22	28.85	36.14
140.4	86.81	29.28	36.16
140.6	87.44	29.76	36.17
140.8	88.07	30.23	36.19
141.0	88.57	30.62	36.21
141.2	88.97	30.94	36.23
141.4	89.26	31.19	36.25
141.6	89.43	31.36	36.26
141.8	89.33	31.34	36.28
142.0	89.08	31.22	36.3
142.2	88.76	31.04	36.32
142.4	88.4	30.81	36.33
142.6	88.16	30.6	36.35
142.8	88.0	30.4	36.36
143.0	87.83	30.18	36.38
143.2	87.65	29.95	36.39
143.4	87.4	29.69	36.41
143.6	87.0	29.39	36.43
143.8	86.61	29.1	36.44
144.0	86.28	28.86	36.46
144.2	86.09	28.71	36.49
144.4	86.13	28.73	36.51
144.6	86.27	28.81	36.54
144.8	86.47	28.93	36.56
145.0	86.72	29.05	36.59
145.2	86.99	29.14	36.62
145.4	87.24	29.23	36.64
145.6	87.44	29.3	36.67
145.8	87.52	29.36	36.7
146.0	87.34	29.4	36.72
146.2	87.09	29.41	36.75
146.4	86.81	29.42	36.78
146.6	86.54	29.41	36.81
146.8	86.51	29.41	36.83
147.0	86.49	29.39	36.86
147.2	86.45	29.36	36.88
147.4	86.36	29.3	36.9
147.6	85.95	29.13	36.93
147.8	85.42	28.93	36.96
148.0	84.95	28.76	36.98
148.2	84.61	28.67	37.01
148.4	84.68	28.78	37.02
148.6	85.09	29.07	37.03
148.8	85.67	29.44	37.03
149.0	86.35	29.86	37.02
149.2	87.11	30.32	37.01
149.4	87.89	30.79	36.99
149.6	88.61	31.23	36.97
149.8	89.23	31.6	36.94
150.0	89.47	31.8	36.92
150.2	89.52	31.89	36.9
150.4	89.46	31.89	36.88
150.6	89.35	31.81	36.85
150.8	89.37	31.65	36.83
151.0	89.41	31.43	36.81
151.2	89.39	31.15	36.79
151.4	89.29	30.82	36.76
151.6	88.92	30.41	36.74
151.8	88.4	29.95	36.72
152.0	87.87	29.52	36.7
152.2	87.4	29.14	36.67
152.4	87.18	28.89	36.65
152.6	87.23	28.79	36.63
152.8	87.38	28.79	36.61
153.0	87.63	28.87	36.58
153.2	87.95	29.08	36.56
153.4	88.31	29.38	36.54
153.6	88.67	29.7	36.53
153.8	89.01	30.02	36.51
154.0	89.24	30.23	36.5
154.2	89.38	30.35	36.5
154.4	89.46	30.44	36.49
154.6	89.51	30.51	36.49
154.8	89.55	30.62	36.49
155.0	89.59	30.76	36.48
155.2	89.56	30.88	36.48
155.4	89.45	30.96	36.48
155.6	89.17	30.92	36.47
155.8	88.69	30.75	36.47
156.0	88.19	30.56	36.46
156.2	87.72	30.39	36.46
156.4	87.38	30.31	36.46
156.6	87.27	30.38	36.46
156.8	87.28	30.49	36.46
157.0	87.41	30.65	36.46
157.2	87.74	30.85	36.46
157.4	88.25	31.08	36.46
157.6	88.8	31.3	36.47
157.8	89.31	31.49	36.48
158.0	89.59	31.55	36.48
158.2	89.65	31.49	36.49
158.4	89.6	31.4	36.5
158.6	89.46	31.28	36.5
158.8	89.27	31.23	36.51
159.0	89.04	31.23	36.51
159.2	88.74	31.22	36.52
159.4	88.38	31.19	36.52
159.6	87.87	31.07	36.53
159.8	87.17	30.81	36.53
160.0	86.48	30.55	36.54
160.2	85.89	30.32	36.54
160.4	85.51	30.16	36.55
160.6	85.59	30.2	36.57
160.8	85.87	30.32	36.58
161.0	86.32	30.53	36.61
161.2	86.9	30.8	36.63
161.4	87.6	31.17	36.66
161.6	88.36	31.58	36.7
161.8	89.15	32.0	36.74
162.0	89.91	32.43	36.77
162.2	90.61	32.85	36.81
162.4	91.23	33.21	36.85
162.6	91.73	33.48	36.89
162.8	91.98	33.57	36.92
163.0	92.02	33.49	36.96
163.2	91.94	33.32	37.0
163.4	91.77	33.07	37.04
163.6	91.62	32.83	37.07
163.8	91.47	32.58	37.11
164.0	91.25	32.29	37.15
164.2	90.95	31.96	37.18
164.4	90.49	31.54	37.22
164.6	89.79	30.98	37.26
164.8	89.06	30.43	37.29
165.0	88.35	29.92	37.33
165.2	87.71	29.5	37.35
165.4	87.42	29.35	37.38
165.6	87.27	29.33	37.4
165.8	87.2	29.4	37.41
166.0	87.2	29.53	37.41
166.2	87.19	29.7	37.4
166.4	87.19	29.88	37.38
166.6	87.21	30.1	37.35
166.8	87.27	30.32	37.31
167.0	87.35	30.55	37.27
167.2	87.46	30.77	37.23
167.4	87.59	30.97	37.19
167.6	87.73	31.15	37.14
167.8	87.9	31.23	37.09
168.0	88.08	31.25	37.05
168.2	88.26	31.26	37.0
168.4	88.42	31.28	36.96
168.6	88.56	31.39	36.91
168.8	88.68	31.6	36.87
169.0	88.73	31.79	36.83
169.2	88.7	31.92	36.78
169.4	88.47	31.86	36.74
169.6	87.95	31.52	36.69
169.8	87.41	31.14	36.65
170.0	86.95	30.8	36.6
170.2	86.69	30.6	36.56
170.4	86.86	30.73	36.51
170.6	87.22	30.98	36.46
170.8	87.72	31.3	36.42
171.0	88.37	31.68	36.39
171.2	89.2	32.11	36.38
171.4	90.02	32.51	36.38
171.6	90.76	32.84	36.39
171.8	91.19	32.98	36.39
172.0	91.25	32.9	36.39
172.2	91.16	32.71	36.4
172.4	90.94	32.43	36.4
172.6	90.69	32.08	36.4
172.8	90.43	31.68	36.4
173.0	90.1	31.26	36.41
173.2	89.7	30.85	36.41
173.4	89.14	30.47	36.41
173.6	88.4	30.17	36.42
173.8	87.66	29.92	36.42
174.0	86.97	29.71	36.42
174.2	86.45	29.55	36.42
174.4	86.29	29.45	36.43
174.6	86.27	29.4	36.43
174.8	86.34	29.42	36.43
175.0	86.48	29.5	36.43
175.2	86.64	29.71	36.44
175.4	86.81	29.96	36.44
175.6	86.97	30.24	36.44
175.8	87.08	30.53	36.44
176.0	87.05	30.77	36.45
176.2	86.98	31.0	36.45
176.4	86.88	31.21	36.45
176.6	86.79	31.39	36.46
176.8	86.77	31.49	36.46
177.0	86.74	31.57	36.46
177.2	86.72	31.63	36.46
177.4	86.68	31.67	36.47
177.6	86.6	31.78	36.47
177.8	86.5	31.87	36.47
178.0	86.41	31.92	36.47
178.2	86.32	31.92	36.48
178.4	86.2	31.72	36.47
178.6	86.11	31.47	36.47
178.8	86.09	31.22	36.48
179.0	86.17	31.03	36.49
179.2	86.5	31.06	36.51
179.4	86.95	31.18	36.55
179.6	87.45	31.33	36.6
179.8	87.99	31.51	36.65
180.0	88.53	31.68	36.7
180.2	89.04	31.83	36.77
180.4	89.47	31.93	36.83
180.6	89.78	31.95	36.9
180.8	89.88	31.83	36.96
181.0	89.86	31.64	37.02
181.2	89.74	31.4	37.09
181.4	89.52	31.1	37.15
181.6	89.2	30.76	37.21
181.8	88.82	30.41	37.27
182.0	88.4	30.07	37.33
182.2	87.96	29.76	37.39
182.4	87.59	29.62	37.45
182.6	87.21	29.52	37.51
182.8	86.8	29.41	37.57
183.0	86.36	29.28	37.63
183.2	85.77	28.98	37.68
183.4	85.09	28.56	37.74
183.6	84.43	28.16	37.8
183.8	83.84	27.82	37.85
184.0	83.4	27.65	37.91
184.2	83.22	27.77	37.96
184.4	83.18	28.01	38.02
184.6	83.27	28.35	38.06
184.8	83.51	28.78	38.09
185.0	83.93	29.27	38.1
185.2	84.45	29.8	38.1
185.4	85.05	30.35	38.09
185.6	85.7	30.91	38.07
185.8	86.41	31.46	38.04
186.0	87.11	31.95	38.0
186.2	87.76	32.37	37.97
186.4	88.28	32.62	37.93
186.6	88.57	32.6	37.9
186.8	88.77	32.5	37.87
187.0	88.89	32.34	37.83
187.2	88.94	32.18	37.8
187.4	89.0	32.2	37.77
187.6	89.01	32.21	37.74
187.8	88.94	32.2	37.7
188.0	88.79	32.12	37.67
188.2	88.35	31.8	37.64
188.4	87.84	31.39	37.61
188.6	87.37	30.96	37.57
188.8	87.03	30.56	37.54
189.0	87.16	30.3	37.51
189.2	87.66	30.18	37.47
189.4	88.24	30.11	37.44
189.6	88.83	30.06	37.41
189.8	89.18	30.03	37.38
190.0	89.31	29.99	37.34
190.2	89.33	29.92	37.31
190.4	89.22	29.8	37.28
190.6	88.97	29.49	37.24
190.8	88.59	29.04	37.21
191.0	88.15	28.55	37.18
191.2	87.67	28.07	37.15
191.4	87.24	27.68	37.11
191.6	86.89	27.48	37.08
191.8	86.57	27.35	37.05
192.0	86.28	27.27	37.02
192.2	86.02	27.23	36.98
192.4	85.66	27.16	36.95
192.6	85.38	27.14	36.92
192.8	85.22	27.17	36.88
193.0	85.23	27.29	36.85
193.2	85.65	27.57	36.82
193.4	86.27	27.94	36.79
193.6	86.99	28.37	36.77
193.8	87.77	28.86	36.75
194.0	88.55	29.45	36.74
194.2	89.27	30.04	36.75
194.4	89.88	30.56	36.75
194.6	90.31	30.95	36.76
194.8	90.31	30.98	36.77
195.0	90.13	30.89	36.77
195.2	89.82	30.72	36.77
195.4	89.4	30.54	36.78
195.6	89.02	30.53	36.78
195.8	88.57	30.51	36.79
196.0	88.05	30.46	36.79
196.2	87.47	30.34	36.79
196.4	86.66	29.98	36.8
196.6	85.78	29.52	36.8
196.8	84.95	29.06	36.8
197.0	84.24	28.65	36.81
197.2	83.85	28.42	36.81
197.4	83.86	28.41	36.82
197.6	84.03	28.52	36.82
197.8	84.29	28.73	36.82
198.0	84.59	29.05	36.82
198.2	84.88	29.51	36.83
198.4	85.15	29.98	36.83
198.6	85.36	30.41	36.83
198.8	85.42	30.69	36.84
199.0	85.28	30.75	36.84
199.2	85.05	30.71	36.84
199.4	84.74	30.59	36.84
199.6	84.39	30.4	36.85
199.8	84.01	30.17	36.85
200.0	83.62	29.91	36.85
200.2	83.23	29.64	36.86
200.4	82.87	29.38	36.86
200.6	82.61	29.16	36.86
200.8	82.38	28.96	36.86
201.0	82.17	28.79	36.87
201.2	81.97	28.65	36.87
201.4	81.67	28.56	36.87
201.6	81.37	28.51	36.87
201.8	81.13	28.51	36.88
202.0	80.98	28.57	36.89
202.2	81.04	28.7	36.91
202.4	81.3	28.9	36.94
202.6	81.67	29.15	36.97
202.8	82.11	29.42	37.0
203.0	82.66	29.71	37.04
203.2	83.25	30.0	37.07
203.4	83.81	30.28	37.1
203.6	84.31	30.52	37.13
203.8	84.54	30.67	37.16
204.0	84.57	30.75	37.2
204.2	84.52	30.78	37.23
204.4	84.4	30.77	37.26
204.6	84.32	30.74	37.29
204.8	84.31	30.68	37.32
205.0	84.27	30.6	37.35
205.2	84.21	30.49	37.38
205.4	84.09	30.33	37.41
205.6	83.8	30.06	37.44
205.8	83.52	29.8	37.46
206.0	83.28	29.59	37.49
206.2	83.13	29.48	37.52
206.4	83.24	29.67	37.55
206.6	83.48	29.98	37.58
206.8	83.84	30.33	37.61
207.0	84.32	30.7	37.65
207.2	84.95	30.95	37.68
207.4	85.68	31.16	37.71
207.6	86.45	31.34	37.74
207.8	87.24	31.49	37.76
208.0	88.01	31.62	37.79
208.2	88.75	31.73	37.82
208.4	89.42	31.81	37.85
208.6	90.01	31.87	37.88
208.8	90.41	31.95	37.91
209.0	90.69	31.99	37.94
209.2	90.89	31.97	37.97
209.4	91.05	31.85	38.0
209.6	91.26	31.53	38.03
209.8	91.41	31.12	38.07
210.0	91.49	30.67	38.1
210.2	91.46	30.21	38.13
210.4	91.27	29.79	38.16
210.6	90.98	29.39	38.19
210.8	90.61	29.02	38.22
211.0	90.13	28.7	38.25
211.2	89.46	28.42	38.28
211.4	88.82	28.22	38.31
211.6	88.27	28.1	38.34
211.8	87.96	28.11	38.37
212.0	88.18	28.34	38.39
212.2	88.5	28.63	38.4
212.4	88.85	28.94	38.4
212.6	89.05	29.22	38.39
212.8	88.96	29.41	38.37
213.0	88.77	29.56	38.33
213.2	88.49	29.64	38.29
213.4	88.15	29.63	38.24
213.6	87.77	29.52	38.19
213.8	87.34	29.37	38.14
214.0	86.89	29.19	38.09
214.2	86.44	29.02	38.03
214.4	86.0	28.9	37.98
214.6	85.55	28.77	37.93
214.8	85.1	28.64	37.87
215.0	84.65	28.48	37.82
215.2	84.2	28.21	37.77
215.4	83.75	27.94	37.72
215.6	83.31	27.71	37.67
215.8	82.89	27.53	37.61
216.0	82.42	27.48	37.56
216.2	81.94	27.57	37.51
216.4	81.56	27.74	37.46
216.6	81.34	27.99	37.4
216.8	81.38	28.32	37.35
217.0	81.85	28.74	37.29
217.2	82.48	29.21	37.24
217.4	83.24	29.71	37.19
217.6	84.08	30.23	37.15
217.8	84.95	30.77	37.12
218.0	85.8	31.28	37.11
218.2	86.55	31.73	37.1
218.4	87.07	32.07	37.09
218.6	87.25	32.27	37.09
218.8	87.28	32.37	37.09
219.0	87.19	32.37	37.08
219.2	87.04	32.24	37.08
219.4	86.87	31.96	37.08
219.6	86.66	31.62	37.08
219.8	86.45	31.24	37.08
220.0	86.25	30.85	37.07
220.2	86.11	30.49	37.07
220.4	86.0	30.17	37.07
220.6	85.94	29.93	37.07
220.8	85.91	29.78	37.07
221.0	86.0	29.89	37.06
221.2	86.12	30.09	37.06
221.4	86.26	30.35	37.06
221.6	86.39	30.63	37.06
221.8	86.5	30.92	37.05
222.0	86.57	31.17	37.05
222.2	86.57	31.36	37.05
222.4	86.48	31.45	37.05
222.6	86.15	31.26	37.05
222.8	85.72	30.94	37.04
223.0	85.21	30.56	37.04
223.2	84.66	30.15	37.04
223.4	84.13	29.83	37.04
223.6	83.63	29.59	37.03
223.8	83.11	29.36	37.03
224.0	82.6	29.17	37.03
224.2	82.06	28.97	37.03
224.4	81.44	28.74	37.03
224.6	80.87	28.56	37.02
224.8	80.4	28.45	37.02
225.0	80.06	28.44	37.02
225.2	80.06	28.67	37.02
225.4	80.25	29.02	37.02
225.6	80.56	29.43	37.02
225.8	80.99	29.88	37.01
226.0	81.53	30.35	36.99
226.2	82.14	30.8	36.96
226.4	82.76	31.21	36.93
226.6	83.35	31.54	36.9
226.8	83.78	31.65	36.87
227.0	84.09	31.61	36.84
227.2	84.34	31.51	36.81
227.4	84.54	31.38	36.78
227.6	84.74	31.34	36.75
227.8	84.94	31.42	36.72
228.0	85.11	31.49	36.69
228.2	85.24	31.54	36.66
228.4	85.31	31.52	36.63
228.6	85.25	31.29	36.61
228.8	85.19	31.04	36.58
229.0	85.16	30.83	36.55
229.2	85.18	30.69	36.52
229.4	85.44	30.87	36.49
229.6	85.77	31.14	36.45
229.8	86.15	31.43	36.43
230.0	86.56	31.72	36.4
230.2	87.03	31.88	36.39
230.4	87.46	31.99	36.38
230.6	87.83	32.05	36.38
230.8	88.06	32.05	36.38
231.0	87.96	31.95	36.38
231.2	87.74	31.8	36.38
231.4	87.41	31.61	36.39
231.6	87.02	31.4	36.4
231.8	86.62	31.2	36.4
232.0	86.21	30.99	36.41
232.2	85.78	30.77	36.41
232.4	85.35	30.54	36.41
232.6	84.9	30.26	36.42
232.8	84.46	29.94	36.42
233.0	84.1	29.67	36.43
233.2	83.84	29.46	36.43
233.4	83.81	29.41	36.44
233.6	84.06	29.56	36.45
233.8	84.41	29.79	36.46
234.0	84.83	30.09	36.47
234.2	85.26	30.44	36.48
234.4	85.66	30.84	36.5
234.6	86.02	31.22	36.51
234.8	86.32	31.56	36.53
235.0	86.48	31.76	36.54
235.2	86.48	31.81	36.56
235.4	86.42	31.8	36.57
235.6	86.32	31.74	36.59
235.8	86.23	31.7	36.6
236.0	86.22	31.68	36.61
236.2	86.19	31.67	36.63
236.4	86.13	31.67	36.64
236.6	86.01	31.66	36.65
236.8	85.63	31.65	36.67
237.0	85.33	31.66	36.68
237.2	85.18	31.71	36.69
237.4	85.36	31.84	36.71
237.6	86.18	32.11	36.72
237.8	87.21	32.43	36.74
238.0	88.37	32.76	36.75
238.2	89.53	33.11	36.77
238.4	90.63	33.48	36.78
238.6	91.61	33.77	36.8
238.8	92.41	33.92	36.81
239.0	92.82	33.75	36.83
239.2	92.83	33.29	36.84
239.4	92.63	32.69	36.86
239.6	92.27	32.01	36.87
239.8	91.82	31.37	36.89
240.0	91.34	30.8	36.9
240.2	90.79	30.24	36.92
240.4	90.16	29.68	36.93
240.6	89.47	29.12	36.95
240.8	88.63	28.44	36.96
241.0	87.79	27.8	36.98
241.2	86.99	27.23	36.99
241.4	86.25	26.76	37.0
241.6	85.73	26.53	37.01
241.8	85.45	26.56	37.02
242.0	85.26	26.71	37.02
242.2	85.15	26.93	37.02
242.4	85.09	27.2	37.01
242.6	85.03	27.45	36.97
242.8	84.98	27.7	36.93
243.0	84.92	27.96	36.88
243.2	84.85	28.2	36.83
243.4	84.66	28.36	36.79
243.6	84.44	28.5	36.74
243.8	84.21	28.63	36.7
244.0	83.99	28.75	36.65
244.2	83.84	28.92	36.6
244.4	83.74	29.1	36.56
244.6	83.65	29.28	36.51
244.8	83.54	29.43	36.47
245.0	83.37	29.53	36.42
245.2	83.05	29.51	36.38
245.4	82.73	29.47	36.33
245.6	82.44	29.44	36.29
245.8	82.21	29.45	36.24
246.0	82.13	29.6	36.19
246.2	82.19	29.84	36.14
246.4	82.34	30.12	36.1
246.6	82.6	30.42	36.05
246.8	83.07	30.76	36.02
247.0	83.68	31.11	36.0
247.2	84.31	31.44	35.99
247.4	84.88	31.73	35.98
247.6	85.19	31.93	35.97
247.8	85.23	32.03	35.97
248.0	85.17	32.06	35.98
248.2	85.04	32.01	35.98
248.4	84.92	31.87	35.98
248.6	84.92	31.57	35.98
248.8	84.9	31.24	35.98
249.0	84.84	30.89	35.98
249.2	84.74	30.57	35.99
249.4	84.43	30.4	35.99
249.6	84.05	30.31	35.99
249.8	83.67	30.26	35.99
250.0	83.35	30.22	35.99
250.2	83.21	30.17	35.99
250.4	83.31	30.07	35.99
250.6	83.48	29.99	35.99
250.8	83.71	29.91	35.99
251.0	83.95	29.84	35.99
251.2	84.17	29.82	36.0
251.4	84.37	29.8	36.0
251.6	84.54	29.79	36.0
251.8	84.66	29.78	36.0
252.0	84.73	29.79	36.0
252.2	84.72	29.78	36.0
252.4	84.62	29.76	36.0
252.6	84.41	29.7	36.0
252.8	83.94	29.55	36.0
253.0	83.22	29.31	36.0
253.2	82.46	29.07	36.01
253.4	81.72	28.86	36.01
253.6	81.08	28.71	36.01
253.8	80.79	28.77	36.01
254.0	80.65	28.9	36.01
254.2	80.66	29.11	36.01
254.4	80.82	29.37	36.01
254.6	81.2	29.74	36.01
254.8	81.72	30.14	36.01
255.0	82.3	30.54	36.01
255.2	82.91	30.89	36.02
255.4	83.41	31.07	36.02
255.6	83.87	31.15	36.02
255.8	84.31	31.17	36.02
256.0	84.73	31.14	36.02
256.2	85.19	31.12	36.02
256.4	85.65	31.08	36.02
256.6	86.06	31.01	36.02
256.8	86.4	30.9	36.02
257.0	86.58	30.69	36.02
257.2	86.51	30.36	36.02
257.4	86.38	30.02	36.02
257.6	86.23	29.71	36.02
257.8	86.1	29.44	36.03
258.0	86.15	29.38	36.04
258.2	86.25	29.4	36.05
258.4	86.42	29.5	36.06
258.6	86.64	29.67	36.08
258.8	86.98	29.97	36.1
259.0	87.37	30.33	36.13
259.2	87.76	30.7	36.15
259.4	88.13	31.04	36.18
259.6	88.38	31.22	36.21
259.8	88.54	31.31	36.24
260.0	88.64	31.34	36.26
260.2	88.68	31.34	36.29
260.4	88.67	31.34	36.32
260.6	88.6	31.35	36.34
260.8	88.48	31.33	36.37
261.0	88.3	31.27	36.39
261.2	88.06	31.15	36.42
261.4	87.65	30.87	36.44
261.6	87.21	30.55	36.47
261.8	86.77	30.22	36.49
262.0	86.36	29.91	36.51
262.2	86.07	29.68	36.53
262.4	85.9	29.53	36.55
262.6	85.8	29.44	36.56
262.8	85.78	29.44	36.57
263.0	85.84	29.54	36.58
263.2	86.01	29.79	36.58
263.4	86.22	30.1	36.58
263.6	86.48	30.44	36.57
263.8	86.76	30.76	36.57
264.0	87.08	31.01	36.56
264.2	87.38	31.23	36.55
264.4	87.64	31.43	36.55
264.6	87.84	31.61	36.54
264.8	87.88	31.8	36.53
265.0	87.84	31.95	36.52
265.2	87.7	32.04	36.52
265.4	87.47	32.07	36.51
265.6	87.05	31.91	36.5
265.8	86.5	31.64	36.49
266.0	85.95	31.33	36.49
266.2	85.44	31.04	36.48
266.4	85.07	30.83	36.47
266.6	84.93	30.76	36.46
266.8	84.91	30.75	36.46
267.0	84.99	30.79	36.45
267.2	85.15	30.87	36.45
267.4	85.39	30.98	36.46
267.6	85.7	31.11	36.47
267.8	86.1	31.27	36.48
268.0	86.57	31.44	36.5
268.2	87.24	31.67	36.51
268.4	87.94	31.87	36.52
268.6	88.63	32.03	36.53
268.8	89.24	32.12	36.54
269.0	89.62	31.97	36.55
269.2	89.85	31.69	36.57
269.4	89.96	31.35	36.58
269.6	89.96	30.98	36.59
269.8	89.83	30.65	36.6
270.0	89.56	30.4	36.61
270.2	89.24	30.17	36.62
270.4	88.91	29.97	36.63
270.6	88.6	29.8	36.64
270.8	88.45	29.65	36.65
271.0	88.38	29.55	36.66
271.2	88.35	29.49	36.67
271.4	88.38	29.5	36.68
271.6	88.5	29.64	36.69
271.8	88.69	29.87	36.71
272.0	88.86	30.13	36.72
272.2	88.99	30.38	36.73
272.4	88.98	30.52	36.74
272.6	88.82	30.56	36.75
272.8	88.58	30.54	36.76
273.0	88.29	30.5	36.78
273.2	87.96	30.43	36.79
273.4	87.68	30.39	36.8
273.6	87.36	30.33	36.81
273.8	86.97	30.24	36.82
274.0	86.5	30.11	36.83
274.2	85.78	29.87	36.84
274.4	84.89	29.55	36.85
274.6	84.0	29.23	36.86
274.8	83.18	28.96	36.87
275.0	82.53	28.77	36.88
275.2	82.29	28.78	36.89
275.4	82.21	28.89	36.9
275.6	82.27	29.07	36.91
275.8	82.42	29.32	36.91
276.0	82.69	29.69	36.91
276.2	83.0	30.11	36.9
276.4	83.33	30.52	36.89
276.6	83.64	30.91	36.88
276.8	83.76	31.16	36.86
277.0	83.81	31.34	36.83
277.2	83.83	31.45	36.81
277.4	83.84	31.52	36.78
277.6	83.95	31.54	36.76
277.8	84.1	31.53	36.74
278.0	84.24	31.48	36.71
278.2	84.33	31.39	36.69
278.4	84.29	31.25	36.66
278.6	84.02	31.04	36.64
278.8	83.72	30.82	36.62
279.0	83.46	30.61	36.59
279.2	83.27	30.44	36.57
279.4	83.38	30.37	36.54
279.6	83.61	30.36	36.51
279.8	83.92	30.4	36.49
280.0	84.3	30.49	36.47
280.2	84.76	30.7	36.47
280.4	85.23	30.94	36.47
280.6	85.67	31.17	36.48
280.8	86.03	31.35	36.49
281.0	86.13	31.34	36.5
281.2	86.08	31.22	36.52
281.4	85.95	31.04	36.53
281.6	85.77	30.81	36.55
281.8	85.61	30.54	36.56
282.0	85.47	30.26	36.58
282.2	85.3	29.98	36.59
282.4	85.09	29.69	36.6
282.6	84.82	29.43	36.62
282.8	84.4	29.27	36.63
283.0	83.95	29.13	36.65
283.2	83.48	29.01	36.66
283.4	83.02	28.89	36.67
283.6	82.58	28.72	36.68
283.8	82.18	28.47	36.69
284.0	81.86	28.26	36.7
284.2	81.65	28.13	36.71
284.4	81.61	28.13	36.71
284.6	81.9	28.46	36.71
284.8	82.29	28.87	36.7
285.0	82.73	29.3	36.69
285.2	83.17	29.7	36.68
285.4	83.44	29.84	36.67
285.6	83.66	29.92	36.66
285.8	83.83	29.96	36.64
286.0	83.97	29.97	36.62
286.2	84.07	30.06	36.61
286.4	84.13	30.16	36.59
286.6	84.15	30.24	36.58
286.8	84.11	30.28	36.56
287.0	83.96	30.21	36.55
287.2	83.65	29.98	36.53
287.4	83.35	29.73	36.52
287.6	83.11	29.5	36.5
287.8	82.99	29.33	36.49
