0.2	90.78	34.88	43.2
0.4	91.62	35.33	43.2
0.6	92.27	35.67	43.2
0.8	92.75	35.91	43.2
1.0	93.06	36.07	43.2
1.2	93.25	36.15	43.2
1.4	93.32	36.17	43.2
1.6	93.29	36.14	43.2
1.8	93.2	36.06	43.2
2.0	93.05	35.95	43.2
2.2	92.87	35.81	43.2
2.4	92.69	35.65	43.2
2.6	92.52	35.5	43.2
2.8	92.37	35.38	43.2
3.0	92.29	35.3	43.2
3.2	92.37	35.35	43.2
3.4	92.55	35.47	43.2
3.6	92.77	35.64	43.2
3.8	93.01	35.85	43.2
4.0	93.25	36.08	43.2
4.2	93.45	36.32	43.2
4.4	93.63	36.58	43.2
4.6	93.8	36.83	43.2
4.8	93.94	37.08	43.2
5.0	94.09	37.32	43.2
5.2	94.2	37.53	43.2
5.4	94.25	37.69	43.2
5.6	94.22	37.78	43.2
5.8	94.03	37.76	43.2
6.0	93.6	37.53	43.2
6.2	93.11	37.25	43.2
6.4	92.61	36.95	43.2
6.6	92.13	36.65	43.2
6.8	91.77	36.43	43.2
7.0	91.61	36.33	43.2
7.2	91.52	36.27	43.2
7.4	91.5	36.25	43.2
7.6	91.56	36.26	43.2
7.8	91.73	36.32	43.2
8.0	91.99	36.41	43.2
8.2	92.27	36.51	43.2
8.4	92.54	36.59	43.2
8.6	92.74	36.65	43.2
8.8	92.75	36.6	43.2
9.0	92.69	36.52	43.2
9.2	92.58	36.4	43.2
9.4	92.42	36.24	43.2
9.6	92.21	36.03	43.2
9.8	91.92	35.71	43.2
10.0	91.64	35.38	43.2
10.2	91.38	35.09	43.2
10.4	91.18	34.84	43.2
10.6	91.13	34.73	43.2
10.8	91.31	34.86	43.2
11.0	91.54	35.02	43.2
11.2	91.79	35.17	43.2
11.4	92.03	35.27	43.2
11.6	92.2	35.07	43.2
11.8	92.31	34.8	43.2
12.0	92.35	34.5	43.2
12.2	92.31	34.2	43.2
12.4	92.12	34.08	43.2
12.6	91.78	34.1	43.2
12.8	91.34	34.15	43.2
13.0	90.82	34.21	43.2
13.2	90.23	34.25	43.2
13.4	89.51	34.13	43.2
13.6	88.72	33.87	43.2
13.8	87.92	33.59	43.2
14.0	87.15	33.33	43.2
14.2	86.46	33.1	43.2
14.4	85.94	32.99	43.2
14.6	85.64	33.04	43.2
14.8	85.45	33.16	43.2
15.0	85.39	33.35	43.2
15.2	85.43	33.61	43.2
15.4	85.63	33.97	43.2
15.6	85.99	34.45	43.19
15.8	86.41	34.94	43.18
16.0	86.84	35.42	43.17
16.2	87.26	35.85	43.16
16.4	87.47	36.05	43.14
16.6	87.6	36.13	43.12
16.8	87.69	36.17	43.09
17.0	87.77	36.17	43.07
17.2	87.85	36.15	43.05
17.4	88.03	36.28	43.03
17.6	88.23	36.42	43.0
17.8	88.44	36.53	42.98
18.0	88.64	36.6	42.96
18.2	88.82	36.6	42.94
18.4	88.89	36.39	42.91
18.6	88.97	36.15	42.89
18.8	89.08	35.9	42.87
19.0	89.24	35.67	42.85
19.2	89.6	35.58	42.83
19.4	90.07	35.57	42.82
19.6	90.55	35.58	42.82
19.8	90.99	35.59	42.81
20.0	91.29	35.56	42.81
20.2	91.4	35.47	42.81
20.4	91.4	35.35	42.82
20.6	91.28	35.18	42.83
20.8	91.03	34.97	42.84
21.0	90.51	34.63	42.85
21.2	89.84	34.23	42.86
21.4	89.11	33.81	42.86
21.6	88.38	33.39	42.87
21.8	87.67	32.99	42.88
22.0	87.2	32.65	42.88
22.2	86.84	32.36	42.89
22.4	86.57	32.15	42.9
22.6	86.39	32.02	42.9
22.8	86.31	31.98	42.91
23.0	86.43	32.2	42.92
23.2	86.64	32.54	42.92
23.4	86.87	32.92	42.93
23.6	87.09	33.32	42.94
23.8	87.24	33.67	42.95
24.0	87.17	33.87	42.96
24.2	87.03	34.01	42.96
24.4	86.81	34.08	42.97
24.6	86.53	34.07	42.98
24.8	86.17	33.97	42.98
25.0	85.67	33.61	42.99
25.2	85.13	33.19	43.0
25.4	84.6	32.76	43.01
25.6	84.1	32.35	43.01
25.8	83.66	32.0	43.02
26.0	83.42	31.91	43.02
26.2	83.28	31.93	43.03
26.4	83.24	32.03	43.03
26.6	83.29	32.2	43.03
26.8	83.44	32.44	43.03
27.0	83.8	32.77	43.03
27.2	84.26	33.15	43.02
27.4	84.75	33.55	43.01
27.6	85.24	33.95	43.01
27.8	85.7	34.32	43.0
28.0	85.97	34.61	42.99
28.2	86.13	34.84	42.98
28.4	86.23	35.02	42.97
28.6	86.26	35.15	42.96
28.8	86.22	35.22	42.94
29.0	86.02	35.12	42.93
29.2	85.75	34.96	42.92
29.4	85.49	34.79	42.91
29.6	85.27	34.64	42.9
29.8	85.13	34.55	42.89
30.0	85.27	34.7	42.88
30.2	85.53	34.92	42.87
30.4	85.85	35.17	42.86
30.6	86.22	35.43	42.85
30.8	86.61	35.64	42.84
31.0	87.02	35.77	42.83
31.2	87.4	35.88	42.82
31.4	87.74	35.96	42.8
31.6	88.02	36.02	42.79
31.8	88.09	36.08	42.78
32.0	88.05	36.12	42.77
32.2	87.94	36.13	42.76
32.4	87.77	36.09	42.74
32.6	87.57	35.99	42.73
32.8	87.27	35.68	42.72
33.0	86.98	35.32	42.71
33.2	86.75	34.97	42.7
33.4	86.62	34.69	42.68
33.6	86.68	34.54	42.68
33.8	87.14	34.7	42.67
34.0	87.71	34.94	42.67
34.2	88.33	35.23	42.67
34.4	88.95	35.54	42.67
34.6	89.38	35.78	42.67
34.8	89.72	35.98	42.68
35.0	89.99	36.14	42.68
35.2	90.18	36.24	42.69
35.4	90.29	36.26	42.7
35.6	90.24	36.1	42.71
35.8	90.14	35.88	42.71
36.0	90.01	35.63	42.72
36.2	89.9	35.38	42.73
36.4	89.77	35.11	42.73
36.6	89.61	34.82	42.74
36.8	89.59	34.63	42.75
37.0	89.78	34.58	42.75
37.2	90.25	34.73	42.76
37.4	91.69	35.51	42.77
37.6	93.4	36.49	42.77
37.8	95.07	37.48	42.78
38.0	96.51	38.36	42.79
38.2	96.97	38.76	42.79
38.4	96.96	38.9	42.8
38.6	96.64	38.83	42.81
38.8	96.06	38.55	42.82
39.0	95.27	37.96	42.83
39.2	94.37	37.24	42.83
39.4	93.44	36.47	42.84
39.6	92.55	35.73	42.85
39.8	92.02	35.29	42.86
40.0	91.62	34.97	42.86
40.2	91.35	34.75	42.87
40.4	91.19	34.61	42.88
40.6	91.16	34.57	42.88
40.8	91.27	34.64	42.89
41.0	91.45	34.76	42.9
41.2	91.69	34.92	42.91
41.4	91.97	35.09	42.91
41.6	92.28	35.23	42.92
41.8	92.58	35.35	42.93
42.0	92.83	35.45	42.94
42.2	93.02	35.5	42.94
42.4	93.0	35.46	42.95
42.6	92.84	35.36	42.96
42.8	92.59	35.19	42.97
43.0	92.25	34.98	42.97
43.2	91.84	34.71	42.98
43.4	91.27	34.27	42.99
43.6	90.67	33.81	43.0
43.8	90.11	33.38	43.0
44.0	89.62	33.03	43.01
44.2	89.29	32.82	43.01
44.4	89.35	32.99	43.02
44.6	89.53	33.26	43.02
44.8	89.79	33.6	43.03
45.0	90.11	33.96	43.03
45.2	90.43	34.27	43.03
45.4	90.73	34.5	43.03
45.6	91.0	34.7	43.03
45.8	91.21	34.85	43.03
46.0	91.33	34.95	43.03
46.2	91.17	34.94	43.03
46.4	90.92	34.88	43.03
46.6	90.6	34.78	43.02
46.8	90.24	34.66	43.02
47.0	89.86	34.52	43.02
47.2	89.47	34.39	43.02
47.4	89.11	34.27	43.02
47.6	88.81	34.16	43.02
47.8	88.59	34.07	43.02
48.0	88.53	34.02	43.02
48.2	88.74	34.04	43.02
48.4	89.03	34.08	43.01
48.6	89.36	34.15	43.01
48.8	89.69	34.24	43.01
49.0	89.93	34.37	43.01
49.2	90.1	34.51	43.01
49.4	90.24	34.65	43.01
49.6	90.33	34.76	43.01
49.8	90.37	34.8	43.01
50.0	90.33	34.72	43.01
50.2	90.26	34.61	43.01
50.4	90.15	34.49	43.01
50.6	90.01	34.37	43.01
50.8	89.81	34.31	43.01
51.0	89.54	34.33	43.01
51.2	89.32	34.37	43.01
51.4	89.17	34.43	43.01
51.6	89.15	34.51	43.01
51.8	89.45	34.59	43.01
52.0	90.01	34.68	43.01
52.2	90.65	34.79	43.02
52.4	91.31	34.91	43.02
52.6	91.91	35.06	43.02
52.8	92.35	35.25	43.02
53.0	92.72	35.45	43.02
53.2	93.02	35.64	43.02
53.4	93.23	35.81	43.02
53.6	93.27	35.92	43.02
53.8	93.22	36.0	43.02
54.0	93.11	36.04	43.02
54.2	92.95	36.06	43.02
54.4	92.76	36.06	43.02
54.6	92.55	36.02	43.02
54.8	92.35	35.96	43.02
55.0	92.16	35.89	43.02
55.2	92.0	35.82	43.02
55.4	91.93	35.74	43.02
55.6	91.98	35.67	43.02
55.8	92.07	35.61	43.02
56.0	92.2	35.57	43.02
56.2	92.34	35.57	43.02
56.4	92.55	35.71	43.02
56.6	92.75	35.88	43.01
56.8	92.88	36.04	43.0
57.0	92.91	36.15	42.99
57.2	92.71	36.11	42.98
57.4	92.13	35.82	42.97
57.6	91.42	35.45	42.95
57.8	90.63	35.02	42.93
58.0	89.79	34.55	42.91
58.2	88.97	34.08	42.89
58.4	88.23	33.64	42.88
58.6	87.56	33.23	42.86
58.8	86.96	32.88	42.84
59.0	86.48	32.61	42.82
59.2	86.13	32.44	42.81
59.4	86.12	32.54	42.8
59.6	86.29	32.78	42.79
59.8	86.56	33.1	42.78
60.0	86.92	33.49	42.78
60.2	87.33	33.92	42.78
60.4	87.79	34.4	42.79
60.6	88.26	34.88	42.8
60.8	88.7	35.34	42.82
61.0	89.09	35.74	42.84
61.2	89.39	36.07	42.86
61.4	89.39	36.13	42.88
61.6	89.27	36.09	42.89
61.8	89.06	35.96	42.91
62.0	88.79	35.79	42.92
62.2	88.47	35.58	42.94
62.4	88.1	35.34	42.95
62.6	87.73	35.11	42.97
62.8	87.4	34.91	42.98
63.0	87.14	34.77	43.0
63.2	86.99	34.72	43.01
63.4	87.18	35.01	43.03
63.6	87.48	35.37	43.05
63.8	87.84	35.76	43.07
64.0	88.24	36.13	43.09
64.2	88.6	36.37	43.11
64.4	88.91	36.44	43.12
64.6	89.17	36.44	43.14
64.8	89.39	36.41	43.16
65.0	89.55	36.35	43.18
65.2	89.59	36.33	43.2
65.4	89.53	36.33	43.21
65.6	89.41	36.33	43.23
65.8	89.23	36.31	43.25
66.0	89.0	36.28	43.26
66.2	88.64	36.19	43.28
66.4	88.19	36.04	43.29
66.6	87.78	35.91	43.31
66.8	87.44	35.79	43.33
67.0	87.22	35.71	43.34
67.2	87.37	35.76	43.36
67.4	87.8	35.91	43.38
67.6	88.31	36.08	43.4
67.8	88.85	36.26	43.43
68.0	89.33	36.44	43.45
68.2	89.54	36.53	43.47
68.4	89.68	36.61	43.49
68.6	89.75	36.66	43.52
68.8	89.74	36.7	43.54
69.0	89.69	36.74	43.56
69.2	89.59	36.79	43.58
69.4	89.44	36.81	43.6
69.6	89.23	36.79	43.62
69.8	88.97	36.71	43.64
70.0	88.6	36.48	43.66
70.2	88.12	36.1	43.68
70.4	87.64	35.71	43.69
70.6	87.22	35.36	43.71
70.8	86.89	35.09	43.73
71.0	86.88	35.16	43.76
71.2	87.05	35.42	43.78
71.4	87.3	35.75	43.8
71.6	87.57	36.09	43.83
71.8	87.81	36.39	43.85
72.0	87.92	36.51	43.87
72.2	87.98	36.57	43.89
72.4	87.98	36.58	43.91
72.6	87.91	36.55	43.93
72.8	87.73	36.45	43.96
73.0	87.36	36.29	43.98
73.2	86.94	36.1	44.0
73.4	86.49	35.88	44.02
73.6	86.03	35.66	44.04
73.8	85.58	35.42	44.06
74.0	85.15	35.15	44.08
74.2	84.79	34.92	44.09
74.4	84.54	34.74	44.11
74.6	84.43	34.66	44.12
74.8	84.52	34.7	44.13
75.0	85.13	35.11	44.13
75.2	85.87	35.59	44.13
75.4	86.67	36.12	44.13
75.6	87.47	36.65	44.12
75.8	88.06	37.06	44.11
76.0	88.44	37.32	44.09
76.2	88.73	37.53	44.08
76.4	88.93	37.69	44.06
76.6	89.07	37.82	44.04
76.8	89.15	37.97	44.02
77.0	89.18	38.09	44.0
77.2	89.17	38.17	43.99
77.4	89.1	38.19	43.97
77.6	88.99	38.15	43.95
77.8	88.71	37.87	43.94
78.0	88.4	37.5	43.92
78.2	88.15	37.15	43.9
78.4	88.0	36.85	43.89
78.6	88.02	36.66	43.87
78.8	88.52	36.82	43.85
79.0	89.15	37.08	43.84
79.2	89.86	37.4	43.82
79.4	90.6	37.75	43.8
79.6	91.3	38.08	43.78
79.8	91.93	38.39	43.77
80.0	92.46	38.66	43.75
80.2	92.85	38.87	43.73
80.4	92.88	38.9	43.72
80.6	92.66	38.82	43.7
80.8	92.3	38.67	43.68
81.0	91.85	38.45	43.67
81.2	91.36	38.2	43.65
81.4	90.99	37.96	43.63
81.6	90.61	37.69	43.62
81.8	90.22	37.4	43.6
82.0	89.82	37.08	43.58
82.2	89.4	36.73	43.56
82.4	88.87	36.28	43.55
82.6	88.37	35.83	43.53
82.8	87.91	35.42	43.51
83.0	87.53	35.07	43.5
83.2	87.28	34.81	43.48
83.4	87.3	34.79	43.46
83.6	87.44	34.86	43.45
83.8	87.67	35.0	43.43
84.0	87.98	35.22	43.41
84.2	88.36	35.5	43.4
84.4	88.8	35.85	43.38
84.6	89.25	36.21	43.36
84.8	89.7	36.56	43.34
85.0	90.12	36.89	43.32
85.2	90.37	37.07	43.3
85.4	90.56	37.19	43.29
85.6	90.71	37.26	43.27
85.8	90.82	37.29	43.25
86.0	90.91	37.27	43.23
86.2	90.96	37.15	43.21
86.4	91.0	37.0	43.19
86.6	91.07	36.87	43.17
86.8	91.19	36.76	43.15
87.0	91.36	36.71	43.13
87.2	91.73	36.83	43.11
87.4	92.16	37.02	43.09
87.6	92.62	37.27	43.07
87.8	93.09	37.58	43.06
88.0	93.55	38.02	43.04
88.2	93.99	38.51	43.02
88.4	94.38	38.97	43.0
88.6	94.7	39.37	42.98
88.8	94.86	39.53	42.96
89.0	94.86	39.45	42.94
89.2	94.78	39.27	42.92
89.4	94.64	39.02	42.9
89.6	94.45	38.71	42.88
89.8	94.2	38.42	42.86
90.0	93.94	38.14	42.85
90.2	93.69	37.87	42.83
90.4	93.47	37.61	42.81
90.6	93.29	37.37	42.79
90.8	93.3	37.21	42.77
91.0	93.38	37.08	42.75
91.2	93.5	37.0	42.73
91.4	93.66	36.95	42.71
91.6	93.86	36.98	42.69
91.8	94.09	37.07	42.68
92.0	94.31	37.16	42.66
92.2	94.5	37.24	42.64
92.4	94.64	37.28	42.62
92.6	94.68	37.18	42.61
92.8	94.66	37.05	42.6
93.0	94.57	36.88	42.58
93.2	94.41	36.68	42.57
93.4	94.11	36.44	42.55
93.6	93.66	36.18	42.54
93.8	93.2	35.92	42.53
94.0	92.75	35.68	42.51
94.2	92.36	35.47	42.5
94.4	92.09	35.3	42.48
94.6	91.96	35.2	42.47
94.8	91.98	35.17	42.45
95.0	92.15	35.24	42.44
95.2	92.56	35.46	42.43
95.4	93.36	35.97	42.41
95.6	94.28	36.53	42.4
95.8	95.22	37.07	42.38
96.0	96.1	37.52	42.37
96.2	96.75	37.7	42.36
96.4	97.27	37.76	42.34
96.6	97.65	37.73	42.33
96.8	97.85	37.6	42.31
97.0	97.75	37.36	42.3
97.2	97.52	37.07	42.28
97.4	97.2	36.75	42.27
97.6	96.84	36.43	42.26
97.8	96.57	36.19	42.24
98.0	96.36	36.0	42.23
98.2	96.17	35.84	42.21
98.4	95.99	35.71	42.2
98.6	95.85	35.6	42.18
98.8	95.77	35.53	42.17
99.0	95.7	35.48	42.16
99.2	95.65	35.43	42.14
99.4	95.6	35.38	42.13
99.6	95.49	35.28	42.11
99.8	95.3	35.12	42.1
100.0	95.16	34.99	42.08
100.2	95.09	34.91	42.07
100.4	95.14	34.91	42.06
100.6	95.58	35.2	42.05
100.8	96.12	35.55	42.04
101.0	96.69	35.89	42.04
101.2	97.21	36.17	42.04
101.4	97.45	36.18	42.05
101.6	97.56	36.06	42.07
101.8	97.6	35.86	42.1
102.0	97.59	35.61	42.12
102.2	97.61	35.37	42.14
102.4	97.66	35.16	42.16
102.6	97.68	34.92	42.18
102.8	97.65	34.66	42.2
103.0	97.55	34.37	42.22
103.2	97.13	33.9	42.24
103.4	96.71	33.45	42.26
103.6	96.39	33.07	42.28
103.8	96.22	32.82	42.29
104.0	96.54	32.94	42.31
104.2	97.15	33.26	42.34
104.4	97.92	33.69	42.36
104.6	98.79	34.18	42.38
104.8	99.76	34.64	42.4
105.0	100.74	35.07	42.42
105.2	101.64	35.48	42.44
105.4	102.4	35.84	42.45
105.6	102.78	36.14	42.47
105.8	102.78	36.36	42.49
106.0	102.64	36.51	42.51
106.2	102.4	36.6	42.53
106.4	102.15	36.57	42.55
106.6	101.95	36.45	42.57
106.8	101.75	36.3	42.59
107.0	101.6	36.16	42.6
107.2	101.63	36.15	42.63
107.4	101.74	36.2	42.65
107.6	101.81	36.23	42.67
107.8	101.76	36.21	42.69
108.0	101.36	36.01	42.71
108.2	100.86	35.76	42.74
108.4	100.32	35.49	42.76
108.6	99.83	35.23	42.78
108.8	99.53	35.05	42.8
109.0	99.25	34.88	42.82
109.2	98.98	34.72	42.84
109.4	98.69	34.56	42.86
109.6	98.16	34.32	42.88
109.8	97.59	34.07	42.9
110.0	97.09	33.87	42.92
110.2	96.73	33.73	42.94
110.4	96.78	33.77	42.95
110.6	97.23	33.97	42.96
110.8	97.75	34.22	42.97
111.0	98.24	34.48	42.98
111.2	98.41	34.65	42.98
111.4	98.25	34.71	42.98
111.6	97.98	34.75	42.98
111.8	97.65	34.78	42.97
112.0	97.39	34.87	42.97
112.2	97.22	35.02	42.97
112.4	97.05	35.15	42.96
112.6	96.86	35.26	42.96
112.8	96.64	35.31	42.95
113.0	96.18	35.1	42.95
113.2	95.74	34.86	42.95
113.4	95.35	34.63	42.94
113.6	95.07	34.44	42.94
113.8	95.1	34.43	42.93
114.0	95.4	34.58	42.93
114.2	95.81	34.8	42.93
114.4	96.27	35.08	42.92
114.6	96.71	35.42	42.92
114.8	97.08	35.83	42.92
115.0	97.39	36.22	42.92
115.2	97.62	36.56	42.92
115.4	97.72	36.77	42.92
115.6	97.57	36.73	42.93
115.8	97.34	36.61	42.93
116.0	97.06	36.43	42.93
116.2	96.77	36.22	42.93
116.4	96.62	36.12	42.93
116.6	96.54	36.04	42.94
116.8	96.47	35.96	42.94
117.0	96.41	35.86	42.94
117.2	96.33	35.71	42.94
117.4	96.09	35.36	42.94
117.6	95.88	35.03	42.95
117.8	95.74	34.76	42.95
118.0	95.69	34.61	42.95
118.2	95.98	34.87	42.95
118.4	96.44	35.33	42.96
118.6	96.94	35.83	42.96
118.8	97.43	36.32	42.96
119.0	97.74	36.56	42.96
119.2	97.9	36.6	42.96
119.4	97.99	36.58	42.97
119.6	98.03	36.5	42.97
119.8	98.04	36.43	42.97
120.0	98.02	36.44	42.97
120.2	97.98	36.43	42.98
120.4	97.91	36.4	42.98
120.6	97.81	36.35	42.98
120.8	97.62	36.15	42.98
121.0	97.41	35.91	42.98
121.2	97.25	35.7	42.99
121.4	97.18	35.55	42.99
121.6	97.42	35.65	42.99
121.8	97.95	36.01	42.99
122.0	98.51	36.38	42.99
122.2	98.99	36.72	43.0
122.4	99.12	36.81	43.0
122.6	98.79	36.59	43.0
122.8	98.32	36.27	43.0
123.0	97.76	35.88	43.01
123.2	97.2	35.48	43.01
123.4	96.9	35.23	43.01
123.6	96.62	35.0	43.01
123.8	96.36	34.77	43.02
124.0	96.11	34.53	43.02
124.2	95.82	34.26	43.02
124.4	95.42	33.87	43.02
124.6	95.04	33.51	43.02
124.8	94.73	33.2	43.03
125.0	94.5	32.96	43.03
125.2	94.5	32.92	43.03
125.4	94.71	33.06	43.03
125.6	95.0	33.28	43.03
125.8	95.31	33.58	43.03
126.0	95.6	33.93	43.03
126.2	95.78	34.32	43.02
126.4	95.92	34.72	43.0
126.6	96.02	35.11	42.99
126.8	96.08	35.46	42.97
127.0	96.07	35.71	42.95
127.2	96.0	35.88	42.93
127.4	95.89	35.98	42.91
127.6	95.74	36.0	42.89
127.8	95.51	35.91	42.87
128.0	95.11	35.59	42.86
128.2	94.74	35.26	42.84
128.4	94.47	35.0	42.82
128.6	94.34	34.85	42.8
128.8	94.77	35.23	42.78
129.0	95.38	35.77	42.76
129.2	96.05	36.34	42.74
129.4	96.68	36.87	42.72
129.6	96.94	37.0	42.71
129.8	97.03	36.95	42.69
130.0	97.02	36.82	42.67
130.2	96.96	36.66	42.65
130.4	96.89	36.57	42.63
130.6	96.87	36.63	42.61
130.8	96.82	36.69	42.59
131.0	96.74	36.73	42.57
131.2	96.64	36.72	42.55
131.4	96.43	36.54	42.54
131.6	96.19	36.28	42.52
131.8	95.94	35.99	42.5
132.0	95.72	35.69	42.48
132.2	95.6	35.44	42.46
132.4	95.62	35.26	42.44
132.6	95.66	35.11	42.42
132.8	95.68	34.98	42.41
133.0	95.64	34.87	42.39
133.2	95.45	34.8	42.38
133.4	95.19	34.74	42.37
133.6	94.85	34.67	42.36
133.8	94.43	34.58	42.35
134.0	93.87	34.43	42.34
134.2	93.15	34.19	42.33
134.4	92.4	33.95	42.32
134.6	91.66	33.72	42.31
134.8	90.98	33.51	42.3
135.0	90.5	33.39	42.29
135.2	90.23	33.36	42.28
135.4	90.05	33.39	42.27
135.6	89.96	33.47	42.26
135.8	89.95	33.62	42.25
136.0	90.03	33.89	42.24
136.2	90.16	34.25	42.23
136.4	90.32	34.61	42.22
136.6	90.47	34.97	42.21
136.8	90.58	35.27	42.2
137.0	90.55	35.4	42.19
137.2	90.48	35.46	42.19
137.4	90.35	35.48	42.18
137.6	90.19	35.45	42.17
137.8	89.96	35.39	42.16
138.0	89.59	35.24	42.15
138.2	89.23	35.1	42.14
138.4	88.93	35.0	42.13
138.6	88.75	34.95	42.13
138.8	88.82	35.07	42.12
139.0	89.22	35.38	42.11
139.2	89.73	35.74	42.1
139.4	90.31	36.14	42.09
139.6	90.93	36.55	42.08
139.8	91.55	36.92	42.07
140.0	92.12	37.24	42.06
140.2	92.61	37.51	42.06
140.4	92.96	37.69	42.05
140.6	92.88	37.66	42.04
140.8	92.65	37.54	42.03
141.0	92.32	37.35	42.02
141.2	91.94	37.1	42.01
141.4	91.65	36.83	42.0
141.6	91.45	36.56	42.0
141.8	91.26	36.27	41.99
142.0	91.09	35.99	41.98
142.2	90.93	35.73	41.97
142.4	90.79	35.55	41.96
142.6	90.66	35.41	41.95
142.8	90.53	35.29	41.94
143.0	90.4	35.17	41.94
143.2	90.27	35.04	41.93
143.4	89.97	34.77	41.92
143.6	89.69	34.5	41.91
143.8	89.49	34.29	41.9
144.0	89.42	34.16	41.89
144.2	89.64	34.22	41.88
144.4	90.23	34.54	41.87
144.6	90.94	34.94	41.86
144.8	91.69	35.37	41.85
145.0	92.4	35.8	41.85
145.2	92.95	36.15	41.86
145.4	93.43	36.45	41.86
145.6	93.84	36.68	41.87
145.8	94.17	36.83	41.89
146.0	94.37	36.77	41.89
146.2	94.48	36.6	41.9
146.4	94.53	36.35	41.91
146.6	94.52	36.02	41.92
146.8	94.41	35.6	41.93
147.0	94.16	35.07	41.93
147.2	93.96	34.55	41.94
147.4	93.87	34.1	41.95
147.6	93.97	33.77	41.96
147.8	94.66	33.85	41.97
148.0	95.57	34.07	41.98
148.2	96.56	34.36	41.99
148.4	97.57	34.66	41.99
148.6	98.42	34.84	42.0
148.8	99.15	34.95	42.01
149.0	99.75	34.98	42.02
149.2	100.18	34.91	42.03
149.4	100.28	34.63	42.04
149.6	100.11	34.19	42.05
149.8	99.8	33.68	42.06
150.0	99.39	33.14	42.07
150.2	98.93	32.61	42.08
150.4	98.52	32.22	42.08
150.6	98.12	31.87	42.09
150.8	97.76	31.57	42.1
151.0	97.46	31.32	42.11
151.2	97.3	31.15	42.12
151.4	97.34	31.07	42.13
151.6	97.43	31.04	42.13
151.8	97.55	31.06	42.14
152.0	97.68	31.14	42.15
152.2	97.71	31.33	42.16
152.4	97.72	31.54	42.17
152.6	97.69	31.75	42.18
152.8	97.61	31.96	42.18
153.0	97.47	32.08	42.19
153.2	97.25	32.1	42.2
153.4	96.98	32.08	42.21
153.6	96.66	32.02	42.22
153.8	96.29	31.94	42.22
154.0	95.78	31.8	42.23
154.2	95.19	31.63	42.24
154.4	94.64	31.48	42.25
154.6	94.17	31.39	42.25
154.8	93.82	31.37	42.26
155.0	93.95	31.62	42.27
155.2	94.21	31.95	42.28
155.4	94.54	32.32	42.29
155.6	94.88	32.7	42.29
155.8	95.07	33.04	42.3
156.0	95.15	33.32	42.31
156.2	95.15	33.55	42.32
156.4	95.1	33.73	42.33
156.6	94.96	33.83	42.33
156.8	94.69	33.74	42.34
157.0	94.37	33.59	42.35
157.2	94.01	33.4	42.36
157.4	93.64	33.19	42.37
157.6	93.24	32.97	42.37
157.8	92.82	32.77	42.38
158.0	92.47	32.61	42.39
158.2	92.22	32.53	42.39
158.4	92.1	32.55	42.4
158.6	92.37	32.88	42.41
158.8	92.87	33.38	42.43
159.0	93.45	33.92	42.44
159.2	94.03	34.44	42.46
159.4	94.49	34.78	42.47
159.6	94.75	34.89	42.49
159.8	94.92	34.91	42.5
160.0	95.01	34.88	42.52
160.2	94.99	34.82	42.54
160.4	94.84	34.83	42.55
160.6	94.61	34.82	42.57
160.8	94.33	34.78	42.58
161.0	94.03	34.69	42.6
161.2	93.7	34.49	42.61
161.4	93.37	34.15	42.63
161.6	93.08	33.81	42.64
161.8	92.86	33.51	42.65
162.0	92.75	33.29	42.67
162.2	92.94	33.38	42.68
162.4	93.29	33.61	42.68
162.6	93.7	33.9	42.69
162.8	94.13	34.23	42.69
163.0	94.5	34.5	42.69
163.2	94.77	34.72	42.69
163.4	94.99	34.89	42.68
163.6	95.12	35.0	42.68
163.8	95.13	35.02	42.68
164.0	94.95	34.89	42.67
164.2	94.68	34.69	42.67
164.4	94.34	34.45	42.66
164.6	93.96	34.19	42.66
164.8	93.52	33.89	42.65
165.0	93.05	33.6	42.65
165.2	92.63	33.35	42.65
165.4	92.3	33.16	42.64
165.6	92.11	33.06	42.64
165.8	92.33	33.26	42.63
166.0	92.68	33.54	42.63
166.2	93.11	33.87	42.62
166.4	93.56	34.22	42.62
166.6	93.95	34.5	42.61
166.8	94.28	34.73	42.61
167.0	94.54	34.93	42.61
167.2	94.72	35.07	42.6
167.4	94.73	35.13	42.6
167.6	94.57	35.09	42.59
167.8	94.32	35.0	42.59
168.0	94.01	34.86	42.58
168.2	93.66	34.67	42.58
168.4	93.28	34.4	42.57
168.6	92.9	34.11	42.57
168.8	92.57	33.83	42.57
169.0	92.32	33.59	42.56
169.2	92.25	33.44	42.56
169.4	92.44	33.42	42.55
169.6	92.71	33.47	42.55
169.8	93.04	33.58	42.54
170.0	93.4	33.75	42.54
170.2	93.74	34.02	42.54
170.4	94.05	34.31	42.53
170.6	94.31	34.59	42.53
170.8	94.49	34.82	42.53
171.0	94.42	34.86	42.53
171.2	94.22	34.78	42.53
171.4	93.96	34.65	42.53
171.6	93.66	34.49	42.53
171.8	93.36	34.31	42.53
172.0	93.08	34.11	42.53
172.2	92.86	33.95	42.53
172.4	92.73	33.85	42.53
172.6	92.73	33.84	42.53
172.8	92.99	34.03	42.53
173.0	93.47	34.39	42.53
173.2	94.09	34.83	42.53
173.4	94.8	35.35	42.53
173.6	95.65	35.96	42.53
173.8	96.59	36.62	42.53
174.0	97.51	37.26	42.53
174.2	98.35	37.81	42.53
174.4	98.95	38.15	42.53
174.6	99.22	38.19	42.53
174.8	99.38	38.13	42.53
175.0	99.47	37.98	42.53
175.2	99.54	37.79	42.53
175.4	99.71	37.62	42.53
175.6	99.91	37.45	42.53
175.8	100.14	37.31	42.52
176.0	100.43	37.19	42.52
176.2	100.85	37.19	42.52
176.4	101.37	37.27	42.52
176.6	101.9	37.38	42.52
176.8	102.41	37.5	42.52
177.0	102.82	37.6	42.52
177.2	103.11	37.67	42.52
177.4	103.32	37.71	42.52
177.6	103.45	37.71	42.52
177.8	103.48	37.66	42.52
178.0	103.37	37.54	42.52
178.2	103.19	37.36	42.52
178.4	102.96	37.12	42.52
178.6	102.68	36.83	42.52
178.8	102.36	36.39	42.52
179.0	102.02	35.87	42.52
179.2	101.69	35.34	42.52
179.4	101.4	34.86	42.52
179.6	101.17	34.47	42.52
179.8	101.17	34.36	42.52
180.0	101.22	34.36	42.52
180.2	101.31	34.45	42.53
180.4	101.4	34.6	42.53
180.6	101.38	34.82	42.53
180.8	101.31	35.08	42.54
181.0	101.22	35.34	42.54
181.2	101.12	35.59	42.55
181.4	101.05	35.77	42.55
181.6	101.06	35.85	42.56
181.8	101.05	35.88	42.56
182.0	101.0	35.85	42.56
182.2	100.9	35.76	42.57
182.4	100.55	35.52	42.57
182.6	100.04	35.19	42.58
182.8	99.59	34.88	42.58
183.0	99.24	34.65	42.58
183.2	99.2	34.63	42.59
183.4	99.69	34.96	42.59
183.6	100.28	35.37	42.6
183.8	100.91	35.8	42.6
184.0	101.4	36.14	42.61
184.2	101.51	36.2	42.61
184.4	101.51	36.2	42.62
184.6	101.45	36.16	42.62
184.8	101.34	36.12	42.62
185.0	101.32	36.2	42.63
185.2	101.31	36.31	42.63
185.4	101.29	36.43	42.64
185.6	101.27	36.55	42.64
185.8	101.24	36.64	42.64
186.0	101.2	36.68	42.65
186.2	101.17	36.72	42.65
186.4	101.15	36.76	42.66
186.6	101.18	36.84	42.66
186.8	101.32	37.01	42.67
187.0	101.45	37.17	42.67
187.2	101.53	37.3	42.68
187.4	101.49	37.38	42.68
187.6	101.2	37.31	42.68
187.8	100.81	37.19	42.69
188.0	100.37	37.03	42.69
188.2	99.91	36.85	42.7
188.4	99.47	36.65	42.7
188.6	99.08	36.45	42.7
188.8	98.73	36.28	42.71
189.0	98.45	36.14	42.71
189.2	98.24	36.06	42.72
189.4	98.25	36.14	42.72
189.6	98.33	36.28	42.73
189.8	98.48	36.44	42.73
190.0	98.67	36.61	42.74
190.2	98.88	36.74	42.75
190.4	99.11	36.84	42.77
190.6	99.34	36.94	42.78
190.8	99.56	37.04	42.8
191.0	99.75	37.18	42.81
191.2	99.91	37.33	42.83
191.4	100.03	37.48	42.84
191.6	100.09	37.6	42.85
191.8	100.03	37.67	42.87
192.0	99.66	37.59	42.88
192.2	99.35	37.53	42.89
192.4	99.2	37.51	42.9
192.6	99.32	37.57	42.92
192.8	100.31	37.89	42.93
193.0	101.55	38.3	42.94
193.2	102.92	38.79	42.96
193.4	104.32	39.37	42.97
193.6	105.68	40.09	42.98
193.8	106.79	40.74	43.0
194.0	107.5	41.22	43.01
194.2	107.19	41.21	43.02
194.4	106.14	40.83	43.04
194.6	104.92	40.33	43.06
194.8	103.98	39.87	43.07
195.0	103.99	39.71	43.09
195.2	104.21	39.59	43.1
195.4	104.53	39.48	43.11
195.6	104.72	39.3	43.13
195.8	104.38	38.92	43.14
196.0	104.05	38.57	43.15
196.2	103.8	38.28	43.17
196.4	103.91	38.22	43.18
196.6	104.62	38.53	43.2
196.8	105.35	38.87	43.21
197.0	105.93	39.15	43.22
197.2	105.82	39.08	43.23
197.4	105.19	38.74	43.24
197.6	104.4	38.28	43.24
197.8	103.58	37.77	43.23
198.0	103.28	37.36	43.21
198.2	103.12	36.97	43.19
198.4	103.02	36.57	43.17
198.6	102.94	36.18	43.14
198.8	102.72	35.72	43.11
199.0	102.3	35.19	43.08
199.2	101.88	34.72	43.06
199.4	101.5	34.35	43.03
199.6	101.21	34.1	43.0
199.8	101.27	34.31	42.98
200.0	101.41	34.62	42.95
200.2	101.55	34.98	42.93
200.4	101.66	35.33	42.9
200.6	101.55	35.44	42.87
200.8	101.34	35.46	42.85
201.0	101.04	35.42	42.82
201.2	100.65	35.3	42.8
201.4	100.13	35.07	42.77
201.6	99.52	34.78	42.74
201.8	98.85	34.45	42.72
202.0	98.13	34.11	42.69
202.2	97.38	33.78	42.67
202.4	96.6	33.52	42.64
202.6	95.84	33.29	42.61
202.8	95.11	33.11	42.58
203.0	94.45	32.99	42.56
203.2	93.91	32.95	42.54
203.4	93.63	33.07	42.52
203.6	93.43	33.24	42.51
203.8	93.27	33.45	42.5
204.0	93.12	33.67	42.49
204.2	92.87	33.85	42.5
204.4	92.5	33.98	42.52
204.6	92.09	34.1	42.54
204.8	91.68	34.21	42.56
205.0	91.28	34.31	42.59
205.2	90.87	34.38	42.62
205.4	90.49	34.43	42.64
205.6	90.16	34.49	42.65
205.8	89.91	34.58	42.67
206.0	89.75	34.71	42.69
206.2	89.76	34.92	42.71
206.4	90.04	35.26	42.73
206.6	90.39	35.63	42.75
206.8	90.78	36.02	42.77
207.0	91.16	36.39	42.79
207.2	91.44	36.72	42.82
207.4	91.66	37.0	42.84
207.6	91.82	37.24	42.87
207.8	91.93	37.42	42.89
208.0	91.92	37.49	42.91
208.2	91.81	37.46	42.94
208.4	91.67	37.38	42.96
208.6	91.49	37.25	42.98
208.8	91.31	37.1	43.0
209.0	91.17	36.96	43.02
209.2	91.05	36.81	43.05
209.4	90.97	36.67	43.06
209.6	90.94	36.54	43.08
209.8	90.96	36.42	43.1
210.0	91.15	36.35	43.12
210.2	91.39	36.3	43.14
210.4	91.67	36.28	43.15
210.6	91.97	36.31	43.16
210.8	92.29	36.46	43.16
211.0	92.61	36.68	43.15
211.2	92.89	36.89	43.15
211.4	93.11	37.06	43.13
211.6	93.2	37.08	43.12
211.8	93.08	36.83	43.1
212.0	92.88	36.51	43.08
212.2	92.61	36.15	43.05
212.4	92.29	35.77	43.03
212.6	91.91	35.47	43.0
212.8	91.47	35.28	42.98
213.0	91.07	35.14	42.96
213.2	90.73	35.05	42.94
213.4	90.49	35.02	42.91
213.6	90.51	35.09	42.89
213.8	90.78	35.24	42.87
214.0	91.14	35.43	42.84
214.2	91.58	35.64	42.82
214.4	92.05	35.84	42.8
214.6	92.51	35.99	42.79
214.8	92.95	36.12	42.78
215.0	93.35	36.22	42.78
215.2	93.67	36.29	42.77
215.4	93.83	36.32	42.77
215.6	93.8	36.31	42.77
215.8	93.69	36.26	42.77
216.0	93.5	36.17	42.77
216.2	93.25	36.05	42.77
216.4	92.85	35.84	42.77
216.6	92.43	35.6	42.77
216.8	92.07	35.36	42.77
217.0	91.81	35.15	42.77
217.2	91.83	35.02	42.77
217.4	92.34	35.04	42.77
217.6	92.94	35.1	42.76
217.8	93.55	35.18	42.76
218.0	94.08	35.25	42.76
218.2	94.15	35.26	42.76
218.4	94.08	35.24	42.76
218.6	93.9	35.2	42.76
218.8	93.65	35.14	42.76
219.0	93.39	35.03	42.76
219.2	93.13	34.89	42.76
219.4	92.84	34.73	42.76
219.6	92.53	34.54	42.76
219.8	92.22	34.32	42.76
220.0	91.84	33.99	42.76
220.2	91.46	33.62	42.76
220.4	91.14	33.3	42.76
220.6	90.93	33.07	42.76
220.8	90.85	32.96	42.76
221.0	91.18	33.24	42.76
221.2	91.66	33.68	42.76
221.4	92.2	34.19	42.76
221.6	92.74	34.73	42.76
221.8	93.13	35.19	42.76
222.0	93.39	35.59	42.76
222.2	93.59	35.93	42.76
222.4	93.73	36.2	42.76
222.6	93.82	36.38	42.76
222.8	93.86	36.42	42.76
223.0	93.84	36.39	42.76
223.2	93.77	36.3	42.75
223.4	93.64	36.15	42.75
223.6	93.41	35.96	42.75
223.8	93.08	35.74	42.75
224.0	92.72	35.5	42.75
224.2	92.34	35.25	42.75
224.4	91.95	35.0	42.75
224.6	91.53	34.72	42.75
224.8	91.11	34.45	42.75
225.0	90.77	34.22	42.75
225.2	90.56	34.07	42.75
225.4	90.5	34.01	42.75
225.6	91.03	34.27	42.75
225.8	91.77	34.67	42.75
226.0	92.53	35.1	42.75
226.2	93.22	35.51	42.74
226.4	93.62	35.81	42.74
226.6	93.35	35.83	42.74
226.8	92.91	35.77	42.73
227.0	92.37	35.65	42.73
227.2	91.8	35.49	42.72
227.4	91.45	35.31	42.72
227.6	91.24	35.12	42.71
227.8	91.04	34.93	42.71
228.0	90.84	34.76	42.7
228.2	90.6	34.62	42.7
228.4	90.2	34.59	42.7
228.6	89.77	34.58	42.69
228.8	89.32	34.59	42.69
229.0	88.85	34.61	42.68
229.2	88.36	34.59	42.68
229.4	87.76	34.42	42.67
229.6	87.22	34.27	42.67
229.8	86.8	34.18	42.66
230.0	86.53	34.17	42.66
230.2	86.58	34.38	42.65
230.4	87.17	34.94	42.65
230.6	87.86	35.55	42.64
230.8	88.57	36.17	42.64
231.0	89.21	36.72	42.64
231.2	89.37	36.97	42.63
231.4	89.39	37.09	42.63
231.6	89.29	37.11	42.62
231.8	89.1	37.01	42.62
232.0	88.85	36.77	42.62
232.2	88.55	36.39	42.61
232.4	88.22	35.97	42.61
232.6	87.87	35.53	42.6
232.8	87.5	35.11	42.6
233.0	87.1	34.82	42.6
233.2	86.72	34.62	42.59
233.4	86.4	34.47	42.59
233.6	86.17	34.38	42.58
233.8	86.06	34.34	42.58
234.0	86.24	34.39	42.58
234.2	86.55	34.49	42.57
234.4	86.96	34.62	42.57
234.6	87.45	34.77	42.56
234.8	88.02	34.93	42.56
235.0	88.64	35.09	42.56
235.2	89.25	35.24	42.55
235.4	89.82	35.38	42.55
235.6	90.27	35.47	42.54
235.8	90.5	35.51	42.54
236.0	90.63	35.51	42.54
236.2	90.66	35.45	42.53
236.4	90.62	35.34	42.53
236.6	90.44	35.1	42.52
236.8	90.14	34.74	42.52
237.0	89.84	34.37	42.52
237.2	89.59	34.04	42.51
237.4	89.42	33.78	42.51
237.6	89.63	33.82	42.5
237.8	89.92	33.93	42.5
238.0	90.26	34.07	42.5
238.2	90.6	34.22	42.49
238.4	90.8	34.24	42.49
238.6	90.91	34.19	42.49
238.8	90.98	34.11	42.48
239.0	90.99	34.0	42.48
239.2	90.94	33.87	42.47
239.4	90.83	33.7	42.47
239.6	90.68	33.52	42.47
239.8	90.47	33.33	42.46
240.0	90.23	33.13	42.46
240.2	89.89	32.91	42.45
240.4	89.4	32.67	42.45
240.6	88.93	32.45	42.45
240.8	88.54	32.27	42.44
241.0	88.27	32.15	42.44
241.2	88.39	32.14	42.43
241.4	88.83	32.25	42.43
241.6	89.36	32.42	42.43
241.8	89.93	32.62	42.42
242.0	90.43	32.86	42.41
242.2	90.7	33.12	42.4
242.4	90.9	33.39	42.39
242.6	91.02	33.62	42.38
242.8	91.07	33.82	42.37
243.0	91.03	33.91	42.36
243.2	90.92	33.9	42.34
243.4	90.74	33.83	42.33
243.6	90.51	33.71	42.32
243.8	90.24	33.55	42.31
244.0	89.79	33.26	42.3
244.2	89.33	32.94	42.28
244.4	88.93	32.65	42.27
244.6	88.64	32.4	42.26
244.8	88.59	32.29	42.25
245.0	88.96	32.4	42.25
245.2	89.46	32.59	42.24
245.4	90.02	32.83	42.24
245.6	90.59	33.09	42.24
245.8	91.01	33.31	42.25
246.0	91.37	33.52	42.26
246.2	91.67	33.71	42.27
246.4	91.88	33.89	42.28
246.6	91.97	34.03	42.29
246.8	91.91	34.14	42.3
247.0	91.77	34.2	42.31
247.2	91.56	34.21	42.32
247.4	91.29	34.16	42.33
247.6	90.9	33.94	42.34
247.8	90.44	33.6	42.35
248.0	90.03	33.27	42.36
248.2	89.7	32.98	42.37
248.4	89.51	32.78	42.38
248.6	89.85	32.94	42.39
248.8	90.31	33.2	42.4
249.0	90.8	33.5	42.41
249.2	91.24	33.81	42.42
249.4	91.36	34.01	42.43
249.6	91.24	34.13	42.45
249.8	91.03	34.21	42.46
250.0	90.75	34.25	42.47
250.2	90.44	34.27	42.48
250.4	90.22	34.28	42.49
250.6	89.98	34.26	42.5
250.8	89.74	34.21	42.51
251.0	89.48	34.12	42.52
251.2	89.18	33.98	42.53
251.4	88.75	33.68	42.53
251.6	88.36	33.4	42.54
251.8	88.04	33.16	42.55
252.0	87.83	33.01	42.56
252.2	87.93	33.15	42.56
252.4	88.32	33.53	42.56
252.6	88.77	33.97	42.56
252.8	89.24	34.41	42.56
253.0	89.6	34.74	42.55
253.2	89.64	34.76	42.55
253.4	89.59	34.69	42.54
253.6	89.46	34.56	42.54
253.8	89.29	34.38	42.53
254.0	89.11	34.2	42.52
254.2	88.94	34.04	42.51
254.4	88.76	33.87	42.51
254.6	88.58	33.71	42.5
254.8	88.4	33.56	42.5
255.0	88.21	33.42	42.49
255.2	88.02	33.28	42.48
255.4	87.87	33.19	42.48
255.6	87.78	33.14	42.47
255.8	87.78	33.15	42.46
256.0	88.11	33.37	42.46
256.2	88.52	33.65	42.45
256.4	88.93	33.93	42.44
256.6	89.28	34.2	42.44
256.8	89.38	34.35	42.43
257.0	89.2	34.35	42.42
257.2	88.89	34.29	42.42
257.4	88.49	34.17	42.41
257.6	88.0	34.0	42.4
257.8	87.44	33.75	42.4
258.0	86.84	33.45	42.39
258.2	86.24	33.14	42.39
258.4	85.69	32.86	42.38
258.6	85.21	32.61	42.37
258.8	84.95	32.48	42.37
259.0	84.88	32.47	42.36
259.2	84.91	32.53	42.35
259.4	85.03	32.64	42.35
259.6	85.24	32.81	42.34
259.8	85.51	33.06	42.33
260.0	85.85	33.35	42.33
260.2	86.21	33.66	42.32
260.4	86.6	34.0	42.31
260.6	86.99	34.33	42.31
260.8	87.36	34.63	42.3
261.0	87.69	34.9	42.29
261.2	87.99	35.15	42.29
261.4	88.23	35.36	42.28
261.6	88.41	35.53	42.28
261.8	88.36	35.58	42.27
262.0	88.18	35.56	42.26
262.2	88.01	35.52	42.26
262.4	87.9	35.49	42.25
262.6	87.94	35.49	42.24
262.8	88.43	35.64	42.24
263.0	89.01	35.8	42.23
263.2	89.62	35.96	42.22
263.4	90.2	36.08	42.21
263.6	90.53	36.11	42.2
263.8	90.72	36.07	42.19
264.0	90.81	35.98	42.18
264.2	90.78	35.83	42.17
264.4	90.62	35.62	42.15
264.6	90.19	35.26	42.14
264.8	89.69	34.87	42.13
265.0	89.17	34.49	42.11
265.2	88.68	34.14	42.1
265.4	88.27	33.88	42.09
265.6	88.07	33.81	42.08
265.8	88.01	33.84	42.06
266.0	88.12	33.95	42.05
266.2	88.43	34.16	42.04
266.4	89.0	34.46	42.03
266.6	89.98	34.87	42.02
266.8	91.13	35.36	42.0
267.0	92.41	35.92	41.99
267.2	93.8	36.56	41.98
267.4	95.28	37.37	41.97
267.6	96.75	38.19	41.95
267.8	98.15	38.96	41.94
268.0	99.43	39.64	41.93
268.2	100.6	40.18	41.92
268.4	101.49	40.52	41.9
268.6	102.0	40.6	41.89
268.8	101.89	40.28	41.88
269.0	100.74	39.31	41.87
269.2	99.35	38.17	41.85
269.4	97.92	37.02	41.84
269.6	97.23	36.37	41.83
269.8	97.19	36.15	41.82
270.0	97.36	36.07	41.8
270.2	97.64	36.07	41.79
270.4	97.86	36.02	41.78
270.6	97.67	35.68	41.76
270.8	97.45	35.32	41.75
271.0	97.23	34.98	41.74
271.2	97.04	34.7	41.73
271.4	97.14	34.7	41.72
271.6	97.27	34.75	41.72
271.8	97.35	34.79	41.72
272.0	97.34	34.76	41.72
272.2	96.85	34.39	41.74
272.4	96.24	33.93	41.75
272.6	95.56	33.39	41.77
272.8	94.87	32.81	41.79
273.0	94.34	32.24	41.81
273.2	93.99	31.69	41.82
273.4	93.7	31.18	41.84
273.6	93.45	30.73	41.85
273.8	93.22	30.36	41.86
274.0	92.96	30.16	41.88
274.2	92.64	30.16	41.89
274.4	92.37	30.24	41.9
274.6	92.15	30.4	41.92
274.8	92.01	30.6	41.93
275.0	92.07	30.83	41.95
275.2	92.26	31.08	41.96
275.4	92.5	31.34	41.98
275.6	92.76	31.61	41.99
275.8	93.01	31.87	42.01
276.0	93.17	32.11	42.02
276.2	93.29	32.32	42.04
276.4	93.38	32.5	42.05
276.6	93.44	32.61	42.07
276.8	93.38	32.58	42.08
277.0	93.21	32.38	42.09
277.2	93.05	32.17	42.1
277.4	92.93	31.99	42.12
277.6	92.89	31.91	42.13
277.8	93.16	32.19	42.15
278.0	93.54	32.58	42.16
278.2	93.95	33.01	42.18
278.4	94.34	33.4	42.19
278.6	94.58	33.58	42.21
278.8	94.71	33.63	42.23
279.0	94.76	33.61	42.24
279.2	94.71	33.52	42.26
279.4	94.5	33.37	42.27
279.6	94.14	33.18	42.29
279.8	93.71	32.95	42.3
280.0	93.24	32.71	42.32
280.2	92.74	32.47	42.33
280.4	92.25	32.25	42.35
280.6	91.79	32.06	42.36
280.8	91.39	31.92	42.38
281.0	91.08	31.85	42.39
281.2	90.91	31.87	42.4
281.4	91.06	32.11	42.4
281.6	91.29	32.4	42.41
281.8	91.56	32.7	42.41
282.0	91.82	32.98	42.41
282.2	91.9	33.06	42.41
282.4	91.92	33.09	42.41
282.6	91.89	33.09	42.41
282.8	91.83	33.09	42.41
283.0	91.75	33.18	42.41
283.2	91.66	33.38	42.41
283.4	91.54	33.57	42.41
283.6	91.37	33.74	42.41
283.8	91.16	33.86	42.41
284.0	90.76	33.74	42.41
284.2	90.28	33.48	42.41
284.4	89.84	33.22	42.41
284.6	89.48	33.03	42.41
284.8	89.33	33.0	42.41
285.0	89.61	33.37	42.42
285.2	89.99	33.8	42.42
285.4	90.41	34.26	42.42
285.6	90.81	34.68	42.42
285.8	90.88	34.79	42.42
286.0	90.87	34.81	42.42
286.2	90.81	34.78	42.42
286.4	90.71	34.72	42.42
286.6	90.61	34.67	42.42
286.8	90.54	34.68	42.42
287.0	90.46	34.67	42.42
287.2	90.35	34.64	42.42
287.4	90.23	34.59	42.42
287.6	90.0	34.44	42.42
287.8	89.73	34.24	42.42
