0.2	92.36	52.73	39.23
0.4	92.52	52.92	39.23
0.6	92.57	53.04	39.23
0.8	92.51	53.1	39.23
1.0	92.37	53.12	39.23
1.2	92.16	53.1	39.23
1.4	91.9	53.05	39.23
1.6	91.62	53.0	39.23
1.8	91.32	52.94	39.23
2.0	91.04	52.89	39.23
2.2	90.79	52.88	39.23
2.4	90.58	52.91	39.23
2.6	90.43	52.97	39.23
2.8	90.36	53.06	39.23
3.0	90.37	53.19	39.23
3.2	90.61	53.43	39.23
3.4	90.94	53.69	39.23
3.6	91.3	53.95	39.23
3.8	91.69	54.2	39.23
4.0	92.02	54.4	39.23
4.2	92.3	54.54	39.23
4.4	92.52	54.61	39.23
4.6	92.68	54.6	39.23
4.8	92.73	54.46	39.23
5.0	92.62	54.13	39.23
5.2	92.46	53.72	39.23
5.4	92.27	53.27	39.23
5.6	92.08	52.8	39.23
5.8	92.03	52.43	39.23
6.0	92.0	52.08	39.22
6.2	91.99	51.75	39.23
6.4	91.98	51.43	39.23
6.6	91.96	51.12	39.26
6.8	91.91	50.82	39.29
7.0	91.84	50.54	39.34
7.2	91.75	50.28	39.39
7.4	91.64	50.04	39.44
7.6	91.46	49.8	39.48
7.8	91.26	49.6	39.52
8.0	91.06	49.41	39.57
8.2	90.87	49.26	39.61
8.4	90.72	49.15	39.65
8.6	90.63	49.07	39.68
8.8	90.58	49.04	39.72
9.0	90.56	49.06	39.76
9.2	90.58	49.12	39.8
9.4	90.67	49.28	39.84
9.6	90.81	49.52	39.88
9.8	90.97	49.78	39.92
10.0	91.13	50.05	39.97
10.2	91.27	50.29	40.01
10.4	91.32	50.39	40.05
10.6	91.33	50.46	40.1
10.8	91.33	50.51	40.14
11.0	91.31	50.56	40.18
11.2	91.28	50.65	40.22
11.4	91.23	50.8	40.26
11.6	91.19	50.95	40.3
11.8	91.17	51.11	40.34
12.0	91.18	51.25	40.38
12.2	91.29	51.37	40.42
12.4	91.45	51.46	40.46
12.6	91.64	51.52	40.5
12.8	91.82	51.57	40.54
13.0	92.0	51.6	40.58
13.2	92.16	51.61	40.62
13.4	92.29	51.59	40.66
13.6	92.37	51.53	40.71
13.8	92.38	51.43	40.75
14.0	92.21	51.25	40.79
14.2	91.97	51.02	40.84
14.4	91.7	50.77	40.88
14.6	91.41	50.5	40.92
14.8	91.16	50.2	40.97
15.0	91.0	49.88	41.01
15.2	90.86	49.6	41.06
15.4	90.76	49.37	41.1
15.6	90.68	49.23	41.13
15.8	90.68	49.38	41.15
16.0	90.71	49.68	41.17
16.2	90.74	50.02	41.17
16.4	90.74	50.37	41.17
16.6	90.67	50.64	41.17
16.8	90.43	50.66	41.16
17.0	90.14	50.62	41.14
17.2	89.85	50.55	41.12
17.4	89.57	50.47	41.09
17.6	89.35	50.41	41.07
17.8	89.22	50.38	41.05
18.0	89.14	50.4	41.02
18.2	89.12	50.48	41.0
18.4	89.15	50.64	40.98
18.6	89.32	51.02	40.95
18.8	89.54	51.49	40.93
19.0	89.78	52.0	40.91
19.2	90.01	52.5	40.88
19.4	90.18	52.91	40.86
19.6	90.25	53.21	40.84
19.8	90.29	53.45	40.82
20.0	90.32	53.62	40.79
20.2	90.34	53.71	40.77
20.4	90.31	53.62	40.75
20.6	90.3	53.49	40.72
20.8	90.36	53.36	40.7
21.0	90.49	53.26	40.68
21.2	90.84	53.33	40.65
21.4	91.34	53.52	40.63
21.6	91.91	53.77	40.61
21.8	92.52	54.07	40.58
22.0	93.13	54.44	40.56
22.2	93.72	54.87	40.54
22.4	94.26	55.28	40.52
22.6	94.75	55.64	40.49
22.8	95.15	55.87	40.47
23.0	95.33	55.78	40.45
23.2	95.45	55.6	40.42
23.4	95.51	55.36	40.4
23.6	95.54	55.1	40.38
23.8	95.61	54.95	40.35
24.0	95.71	54.88	40.33
24.2	95.81	54.8	40.31
24.4	95.92	54.72	40.29
24.6	96.06	54.6	40.26
24.8	96.3	54.32	40.24
25.0	96.54	54.03	40.21
25.2	96.75	53.74	40.19
25.4	96.9	53.47	40.17
25.6	96.9	53.33	40.15
25.8	96.76	53.28	40.14
26.0	96.57	53.25	40.13
26.2	96.33	53.19	40.13
26.4	96.08	53.09	40.12
26.6	95.88	52.7	40.12
26.8	95.67	52.27	40.11
27.0	95.48	51.83	40.1
27.2	95.31	51.42	40.1
27.4	95.18	51.16	40.09
27.6	95.13	51.16	40.08
27.8	95.07	51.19	40.08
28.0	94.98	51.22	40.07
28.2	94.84	51.2	40.06
28.4	94.49	50.89	40.06
28.6	94.05	50.45	40.05
28.8	93.57	49.98	40.04
29.0	93.08	49.5	40.04
29.2	92.62	49.06	40.03
29.4	92.31	48.81	40.02
29.6	92.05	48.63	40.02
29.8	91.83	48.53	40.01
30.0	91.65	48.52	40.0
30.2	91.51	48.61	40.0
30.4	91.43	48.92	39.99
30.6	91.37	49.31	39.98
30.8	91.31	49.73	39.98
31.0	91.24	50.15	39.97
31.2	91.12	50.49	39.97
31.4	90.89	50.7	39.97
31.6	90.64	50.85	39.97
31.8	90.39	50.98	39.97
32.0	90.15	51.07	39.97
32.2	89.93	51.09	39.98
32.4	89.77	51.06	39.98
32.6	89.65	51.07	39.98
32.8	89.59	51.13	39.98
33.0	89.59	51.27	39.98
33.2	89.77	51.71	39.98
33.4	90.03	52.29	39.98
33.6	90.33	52.92	39.99
33.8	90.64	53.57	39.99
34.0	90.93	54.17	39.99
34.2	91.15	54.67	39.99
34.4	91.34	55.11	39.99
34.6	91.51	55.47	39.99
34.8	91.66	55.71	40.0
35.0	91.75	55.75	40.0
35.2	91.82	55.69	40.0
35.4	91.9	55.54	40.0
35.6	91.98	55.33	40.0
35.8	92.17	55.11	40.01
36.0	92.4	54.87	40.01
36.2	92.62	54.59	40.01
36.4	92.8	54.26	40.01
36.6	92.87	53.87	40.01
36.8	92.75	53.37	40.01
37.0	92.56	52.86	40.02
37.2	92.34	52.37	40.02
37.4	92.1	51.91	40.02
37.6	91.9	51.64	40.02
37.8	91.72	51.45	40.02
38.0	91.55	51.33	40.02
38.2	91.4	51.27	40.03
38.4	91.26	51.25	40.03
38.6	91.17	51.26	40.03
38.8	91.1	51.31	40.03
39.0	91.04	51.37	40.03
39.2	90.97	51.43	40.03
39.4	90.9	51.5	40.04
39.6	90.76	51.52	40.04
39.8	90.62	51.54	40.04
40.0	90.48	51.54	40.04
40.2	90.35	51.55	40.04
40.4	90.25	51.53	40.05
40.6	90.18	51.43	40.05
40.8	90.16	51.38	40.05
41.0	90.18	51.38	40.05
41.2	90.27	51.48	40.05
41.4	90.47	51.83	40.05
41.6	90.8	52.42	40.05
41.8	91.16	53.06	40.06
42.0	91.52	53.7	40.06
42.2	91.86	54.27	40.06
42.4	92.08	54.53	40.06
42.6	92.26	54.71	40.06
42.8	92.4	54.82	40.07
43.0	92.51	54.88	40.07
43.2	92.55	54.94	40.07
43.4	92.55	55.0	40.07
43.6	92.55	55.04	40.07
43.8	92.55	55.05	40.07
44.0	92.59	55.03	40.08
44.2	92.77	54.92	40.08
44.4	92.98	54.81	40.08
44.6	93.2	54.72	40.08
44.8	93.42	54.67	40.08
45.0	93.6	54.79	40.08
45.2	93.74	55.08	40.07
45.4	93.84	55.4	40.06
45.6	93.9	55.69	40.04
45.8	93.92	55.92	40.02
46.0	93.81	55.82	39.99
46.2	93.66	55.63	39.96
46.4	93.51	55.37	39.92
46.6	93.37	55.07	39.88
46.8	93.3	54.76	39.84
47.0	93.36	54.5	39.81
47.2	93.46	54.25	39.77
47.4	93.58	54.01	39.74
47.6	93.71	53.8	39.7
47.8	93.85	53.68	39.67
48.0	93.98	53.64	39.63
48.2	94.08	53.59	39.6
48.4	94.12	53.52	39.56
48.6	94.06	53.38	39.53
48.8	93.76	52.99	39.49
49.0	93.38	52.56	39.46
49.2	92.97	52.12	39.42
49.4	92.55	51.71	39.39
49.6	92.2	51.42	39.35
49.8	92.01	51.35	39.31
50.0	91.87	51.36	39.27
50.2	91.76	51.42	39.24
50.4	91.68	51.52	39.2
50.6	91.64	51.63	39.18
50.8	91.63	51.69	39.15
51.0	91.63	51.78	39.14
51.2	91.63	51.89	39.13
51.4	91.64	52.03	39.12
51.6	91.62	52.26	39.13
51.8	91.56	52.56	39.14
52.0	91.51	52.88	39.16
52.2	91.45	53.23	39.18
52.4	91.41	53.57	39.2
52.6	91.4	53.93	39.22
52.8	91.42	54.26	39.24
53.0	91.45	54.55	39.26
53.2	91.5	54.79	39.27
53.4	91.57	54.95	39.29
53.6	91.69	54.87	39.31
53.8	91.81	54.71	39.33
54.0	91.92	54.51	39.34
54.2	92.01	54.29	39.36
54.4	92.02	54.12	39.38
54.6	91.91	54.08	39.4
54.8	91.76	54.06	39.42
55.0	91.59	54.06	39.44
55.2	91.41	54.06	39.46
55.4	91.26	54.08	39.48
55.6	91.15	54.1	39.49
55.8	91.06	54.09	39.51
56.0	90.99	54.04	39.53
56.2	90.93	53.94	39.54
56.4	90.93	53.69	39.56
56.6	90.97	53.28	39.58
56.8	91.02	52.85	39.6
57.0	91.07	52.4	39.61
57.2	91.12	51.98	39.63
57.4	91.11	51.67	39.65
57.6	91.07	51.45	39.67
57.8	91.02	51.29	39.69
58.0	90.98	51.18	39.71
58.2	90.95	51.14	39.72
58.4	90.99	51.21	39.74
58.6	91.05	51.33	39.76
58.8	91.13	51.49	39.78
59.0	91.23	51.68	39.79
59.2	91.33	51.89	39.81
59.4	91.48	52.13	39.83
59.6	91.63	52.35	39.85
59.8	91.73	52.54	39.86
60.0	91.79	52.67	39.88
60.2	91.73	52.65	39.9
60.4	91.5	52.43	39.92
60.6	91.23	52.17	39.94
60.8	90.93	51.9	39.96
61.0	90.62	51.66	39.98
61.2	90.4	51.6	40.0
61.4	90.24	51.7	40.02
61.6	90.11	51.84	40.03
61.8	90.0	52.0	40.05
62.0	89.92	52.18	40.06
62.2	89.87	52.3	40.08
62.4	89.85	52.34	40.1
62.6	89.84	52.36	40.12
62.8	89.84	52.38	40.13
63.0	89.82	52.4	40.15
63.2	89.77	52.45	40.17
63.4	89.69	52.51	40.19
63.6	89.59	52.58	40.21
63.8	89.48	52.64	40.23
64.0	89.36	52.69	40.25
64.2	89.22	52.73	40.26
64.4	89.07	52.75	40.28
64.6	88.93	52.76	40.3
64.8	88.8	52.76	40.32
65.0	88.71	52.73	40.33
65.2	88.68	52.64	40.35
65.4	88.7	52.53	40.36
65.6	88.76	52.43	40.37
65.8	88.84	52.36	40.38
66.0	88.96	52.35	40.39
66.2	89.14	52.51	40.39
66.4	89.34	52.74	40.39
66.6	89.53	53.0	40.38
66.8	89.71	53.28	40.37
67.0	89.8	53.53	40.36
67.2	89.8	53.74	40.34
67.4	89.78	53.93	40.32
67.6	89.74	54.09	40.3
67.8	89.7	54.24	40.28
68.0	89.71	54.31	40.27
68.2	89.75	54.36	40.25
68.4	89.8	54.4	40.23
68.6	89.88	54.43	40.21
68.8	89.97	54.49	40.19
69.0	90.13	54.63	40.18
69.2	90.29	54.76	40.16
69.4	90.43	54.89	40.14
69.6	90.53	54.98	40.12
69.8	90.5	54.97	40.11
70.0	90.37	54.87	40.09
70.2	90.2	54.75	40.07
70.4	90.02	54.62	40.05
70.6	89.82	54.49	40.03
70.8	89.68	54.47	40.02
71.0	89.56	54.48	40.0
71.2	89.47	54.48	39.98
71.4	89.42	54.46	39.96
71.6	89.4	54.41	39.95
71.8	89.52	54.2	39.93
72.0	89.67	53.97	39.92
72.2	89.81	53.75	39.9
72.4	89.94	53.56	39.88
72.6	89.98	53.48	39.84
72.8	89.92	53.53	39.79
73.0	89.83	53.61	39.74
73.2	89.71	53.7	39.67
73.4	89.59	53.79	39.61
73.6	89.47	53.74	39.54
73.8	89.36	53.64	39.46
74.0	89.27	53.54	39.39
74.2	89.21	53.45	39.31
74.4	89.21	53.38	39.23
74.6	89.31	53.38	39.14
74.8	89.44	53.41	39.06
75.0	89.59	53.47	38.99
75.2	89.72	53.55	38.93
75.4	89.79	53.68	38.92
75.6	89.82	53.83	38.94
75.8	89.83	53.99	38.96
76.0	89.83	54.14	39.0
76.2	89.82	54.25	39.03
76.4	89.8	54.29	39.06
76.6	89.78	54.3	39.08
76.8	89.79	54.31	39.1
77.0	89.83	54.29	39.13
77.2	89.96	54.24	39.15
77.4	90.15	54.18	39.17
77.6	90.36	54.16	39.2
77.8	90.6	54.19	39.22
78.0	90.86	54.37	39.24
78.2	91.13	54.73	39.27
78.4	91.39	55.11	39.29
78.6	91.62	55.48	39.32
78.8	91.8	55.76	39.34
79.0	91.83	55.75	39.37
79.2	91.82	55.67	39.39
79.4	91.78	55.56	39.42
79.6	91.72	55.44	39.44
79.8	91.7	55.45	39.47
80.0	91.7	55.55	39.49
80.2	91.71	55.66	39.51
80.4	91.72	55.78	39.54
80.6	91.75	55.87	39.56
80.8	91.83	55.86	39.58
81.0	91.91	55.82	39.61
81.2	91.96	55.75	39.63
81.4	91.98	55.66	39.66
81.6	91.89	55.57	39.68
81.8	91.65	55.47	39.71
82.0	91.39	55.37	39.73
82.2	91.11	55.26	39.76
82.4	90.84	55.15	39.78
82.6	90.66	54.99	39.8
82.8	90.54	54.83	39.83
83.0	90.46	54.7	39.85
83.2	90.41	54.61	39.87
83.4	90.39	54.59	39.89
83.6	90.44	54.79	39.91
83.8	90.51	55.07	39.92
84.0	90.58	55.38	39.94
84.2	90.62	55.71	39.95
84.4	90.58	55.99	39.96
84.6	90.43	56.21	39.97
84.8	90.25	56.38	39.97
85.0	90.07	56.49	39.98
85.2	89.9	56.55	39.99
85.4	89.82	56.4	40.0
85.6	89.79	56.17	40.0
85.8	89.8	55.94	40.01
86.0	89.85	55.76	40.02
86.2	89.93	55.7	40.02
86.4	90.1	56.02	40.03
86.6	90.27	56.39	40.04
86.8	90.43	56.78	40.05
87.0	90.57	57.13	40.06
87.2	90.6	57.18	40.06
87.4	90.55	57.08	40.07
87.6	90.48	56.92	40.08
87.8	90.39	56.73	40.09
88.0	90.3	56.56	40.1
88.2	90.21	56.52	40.1
88.4	90.15	56.51	40.11
88.6	90.11	56.51	40.12
88.8	90.11	56.54	40.13
89.0	90.21	56.59	40.13
89.2	90.41	56.65	40.14
89.4	90.64	56.71	40.14
89.6	90.88	56.79	40.15
89.8	91.11	56.86	40.15
90.0	91.26	56.96	40.15
90.2	91.38	57.05	40.16
90.4	91.48	57.1	40.16
90.6	91.53	57.11	40.16
90.8	91.5	56.97	40.16
91.0	91.4	56.72	40.16
91.2	91.3	56.45	40.16
91.4	91.22	56.19	40.16
91.6	91.18	55.97	40.16
91.8	91.3	55.95	40.16
92.0	91.48	55.99	40.16
92.2	91.72	56.06	40.16
92.4	92.0	56.16	40.17
92.6	92.36	56.26	40.17
92.8	92.77	56.36	40.17
93.0	93.18	56.44	40.17
93.2	93.57	56.5	40.17
93.4	93.88	56.52	40.17
93.6	94.04	56.47	40.17
93.8	94.14	56.37	40.17
94.0	94.21	56.24	40.17
94.2	94.25	56.07	40.18
94.4	94.29	55.84	40.18
94.6	94.34	55.58	40.18
94.8	94.4	55.3	40.18
95.0	94.46	55.0	40.18
95.2	94.54	54.7	40.18
95.4	94.7	54.41	40.18
95.6	94.86	54.12	40.18
95.8	95.02	53.85	40.18
96.0	95.17	53.61	40.19
96.2	95.26	53.48	40.19
96.4	95.3	53.41	40.19
96.6	95.31	53.34	40.19
96.8	95.3	53.24	40.19
97.0	95.27	53.07	40.19
97.2	95.19	52.58	40.19
97.4	95.1	52.04	40.19
97.6	95.02	51.5	40.19
97.8	94.97	51.0	40.19
98.0	94.97	50.65	40.2
98.2	95.08	50.57	40.2
98.4	95.22	50.57	40.2
98.6	95.37	50.62	40.2
98.8	95.54	50.72	40.2
99.0	95.71	50.79	40.2
99.2	95.86	50.83	40.2
99.4	95.99	50.87	40.2
99.6	96.08	50.93	40.2
99.8	96.09	51.0	40.21
100.0	95.95	51.1	40.21
100.2	95.76	51.19	40.21
100.4	95.55	51.3	40.21
100.6	95.33	51.39	40.21
100.8	95.16	51.46	40.21
101.0	95.04	51.5	40.21
101.2	94.96	51.55	40.21
101.4	94.9	51.6	40.21
101.6	94.87	51.68	40.21
101.8	94.9	51.83	40.22
102.0	94.97	52.04	40.22
102.2	95.05	52.26	40.22
102.4	95.13	52.48	40.22
102.6	95.19	52.69	40.22
102.8	95.19	52.83	40.22
103.0	95.14	52.95	40.22
103.2	95.07	53.04	40.22
103.4	94.95	53.11	40.22
103.6	94.77	53.17	40.23
103.8	94.53	53.21	40.23
104.0	94.27	53.24	40.23
104.2	94.0	53.23	40.23
104.4	93.74	53.2	40.23
104.6	93.55	53.09	40.23
104.8	93.38	52.96	40.23
105.0	93.25	52.82	40.23
105.2	93.15	52.68	40.23
105.4	93.12	52.54	40.23
105.6	93.15	52.43	40.24
105.8	93.19	52.35	40.24
106.0	93.23	52.3	40.24
106.2	93.24	52.32	40.24
106.4	93.18	52.46	40.24
106.6	93.11	52.61	40.24
106.8	93.01	52.76	40.24
107.0	92.89	52.88	40.24
107.2	92.74	52.81	40.24
107.4	92.58	52.69	40.24
107.6	92.43	52.55	40.24
107.8	92.29	52.42	40.25
108.0	92.22	52.39	40.25
108.2	92.22	52.45	40.26
108.4	92.23	52.54	40.28
108.6	92.25	52.64	40.29
108.8	92.26	52.74	40.31
109.0	92.24	52.8	40.33
109.2	92.19	52.83	40.36
109.4	92.13	52.84	40.38
109.6	92.04	52.82	40.4
109.8	91.88	52.73	40.43
110.0	91.68	52.58	40.45
110.2	91.47	52.42	40.47
110.4	91.28	52.26	40.49
110.6	91.11	52.09	40.51
110.8	90.96	51.93	40.53
111.0	90.87	51.82	40.56
111.2	90.86	51.77	40.58
111.4	90.94	51.82	40.6
111.6	91.26	52.14	40.62
111.8	91.71	52.6	40.64
112.0	92.2	53.1	40.66
112.2	92.68	53.6	40.68
112.4	93.06	53.99	40.71
112.6	93.31	54.26	40.73
112.8	93.5	54.45	40.76
113.0	93.61	54.57	40.78
113.2	93.62	54.56	40.81
113.4	93.52	54.4	40.83
113.6	93.37	54.21	40.86
113.8	93.18	54.0	40.88
114.0	92.98	53.83	40.9
114.2	92.85	53.87	40.93
114.4	92.74	53.99	40.95
114.6	92.64	54.15	40.97
114.8	92.55	54.34	40.99
115.0	92.48	54.54	41.01
115.2	92.38	54.62	41.03
115.4	92.3	54.71	41.06
115.6	92.26	54.83	41.08
115.8	92.28	54.99	41.1
116.0	92.4	55.25	41.11
116.2	92.71	55.68	41.13
116.4	93.04	56.13	41.14
116.6	93.37	56.57	41.15
116.8	93.65	56.95	41.14
117.0	93.76	57.16	41.11
117.2	93.79	57.27	41.07
117.4	93.75	57.31	41.01
117.6	93.64	57.26	40.95
117.8	93.4	57.1	40.89
118.0	93.1	56.86	40.82
118.2	92.77	56.57	40.75
118.4	92.43	56.24	40.67
118.6	92.13	55.9	40.6
118.8	91.94	55.59	40.52
119.0	91.8	55.28	40.45
119.2	91.68	54.99	40.38
119.4	91.59	54.74	40.31
119.6	91.52	54.54	40.24
119.8	91.45	54.45	40.16
120.0	91.41	54.38	40.09
120.2	91.39	54.34	40.02
120.4	91.38	54.29	39.95
120.6	91.43	54.22	39.86
120.8	91.52	54.11	39.77
121.0	91.61	53.98	39.68
121.2	91.67	53.84	39.62
121.4	91.71	53.68	39.59
121.6	91.58	53.48	39.64
121.8	91.42	53.28	39.72
122.0	91.25	53.07	39.82
122.2	91.08	52.88	39.93
122.4	90.96	52.71	40.04
122.6	90.91	52.58	40.12
122.8	90.9	52.48	40.2
123.0	90.92	52.41	40.28
123.2	90.98	52.36	40.37
123.4	91.11	52.4	40.45
123.6	91.29	52.49	40.53
123.8	91.47	52.58	40.62
124.0	91.63	52.65	40.71
124.2	91.75	52.69	40.79
124.4	91.74	52.59	40.89
124.6	91.67	52.45	40.99
124.8	91.56	52.26	41.08
125.0	91.4	52.03	41.18
125.2	91.19	51.74	41.28
125.4	90.93	51.39	41.37
125.6	90.65	51.03	41.47
125.8	90.37	50.68	41.56
126.0	90.1	50.36	41.65
126.2	89.87	50.11	41.74
126.4	89.7	49.93	41.83
126.6	89.57	49.82	41.91
126.8	89.47	49.79	41.99
127.0	89.43	49.84	42.06
127.2	89.45	50.02	42.11
127.4	89.54	50.35	42.15
127.6	89.69	50.75	42.18
127.8	89.88	51.2	42.19
128.0	90.12	51.69	42.19
128.2	90.43	52.2	42.17
128.4	90.78	52.73	42.12
128.6	91.15	53.23	42.07
128.8	91.54	53.71	42.01
129.0	91.93	54.12	41.94
129.2	92.31	54.46	41.87
129.4	92.66	54.71	41.8
129.6	92.96	54.87	41.73
129.8	93.21	54.91	41.66
130.0	93.3	54.69	41.59
130.2	93.34	54.39	41.52
130.4	93.33	54.04	41.45
130.6	93.28	53.68	41.38
130.8	93.2	53.42	41.25
131.0	93.11	53.24	41.11
131.2	93.0	53.1	41.01
131.4	92.9	52.99	40.98
131.6	92.81	52.92	40.97
131.8	92.81	52.9	40.97
132.0	92.82	52.91	40.97
132.2	92.8	52.91	40.96
132.4	92.75	52.91	40.96
132.6	92.59	52.85	40.96
132.8	92.3	52.73	40.95
133.0	91.97	52.59	40.95
133.2	91.62	52.45	40.95
133.4	91.27	52.31	40.94
133.6	90.96	52.19	40.94
133.8	90.68	52.09	40.94
134.0	90.44	52.03	40.93
134.2	90.23	52.0	40.93
134.4	90.06	52.02	40.93
134.6	89.97	52.12	40.92
134.8	89.93	52.28	40.92
135.0	89.95	52.49	40.91
135.2	90.02	52.74	40.91
135.4	90.14	53.03	40.91
135.6	90.37	53.37	40.9
135.8	90.62	53.73	40.9
136.0	90.89	54.1	40.9
136.2	91.15	54.47	40.89
136.4	91.36	54.85	40.89
136.6	91.52	55.22	40.89
136.8	91.64	55.54	40.88
137.0	91.74	55.81	40.88
137.2	91.78	55.96	40.88
137.4	91.75	55.94	40.87
137.6	91.7	55.88	40.87
137.8	91.66	55.79	40.86
138.0	91.64	55.71	40.86
138.2	91.74	55.76	40.86
138.4	91.87	55.84	40.85
138.6	92.02	55.94	40.85
138.8	92.17	56.05	40.85
139.0	92.33	56.16	40.84
139.2	92.47	56.27	40.84
139.4	92.58	56.36	40.84
139.6	92.65	56.41	40.83
139.8	92.61	56.39	40.83
140.0	92.44	56.27	40.83
140.2	92.21	56.1	40.82
140.4	91.95	55.93	40.82
140.6	91.69	55.77	40.82
140.8	91.46	55.73	40.81
141.0	91.26	55.72	40.81
141.2	91.08	55.7	40.8
141.4	90.93	55.66	40.8
141.6	90.83	55.56	40.8
141.8	90.8	55.31	40.79
142.0	90.8	55.04	40.79
142.2	90.81	54.77	40.79
142.4	90.82	54.52	40.78
142.6	90.82	54.42	40.78
142.8	90.81	54.38	40.78
143.0	90.77	54.36	40.77
143.2	90.72	54.34	40.77
143.4	90.61	54.28	40.77
143.6	90.45	54.16	40.76
143.8	90.28	54.02	40.76
144.0	90.1	53.89	40.75
144.2	89.93	53.76	40.75
144.4	89.77	53.62	40.75
144.6	89.64	53.51	40.74
144.8	89.55	53.44	40.74
145.0	89.53	53.41	40.74
145.2	89.63	53.46	40.73
145.4	89.9	53.63	40.73
145.6	90.22	53.84	40.73
145.8	90.56	54.1	40.72
146.0	90.91	54.4	40.72
146.2	91.18	54.76	40.72
146.4	91.42	55.11	40.71
146.6	91.63	55.45	40.71
146.8	91.78	55.73	40.71
147.0	91.83	55.86	40.7
147.2	91.83	55.9	40.7
147.4	91.78	55.89	40.69
147.6	91.7	55.82	40.69
147.8	91.59	55.67	40.69
148.0	91.45	55.47	40.68
148.2	91.32	55.27	40.68
148.4	91.21	55.09	40.68
148.6	91.16	55.0	40.67
148.8	91.24	55.09	40.67
149.0	91.35	55.21	40.67
149.2	91.48	55.34	40.66
149.4	91.61	55.46	40.66
149.6	91.71	55.43	40.66
149.8	91.78	55.38	40.65
150.0	91.83	55.3	40.65
150.2	91.82	55.21	40.64
150.4	91.68	55.17	40.45
150.6	91.47	55.14	40.37
150.8	91.25	55.1	40.38
151.0	91.06	55.03	40.43
151.2	90.94	54.87	40.47
151.4	90.96	54.55	40.45
151.6	91.06	54.25	40.43
151.8	91.24	54.03	40.41
152.0	91.5	53.92	40.39
152.2	91.93	54.27	40.37
152.4	92.44	54.77	40.35
152.6	93.0	55.3	40.33
152.8	93.57	55.81	40.3
153.0	94.11	56.04	40.28
153.2	94.62	56.09	40.26
153.4	95.12	56.08	40.24
153.6	95.62	56.01	40.22
153.8	96.1	55.97	40.2
154.0	96.57	55.96	40.18
154.2	97.03	55.93	40.16
154.4	97.48	55.87	40.14
154.6	97.92	55.76	40.11
154.8	98.37	55.55	40.09
155.0	98.79	55.33	40.07
155.2	99.19	55.11	40.05
155.4	99.55	54.93	40.03
155.6	99.89	54.96	40.01
155.8	100.17	55.02	39.98
156.0	100.37	55.08	39.96
156.2	100.49	55.09	39.94
156.4	100.43	54.92	39.93
156.6	100.2	54.57	39.91
156.8	99.9	54.18	39.9
157.0	99.53	53.75	39.89
157.2	99.12	53.34	39.88
157.4	98.75	53.05	39.87
157.6	98.37	52.82	39.86
157.8	97.99	52.61	39.86
158.0	97.61	52.43	39.85
158.2	97.24	52.26	39.84
158.4	96.92	52.05	39.84
158.6	96.61	51.85	39.83
158.8	96.32	51.68	39.82
159.0	96.03	51.55	39.81
159.2	95.75	51.48	39.81
159.4	95.46	51.57	39.8
159.6	95.17	51.71	39.79
159.8	94.89	51.87	39.78
160.0	94.61	52.02	39.78
160.2	94.33	52.13	39.77
160.4	94.02	52.13	39.76
160.6	93.73	52.1	39.76
160.8	93.46	52.06	39.75
161.0	93.23	52.02	39.74
161.2	93.09	52.01	39.73
161.4	93.03	52.02	39.73
161.6	93.01	52.04	39.72
161.8	93.0	52.08	39.71
162.0	93.01	52.14	39.71
162.2	93.0	52.25	39.7
162.4	92.98	52.38	39.69
162.6	92.94	52.52	39.68
162.8	92.9	52.65	39.68
163.0	92.81	52.78	39.67
163.2	92.65	52.87	39.66
163.4	92.5	52.96	39.65
163.6	92.37	53.05	39.65
163.8	92.27	53.12	39.64
164.0	92.28	53.17	39.63
164.2	92.37	53.22	39.63
164.4	92.51	53.27	39.62
164.6	92.71	53.33	39.61
164.8	92.97	53.44	39.6
165.0	93.33	53.64	39.6
165.2	93.7	53.85	39.59
165.4	94.07	54.05	39.58
165.6	94.39	54.22	39.57
165.8	94.54	54.26	39.57
166.0	94.58	54.22	39.56
166.2	94.57	54.13	39.55
166.4	94.53	54.01	39.55
166.6	94.47	53.86	39.54
166.8	94.45	53.68	39.53
167.0	94.43	53.49	39.52
167.2	94.43	53.31	39.52
167.4	94.46	53.14	39.51
167.6	94.52	53.0	39.5
167.8	94.71	52.95	39.5
168.0	94.92	52.92	39.49
168.2	95.13	52.93	39.48
168.4	95.33	52.97	39.47
168.6	95.46	53.06	39.47
168.8	95.52	53.2	39.46
169.0	95.54	53.34	39.45
169.2	95.55	53.47	39.44
169.4	95.53	53.58	39.44
169.6	95.5	53.55	39.43
169.8	95.46	53.44	39.42
170.0	95.43	53.33	39.41
170.2	95.4	53.25	39.41
170.4	95.39	53.21	39.4
170.6	95.5	53.47	39.4
170.8	95.63	53.79	39.4
171.0	95.74	54.09	39.4
171.2	95.81	54.33	39.4
171.4	95.76	54.38	39.41
171.6	95.51	54.05	39.42
171.8	95.21	53.63	39.43
172.0	94.86	53.16	39.44
172.2	94.49	52.69	39.46
172.4	94.17	52.39	39.47
172.6	93.9	52.24	39.48
172.8	93.65	52.15	39.49
173.0	93.43	52.1	39.5
173.2	93.25	52.08	39.52
173.4	93.11	52.03	39.53
173.6	93.03	51.94	39.54
173.8	92.99	51.89	39.55
174.0	92.98	51.9	39.56
174.2	93.0	51.99	39.57
174.4	93.05	52.26	39.58
174.6	93.13	52.7	39.59
174.8	93.21	53.19	39.61
175.0	93.3	53.69	39.62
175.2	93.37	54.17	39.63
175.4	93.36	54.46	39.64
175.6	93.33	54.68	39.65
175.8	93.29	54.85	39.66
176.0	93.26	54.97	39.68
176.2	93.24	55.05	39.69
176.4	93.27	55.09	39.7
176.6	93.31	55.1	39.71
176.8	93.38	55.1	39.72
177.0	93.47	55.1	39.73
177.2	93.6	55.12	39.74
177.4	93.78	55.18	39.76
177.6	93.96	55.25	39.77
177.8	94.14	55.34	39.78
178.0	94.31	55.46	39.79
178.2	94.43	55.67	39.8
178.4	94.53	55.88	39.82
178.6	94.63	56.07	39.83
178.8	94.72	56.23	39.84
179.0	94.82	56.26	39.85
179.2	94.92	56.14	39.86
179.4	95.03	56.0	39.88
179.6	95.18	55.87	39.89
179.8	95.37	55.8	39.9
180.0	95.7	55.98	39.91
180.2	96.08	56.28	39.92
180.4	96.47	56.6	39.92
180.6	96.84	56.91	39.93
180.8	97.16	57.14	39.93
181.0	97.37	57.2	39.93
181.2	97.51	57.18	39.93
181.4	97.6	57.1	39.92
181.6	97.63	56.94	39.91
181.8	97.55	56.68	39.9
182.0	97.41	56.35	39.89
182.2	97.23	55.97	39.88
182.4	97.05	55.54	39.87
182.6	96.9	55.06	39.86
182.8	96.84	54.52	39.85
183.0	96.78	53.98	39.84
183.2	96.71	53.49	39.83
183.4	96.61	53.07	39.82
183.6	96.43	52.94	39.81
183.8	96.21	52.93	39.8
184.0	95.94	52.94	39.79
184.2	95.62	52.94	39.78
184.4	95.23	52.73	39.77
184.6	94.76	52.3	39.76
184.8	94.29	51.86	39.75
185.0	93.83	51.44	39.74
185.2	93.41	51.12	39.73
185.4	93.17	51.17	39.72
185.6	93.01	51.39	39.7
185.8	92.89	51.7	39.69
186.0	92.82	52.04	39.68
186.2	92.76	52.37	39.67
186.4	92.71	52.56	39.66
186.6	92.65	52.73	39.65
186.8	92.59	52.88	39.64
187.0	92.52	53.01	39.63
187.2	92.38	53.14	39.62
187.4	92.2	53.27	39.61
187.6	92.0	53.37	39.6
187.8	91.81	53.45	39.59
188.0	91.62	53.51	39.58
188.2	91.46	53.43	39.57
188.4	91.33	53.34	39.56
188.6	91.22	53.27	39.54
188.8	91.14	53.23	39.54
189.0	91.11	53.29	39.53
189.2	91.17	53.56	39.52
189.4	91.24	53.86	39.52
189.6	91.32	54.19	39.53
189.8	91.38	54.5	39.54
190.0	91.38	54.68	39.56
190.2	91.34	54.79	39.59
190.4	91.28	54.87	39.63
190.6	91.22	54.93	39.67
190.8	91.15	55.0	39.71
191.0	91.09	55.11	39.74
191.2	91.05	55.22	39.77
191.4	91.01	55.33	39.81
191.6	90.98	55.42	39.84
191.8	90.97	55.49	39.87
192.0	90.98	55.48	39.9
192.2	91.01	55.48	39.93
192.4	91.06	55.5	39.97
192.6	91.11	55.56	40.0
192.8	91.18	55.74	40.03
193.0	91.26	56.06	40.07
193.2	91.35	56.42	40.1
193.4	91.42	56.8	40.13
193.6	91.48	57.18	40.17
193.8	91.48	57.49	40.2
194.0	91.44	57.76	40.24
194.2	91.4	58.02	40.27
194.4	91.36	58.27	40.31
194.6	91.33	58.51	40.34
194.8	91.39	58.84	40.37
195.0	91.48	59.16	40.4
195.2	91.57	59.44	40.43
195.4	91.64	59.66	40.46
195.6	91.69	59.79	40.5
195.8	91.65	59.66	40.53
196.0	91.56	59.43	40.57
196.2	91.45	59.16	40.6
196.4	91.31	58.88	40.64
196.6	91.14	58.65	40.68
196.8	90.93	58.59	40.71
197.0	90.72	58.57	40.74
197.2	90.5	58.57	40.78
197.4	90.3	58.58	40.81
197.6	90.14	58.58	40.84
197.8	90.07	58.49	40.88
198.0	90.03	58.4	40.91
198.2	90.02	58.32	40.94
198.4	90.05	58.25	40.97
198.6	90.09	58.2	41.0
198.8	90.17	58.25	41.03
199.0	90.27	58.33	41.06
199.2	90.37	58.42	41.1
199.4	90.47	58.51	41.13
199.6	90.56	58.58	41.16
199.8	90.58	58.58	41.2
200.0	90.59	58.55	41.23
200.2	90.59	58.49	41.26
200.4	90.58	58.39	41.3
200.6	90.59	58.25	41.33
200.8	90.61	57.99	41.36
201.0	90.64	57.72	41.4
201.2	90.7	57.46	41.43
201.4	90.8	57.24	41.46
201.6	90.96	57.13	41.48
201.8	91.21	57.19	41.49
202.0	91.48	57.3	41.5
202.2	91.77	57.43	41.5
202.4	92.06	57.57	41.5
202.6	92.33	57.64	41.49
202.8	92.57	57.69	41.48
203.0	92.78	57.72	41.47
203.2	92.96	57.75	41.45
203.4	93.08	57.8	41.43
203.6	93.07	57.88	41.41
203.8	93.05	57.95	41.4
204.0	93.01	58.0	41.38
204.2	92.99	58.02	41.36
204.4	93.08	57.97	41.34
204.6	93.26	57.84	41.33
204.8	93.47	57.68	41.31
205.0	93.67	57.5	41.29
205.2	93.86	57.32	41.27
205.4	94.01	57.15	41.26
205.6	94.12	56.99	41.24
205.8	94.17	56.85	41.22
206.0	94.15	56.72	41.2
206.2	94.02	56.63	41.19
206.4	93.72	56.62	41.17
206.6	93.37	56.62	41.15
206.8	92.98	56.6	41.14
207.0	92.58	56.55	41.12
207.2	92.25	56.35	41.1
207.4	91.99	56.0	41.08
207.6	91.76	55.65	41.07
207.8	91.57	55.33	41.05
208.0	91.4	55.08	41.03
208.2	91.3	55.05	41.01
208.4	91.24	55.24	40.99
208.6	91.2	55.5	40.97
208.8	91.15	55.78	40.96
209.0	91.1	56.06	40.94
209.2	90.96	56.2	40.94
209.4	90.79	56.28	40.93
209.6	90.61	56.33	40.93
209.8	90.43	56.34	40.93
210.0	90.24	56.32	40.93
210.2	90.05	56.22	40.93
210.4	89.88	56.11	40.93
210.6	89.74	56.01	40.94
210.8	89.65	55.93	40.94
211.0	89.66	55.93	40.94
211.2	89.79	56.04	40.94
211.4	89.96	56.18	40.94
211.6	90.15	56.34	40.94
211.8	90.35	56.5	40.94
212.0	90.5	56.64	40.94
212.2	90.63	56.76	40.94
212.4	90.75	56.87	40.94
212.6	90.84	56.95	40.94
212.8	90.88	56.97	40.94
213.0	90.86	56.93	40.94
213.2	90.83	56.88	40.94
213.4	90.81	56.84	40.94
213.6	90.83	56.82	40.94
213.8	90.98	56.98	40.94
214.0	91.18	57.18	40.94
214.2	91.4	57.37	40.94
214.4	91.62	57.53	40.95
214.6	91.82	57.55	40.95
214.8	91.97	57.38	40.95
215.0	92.1	57.16	40.95
215.2	92.18	56.91	40.95
215.4	92.22	56.66	40.95
215.6	92.13	56.6	40.95
215.8	92.0	56.56	40.95
216.0	91.86	56.5	40.95
216.2	91.7	56.41	40.95
216.4	91.59	56.21	40.95
216.6	91.57	55.79	40.95
216.8	91.56	55.33	40.95
217.0	91.55	54.84	40.95
217.2	91.52	54.34	40.95
217.4	91.44	53.94	40.95
217.6	91.32	53.64	40.95
217.8	91.15	53.35	40.95
218.0	90.94	53.06	40.95
218.2	90.69	52.77	40.96
218.4	90.29	52.37	40.96
218.6	89.85	51.96	40.96
218.8	89.4	51.56	40.96
219.0	88.95	51.18	40.96
219.2	88.53	50.84	40.96
219.4	88.23	50.6	40.96
219.6	87.99	50.42	40.96
219.8	87.81	50.32	40.96
220.0	87.69	50.29	40.96
220.2	87.63	50.35	40.96
220.4	87.65	50.55	40.96
220.6	87.74	50.89	40.97
220.8	87.88	51.28	40.97
221.0	88.06	51.7	40.96
221.2	88.27	52.13	40.95
221.4	88.47	52.45	40.92
221.6	88.69	52.75	40.88
221.8	88.92	53.05	40.83
222.0	89.18	53.36	40.78
222.2	89.47	53.7	40.73
222.4	89.78	54.17	40.68
222.6	90.13	54.65	40.64
222.8	90.49	55.12	40.59
223.0	90.88	55.56	40.55
223.2	91.33	55.89	40.5
223.4	91.81	56.1	40.45
223.6	92.28	56.27	40.41
223.8	92.72	56.4	40.36
224.0	93.1	56.53	40.32
224.2	93.37	56.7	40.27
224.4	93.58	56.85	40.23
224.6	93.73	56.95	40.18
224.8	93.84	57.01	40.14
225.0	93.87	56.91	40.09
225.2	93.87	56.74	40.04
225.4	93.84	56.54	40.0
225.6	93.81	56.34	39.95
225.8	93.79	56.17	39.91
226.0	93.86	56.15	39.86
226.2	93.93	56.14	39.81
226.4	93.98	56.11	39.76
226.6	94.01	56.06	39.72
226.8	93.94	55.88	39.69
227.0	93.8	55.61	39.66
227.2	93.63	55.3	39.64
227.4	93.44	54.95	39.62
227.6	93.23	54.59	39.61
227.8	93.05	54.18	39.6
228.0	92.87	53.78	39.6
228.2	92.7	53.4	39.6
228.4	92.57	53.07	39.6
228.6	92.46	52.8	39.6
228.8	92.45	52.72	39.59
229.0	92.47	52.72	39.59
229.2	92.53	52.76	39.59
229.4	92.6	52.83	39.59
229.6	92.69	52.9	39.58
229.8	92.81	52.93	39.58
230.0	92.92	52.95	39.59
230.2	93.01	52.97	39.59
230.4	93.08	52.97	39.59
230.6	93.06	52.96	39.59
230.8	92.98	52.92	39.6
231.0	92.87	52.88	39.6
231.2	92.73	52.82	39.61
231.4	92.59	52.74	39.62
231.6	92.47	52.6	39.62
231.8	92.35	52.48	39.63
232.0	92.23	52.37	39.63
232.2	92.12	52.3	39.64
232.4	92.06	52.35	39.64
232.6	92.02	52.52	39.65
232.8	91.99	52.72	39.65
233.0	91.94	52.9	39.66
233.2	91.86	53.05	39.66
233.4	91.67	53.0	39.67
233.6	91.43	52.87	39.68
233.8	91.17	52.71	39.68
234.0	90.92	52.54	39.69
234.2	90.67	52.38	39.69
234.4	90.48	52.33	39.7
234.6	90.32	52.31	39.7
234.8	90.19	52.31	39.71
235.0	90.12	52.32	39.71
235.2	90.1	52.33	39.72
235.4	90.21	52.31	39.72
235.6	90.36	52.3	39.73
235.8	90.54	52.33	39.73
236.0	90.73	52.41	39.74
236.2	90.9	52.58	39.74
236.4	91.05	52.85	39.75
236.6	91.19	53.16	39.75
236.8	91.33	53.48	39.76
237.0	91.46	53.8	39.76
237.2	91.51	54.0	39.77
237.4	91.57	54.2	39.77
237.6	91.67	54.41	39.78
237.8	91.82	54.65	39.78
238.0	92.11	54.99	39.79
238.2	92.53	55.43	39.79
238.4	93.02	55.9	39.8
238.6	93.56	56.4	39.8
238.8	94.16	56.91	39.81
239.0	94.8	57.4	39.83
239.2	95.45	57.88	39.85
239.4	96.11	58.36	39.87
239.6	96.74	58.84	39.89
239.8	97.3	59.35	39.91
240.0	97.85	59.81	39.93
240.2	98.37	60.19	39.95
240.4	98.88	60.48	39.97
240.6	99.41	60.54	39.99
240.8	99.92	60.49	40.01
241.0	100.42	60.34	40.03
241.2	100.89	60.11	40.04
241.4	101.39	59.79	40.06
241.6	101.87	59.41	40.09
241.8	102.27	58.97	40.11
242.0	102.58	58.48	40.13
242.2	102.7	57.93	40.15
242.4	102.57	57.32	40.17
242.6	102.35	56.7	40.19
242.8	102.04	56.09	40.21
243.0	101.69	55.51	40.24
243.2	101.4	55.06	40.26
243.4	101.15	54.71	40.28
243.6	100.9	54.41	40.3
243.8	100.65	54.14	40.31
244.0	100.42	53.91	40.33
244.2	100.22	53.66	40.34
244.4	100.07	53.38	40.36
244.6	99.93	53.14	40.37
244.8	99.77	52.92	40.38
245.0	99.6	52.75	40.38
245.2	99.38	52.67	40.38
245.4	99.11	52.69	40.36
245.6	98.81	52.73	40.35
245.8	98.47	52.78	40.32
246.0	98.11	52.82	40.3
246.2	97.67	52.72	40.27
246.4	97.2	52.59	40.23
246.6	96.73	52.44	40.19
246.8	96.26	52.3	40.16
247.0	95.82	52.18	40.12
247.2	95.49	52.08	40.08
247.4	95.19	52.02	40.04
247.6	94.93	52.03	40.0
247.8	94.7	52.09	39.97
248.0	94.52	52.26	39.94
248.2	94.4	52.62	39.92
248.4	94.3	53.05	39.9
248.6	94.21	53.53	39.89
248.8	94.13	54.03	39.89
249.0	94.0	54.55	39.9
249.2	93.84	55.06	39.91
249.4	93.68	55.53	39.93
249.6	93.51	55.97	39.96
249.8	93.35	56.35	39.99
250.0	93.17	56.51	40.01
250.2	93.0	56.58	40.03
250.4	92.87	56.62	40.05
250.6	92.8	56.67	40.07
250.8	92.83	56.77	40.1
251.0	93.04	57.05	40.12
251.2	93.32	57.38	40.14
251.4	93.66	57.75	40.16
251.6	94.04	58.17	40.18
251.8	94.46	58.71	40.21
252.0	94.89	59.28	40.23
252.2	95.31	59.82	40.25
252.4	95.7	60.27	40.27
252.6	96.0	60.56	40.3
252.8	96.17	60.56	40.32
253.0	96.27	60.41	40.34
253.2	96.29	60.11	40.37
253.4	96.24	59.66	40.39
253.6	96.04	58.95	40.41
253.8	95.76	58.11	40.44
254.0	95.47	57.22	40.46
254.2	95.19	56.35	40.48
254.4	94.99	55.58	40.51
254.6	95.09	55.24	40.53
254.8	95.23	54.98	40.55
255.0	95.37	54.78	40.57
255.2	95.49	54.59	40.59
255.4	95.49	54.34	40.61
255.6	95.27	53.9	40.64
255.8	94.97	53.44	40.66
256.0	94.6	52.98	40.69
256.2	94.18	52.54	40.71
256.4	93.72	52.18	40.74
256.6	93.22	51.9	40.76
256.8	92.71	51.67	40.78
257.0	92.2	51.48	40.81
257.2	91.71	51.35	40.83
257.4	91.28	51.26	40.85
257.6	90.95	51.22	40.87
257.8	90.66	51.22	40.9
258.0	90.42	51.26	40.92
258.2	90.21	51.33	40.93
258.4	90.04	51.42	40.95
258.6	89.91	51.55	40.96
258.8	89.82	51.69	40.96
259.0	89.75	51.85	40.96
259.2	89.71	52.02	40.96
259.4	89.69	52.19	40.96
259.6	89.71	52.38	40.96
259.8	89.73	52.55	40.95
260.0	89.76	52.71	40.95
260.2	89.78	52.83	40.95
260.4	89.76	52.86	40.94
260.6	89.69	52.78	40.94
260.8	89.6	52.69	40.94
261.0	89.51	52.6	40.93
261.2	89.43	52.53	40.93
261.4	89.32	52.6	40.93
261.6	89.24	52.73	40.92
261.8	89.21	52.89	40.92
262.0	89.25	53.08	40.92
262.2	89.43	53.29	40.91
262.4	89.83	53.52	40.91
262.6	90.29	53.73	40.91
262.8	90.78	53.92	40.9
263.0	91.29	54.05	40.9
263.2	91.73	54.06	40.9
263.4	92.13	54.01	40.89
263.6	92.47	53.9	40.89
263.8	92.72	53.73	40.89
264.0	92.77	53.57	40.88
264.2	92.73	53.34	40.88
264.4	92.63	53.01	40.88
264.6	92.49	52.57	40.87
264.8	92.32	51.78	40.87
265.0	92.15	50.86	40.87
265.2	92.0	49.93	40.86
265.4	91.92	49.06	40.86
265.6	92.02	48.49	40.86
265.8	92.29	48.22	40.85
266.0	92.59	48.05	40.85
266.2	92.89	47.94	40.85
266.4	93.12	47.81	40.84
266.6	93.21	47.55	40.84
266.8	93.22	47.3	40.84
267.0	93.16	47.09	40.83
267.2	93.02	46.94	40.83
267.4	92.75	46.95	40.83
267.6	92.42	47.01	40.82
267.8	92.06	47.1	40.82
268.0	91.68	47.19	40.82
268.2	91.31	47.21	40.81
268.4	90.96	47.14	40.81
268.6	90.66	47.09	40.81
268.8	90.41	47.06	40.8
269.0	90.24	47.09	40.8
269.2	90.26	47.29	40.8
269.4	90.38	47.58	40.8
269.6	90.55	47.9	40.8
269.8	90.73	48.24	40.79
270.0	90.88	48.56	40.78
270.2	90.98	48.85	40.75
270.4	91.04	49.11	40.73
270.6	91.07	49.36	40.69
270.8	91.04	49.59	40.66
271.0	90.92	49.81	40.62
271.2	90.76	49.99	40.59
271.4	90.57	50.12	40.55
271.6	90.36	50.19	40.51
271.8	90.13	50.07	40.47
272.0	89.9	49.87	40.44
272.2	89.69	49.66	40.4
272.4	89.53	49.46	40.36
272.6	89.46	49.36	40.32
272.8	89.54	49.45	40.29
273.0	89.67	49.6	40.25
273.2	89.83	49.79	40.21
273.4	90.01	50.0	40.18
273.6	90.17	50.28	40.14
273.8	90.31	50.53	40.1
274.0	90.43	50.73	40.06
274.2	90.5	50.83	40.03
274.4	90.45	50.63	39.99
274.6	90.32	50.25	39.95
274.8	90.16	49.81	39.92
275.0	89.99	49.35	39.88
275.2	89.82	48.95	39.84
275.4	89.66	48.71	39.8
275.6	89.55	48.53	39.77
275.8	89.49	48.41	39.73
276.0	89.52	48.36	39.69
276.2	89.75	48.41	39.66
276.4	90.09	48.52	39.62
276.6	90.49	48.67	39.58
276.8	90.93	48.86	39.54
277.0	91.35	49.07	39.51
277.2	91.74	49.3	39.47
277.4	92.13	49.52	39.43
277.6	92.52	49.72	39.39
277.8	92.89	49.9	39.36
278.0	93.24	50.03	39.32
278.2	93.57	50.1	39.28
278.4	93.9	50.12	39.25
278.6	94.22	50.05	39.21
278.8	94.57	49.79	39.17
279.0	94.92	49.45	39.13
279.2	95.24	49.07	39.09
279.4	95.52	48.66	39.06
279.6	95.71	48.3	39.03
279.8	95.81	47.99	39.0
280.0	95.87	47.71	38.99
280.2	95.87	47.46	38.97
280.4	95.84	47.25	38.96
280.6	95.79	47.15	38.96
280.8	95.71	47.08	38.96
281.0	95.6	47.02	38.96
281.2	95.46	46.95	38.96
281.4	95.29	46.82	38.97
281.6	95.08	46.53	38.97
281.8	94.85	46.22	38.97
282.0	94.6	45.91	38.97
282.2	94.31	45.64	38.97
282.4	93.99	45.47	38.97
282.6	93.63	45.43	38.97
282.8	93.26	45.44	38.97
283.0	92.89	45.49	38.98
283.2	92.52	45.58	38.98
283.4	92.16	45.65	38.98
283.6	91.82	45.73	38.98
283.8	91.52	45.85	38.98
284.0	91.25	46.0	38.98
284.2	91.03	46.19	38.98
284.4	90.9	46.46	38.98
284.6	90.83	46.78	38.97
284.8	90.83	47.15	38.97
285.0	90.88	47.57	38.98
285.2	91.0	48.05	38.99
285.4	91.24	48.63	39.03
285.6	91.52	49.24	39.08
285.8	91.8	49.85	39.14
286.0	92.06	50.43	39.19
286.2	92.22	50.94	39.25
286.4	92.31	51.38	39.3
286.6	92.38	51.78	39.35
286.8	92.43	52.11	39.41
287.0	92.49	52.39	39.46
287.2	92.58	52.58	39.51
287.4	92.67	52.71	39.56
287.6	92.75	52.8	39.61
287.8	92.83	52.84	39.67
