0.2	88.02	55.26	37.22
0.4	88.74	55.99	37.22
0.6	89.36	56.64	37.22
0.8	89.9	57.2	37.22
1.0	90.35	57.67	37.22
1.2	90.72	58.05	37.22
1.4	91.01	58.34	37.22
1.6	91.23	58.54	37.22
1.8	91.38	58.66	37.22
2.0	91.46	58.68	37.22
2.2	91.37	58.49	37.22
2.4	91.26	58.24	37.22
2.6	91.15	57.97	37.22
2.8	91.09	57.73	37.22
3.0	91.21	57.65	37.22
3.2	91.54	57.77	37.22
3.4	91.94	57.93	37.22
3.6	92.38	58.11	37.22
3.8	92.86	58.28	37.22
4.0	93.34	58.35	37.22
4.2	93.81	58.37	37.22
4.4	94.21	58.34	37.22
4.6	94.53	58.26	37.22
4.8	94.64	58.07	37.22
5.0	94.55	57.78	37.22
5.2	94.38	57.47	37.22
5.4	94.16	57.16	37.22
5.6	93.92	56.88	37.22
5.8	93.8	56.76	37.22
6.0	93.69	56.68	37.22
6.2	93.57	56.63	37.22
6.4	93.46	56.6	37.22
6.6	93.32	56.53	37.22
6.8	93.13	56.4	37.22
7.0	92.97	56.31	37.23
7.2	92.85	56.26	37.23
7.4	92.8	56.29	37.24
7.6	93.04	56.65	37.25
7.8	93.33	57.07	37.27
8.0	93.61	57.46	37.28
8.2	93.82	57.76	37.3
8.4	93.76	57.68	37.32
8.6	93.43	57.28	37.33
8.8	93.02	56.78	37.35
9.0	92.55	56.24	37.36
9.2	92.06	55.72	37.38
9.4	91.66	55.47	37.39
9.6	91.28	55.3	37.41
9.8	90.94	55.18	37.42
10.0	90.66	55.12	37.43
10.2	90.5	55.12	37.45
10.4	90.48	55.17	37.46
10.6	90.51	55.24	37.48
10.8	90.56	55.33	37.49
11.0	90.62	55.42	37.51
11.2	90.59	55.46	37.52
11.4	90.52	55.47	37.54
11.6	90.42	55.47	37.55
11.8	90.29	55.44	37.57
12.0	90.13	55.39	37.58
12.2	89.85	55.24	37.6
12.4	89.57	55.1	37.61
12.6	89.32	55.0	37.62
12.8	89.13	54.95	37.64
13.0	89.07	55.05	37.65
13.2	89.18	55.32	37.66
13.4	89.36	55.67	37.68
13.6	89.61	56.08	37.69
13.8	89.91	56.54	37.71
14.0	90.33	57.11	37.72
14.2	90.76	57.69	37.74
14.4	91.17	58.23	37.75
14.6	91.53	58.68	37.77
14.8	91.71	58.85	37.78
15.0	91.74	58.82	37.8
15.2	91.71	58.7	37.81
15.4	91.63	58.54	37.83
15.6	91.54	58.39	37.84
15.8	91.48	58.36	37.86
16.0	91.41	58.33	37.87
16.2	91.35	58.31	37.89
16.4	91.29	58.27	37.9
16.6	91.21	58.16	37.92
16.8	91.14	58.01	37.93
17.0	91.1	57.87	37.94
17.2	91.1	57.76	37.95
17.4	91.15	57.69	37.97
17.6	91.38	57.8	37.98
17.8	91.65	57.95	37.99
18.0	91.94	58.12	38.0
18.2	92.2	58.29	38.02
18.4	92.38	58.41	38.03
18.6	92.48	58.48	38.05
18.8	92.53	58.52	38.06
19.0	92.54	58.54	38.07
19.2	92.51	58.52	38.09
19.4	92.43	58.47	38.1
19.6	92.32	58.4	38.11
19.8	92.17	58.3	38.12
20.0	91.99	58.18	38.14
20.2	91.74	57.99	38.15
20.4	91.44	57.76	38.16
20.6	91.16	57.55	38.17
20.8	90.91	57.4	38.19
21.0	90.74	57.35	38.2
21.2	90.78	57.56	38.21
21.4	90.89	57.86	38.23
21.6	91.05	58.2	38.24
21.8	91.23	58.57	38.25
22.0	91.43	58.92	38.27
22.2	91.62	59.23	38.28
22.4	91.78	59.49	38.29
22.6	91.88	59.7	38.31
22.8	91.87	59.79	38.32
23.0	91.61	59.68	38.33
23.2	91.3	59.52	38.35
23.4	90.97	59.32	38.36
23.6	90.64	59.12	38.37
23.8	90.45	59.01	38.38
24.0	90.33	58.95	38.4
24.2	90.26	58.92	38.41
24.4	90.23	58.91	38.42
24.6	90.24	58.9	38.43
24.8	90.29	58.88	38.44
25.0	90.37	58.89	38.44
25.2	90.47	58.95	38.46
25.4	90.59	59.07	38.48
25.6	90.71	59.3	38.54
25.8	90.84	59.61	38.6
26.0	90.98	59.97	38.68
26.2	91.14	60.39	38.76
26.4	91.36	60.96	38.84
26.6	91.61	61.57	38.92
26.8	91.82	62.1	39.01
27.0	91.99	62.51	39.1
27.2	91.92	62.45	39.19
27.4	91.74	62.11	39.28
27.6	91.59	61.72	39.36
27.8	91.53	61.39	39.45
28.0	91.89	61.51	39.55
28.2	92.44	61.83	39.64
28.4	93.02	62.22	39.74
28.6	93.57	62.61	39.83
28.8	93.9	62.89	39.93
29.0	94.1	63.09	40.03
29.2	94.16	63.18	40.13
29.4	94.03	63.11	40.23
29.6	93.55	62.68	40.33
29.8	92.93	62.13	40.43
30.0	92.22	61.51	40.53
30.2	91.47	60.85	40.63
30.4	90.92	60.39	40.73
30.6	90.41	59.98	40.82
30.8	89.93	59.59	40.91
31.0	89.44	59.2	41.0
31.2	88.92	58.77	41.08
31.4	88.23	58.13	41.16
31.6	87.56	57.52	41.24
31.8	86.97	56.98	41.31
32.0	86.49	56.57	41.36
32.2	86.27	56.45	41.39
32.4	86.35	56.66	41.39
32.6	86.59	57.03	41.38
32.8	86.94	57.55	41.36
33.0	87.39	58.18	41.32
33.2	87.92	58.97	41.27
33.4	88.5	59.81	41.22
33.6	89.1	60.66	41.16
33.8	89.68	61.47	41.09
34.0	90.16	62.08	41.03
34.2	90.53	62.51	40.97
34.4	90.87	62.86	40.92
34.6	91.19	63.14	40.86
34.8	91.52	63.36	40.8
35.0	91.88	63.58	40.74
35.2	92.23	63.75	40.68
35.4	92.57	63.89	40.63
35.6	92.9	64.01	40.57
35.8	93.2	64.12	40.51
36.0	93.48	64.22	40.45
36.2	93.73	64.3	40.39
36.4	93.95	64.36	40.34
36.6	94.01	64.38	40.28
36.8	94.01	64.39	40.22
37.0	94.04	64.41	40.16
37.2	94.16	64.44	40.1
37.4	94.54	64.55	40.05
37.6	95.24	64.76	39.99
37.8	95.99	64.96	39.93
38.0	96.74	65.13	39.88
38.2	97.36	65.22	39.82
38.4	97.74	65.19	39.77
38.6	97.97	65.07	39.71
38.8	98.06	64.85	39.66
39.0	97.99	64.52	39.61
39.2	97.62	63.93	39.55
39.4	97.12	63.26	39.5
39.6	96.53	62.53	39.45
39.8	95.89	61.78	39.39
40.0	95.31	61.09	39.34
40.2	94.78	60.45	39.29
40.4	94.28	59.87	39.23
40.6	93.82	59.35	39.18
40.8	93.42	58.9	39.13
41.0	93.1	58.62	39.06
41.2	92.85	58.45	39.0
41.4	92.68	58.33	38.95
41.6	92.6	58.27	38.9
41.8	92.62	58.23	38.87
42.0	92.82	58.18	38.86
42.2	93.07	58.16	38.86
42.4	93.36	58.17	38.86
42.6	93.65	58.21	38.88
42.8	93.87	58.33	38.89
43.0	94.04	58.48	38.91
43.2	94.18	58.64	38.93
43.4	94.26	58.78	38.95
43.6	94.26	58.89	38.97
43.8	94.16	58.93	38.99
44.0	94.0	58.93	39.01
44.2	93.79	58.88	39.02
44.4	93.55	58.77	39.04
44.6	93.29	58.53	39.06
44.8	92.99	58.23	39.08
45.0	92.68	57.9	39.1
45.2	92.35	57.55	39.11
45.4	91.96	57.18	39.13
45.6	91.52	56.79	39.15
45.8	91.12	56.45	39.17
46.0	90.8	56.17	39.18
46.2	90.6	55.98	39.19
46.4	90.76	56.06	39.19
46.6	91.06	56.24	39.19
46.8	91.44	56.48	39.19
47.0	91.86	56.75	39.17
47.2	92.23	56.99	39.15
47.4	92.52	57.18	39.12
47.6	92.76	57.34	39.09
47.8	92.94	57.43	39.05
48.0	93.04	57.46	39.02
48.2	92.94	57.27	38.98
48.4	92.76	57.01	38.95
48.6	92.51	56.7	38.92
48.8	92.21	56.38	38.88
49.0	91.88	56.1	38.85
49.2	91.53	55.91	38.82
49.4	91.17	55.74	38.79
49.6	90.81	55.58	38.75
49.8	90.46	55.44	38.72
50.0	90.17	55.3	38.69
50.2	89.93	55.17	38.65
50.4	89.7	55.03	38.62
50.6	89.47	54.89	38.59
50.8	89.24	54.74	38.55
51.0	88.87	54.46	38.52
51.2	88.49	54.17	38.48
51.4	88.16	53.93	38.45
51.6	87.92	53.79	38.42
51.8	87.84	53.83	38.39
52.0	88.07	54.21	38.37
52.2	88.42	54.69	38.36
52.4	88.85	55.26	38.35
52.6	89.34	55.86	38.34
52.8	89.87	56.43	38.34
53.0	90.4	56.98	38.34
53.2	90.9	57.48	38.35
53.4	91.34	57.93	38.36
53.6	91.61	58.25	38.36
53.8	91.69	58.43	38.37
54.0	91.67	58.52	38.37
54.2	91.6	58.52	38.38
54.4	91.49	58.43	38.38
54.6	91.42	58.2	38.39
54.8	91.35	57.9	38.39
55.0	91.26	57.55	38.4
55.2	91.16	57.18	38.4
55.4	91.05	56.79	38.41
55.6	90.87	56.48	38.41
55.8	90.69	56.18	38.42
56.0	90.51	55.91	38.42
56.2	90.35	55.68	38.43
56.4	90.21	55.48	38.43
56.6	90.18	55.37	38.43
56.8	90.17	55.29	38.43
57.0	90.17	55.25	38.43
57.2	90.16	55.24	38.44
57.4	90.12	55.25	38.45
57.6	89.92	55.23	38.49
57.8	89.72	55.24	38.53
58.0	89.55	55.3	38.58
58.2	89.42	55.41	38.63
58.4	89.41	55.64	38.69
58.6	89.58	55.99	38.75
58.8	89.81	56.4	38.81
59.0	90.1	56.84	38.88
59.2	90.41	57.31	38.95
59.4	90.77	57.78	39.01
59.6	91.13	58.24	39.08
59.8	91.47	58.67	39.15
60.0	91.74	59.05	39.22
60.2	91.9	59.35	39.29
60.4	91.82	59.48	39.36
60.6	91.66	59.54	39.42
60.8	91.44	59.54	39.49
61.0	91.19	59.48	39.55
61.2	90.91	59.34	39.62
61.4	90.63	59.13	39.68
61.6	90.4	58.93	39.74
61.8	90.24	58.77	39.81
62.0	90.19	58.68	39.87
62.2	90.49	58.85	39.93
62.4	90.9	59.1	40.0
62.6	91.37	59.4	40.06
62.8	91.86	59.75	40.13
63.0	92.29	60.09	40.2
63.2	92.64	60.43	40.27
63.4	92.94	60.75	40.34
63.6	93.19	61.05	40.41
63.8	93.36	61.31	40.48
64.0	93.43	61.51	40.54
64.2	93.44	61.66	40.61
64.4	93.38	61.74	40.68
64.6	93.26	61.75	40.75
64.8	93.04	61.61	40.82
65.0	92.77	61.38	40.89
65.2	92.47	61.09	40.96
65.4	92.15	60.76	41.03
65.6	91.83	60.41	41.09
65.8	91.57	60.04	41.17
66.0	91.32	59.69	41.23
66.2	91.09	59.38	41.3
66.4	90.88	59.12	41.36
66.6	90.68	58.96	41.41
66.8	90.47	58.95	41.45
67.0	90.32	59.03	41.47
67.2	90.24	59.19	41.49
67.4	90.26	59.43	41.49
67.6	90.5	59.8	41.47
67.8	90.89	60.25	41.44
68.0	91.36	60.75	41.39
68.2	91.86	61.29	41.33
68.4	92.35	61.85	41.27
68.6	92.78	62.42	41.2
68.8	93.18	62.97	41.13
69.0	93.54	63.47	41.06
69.2	93.84	63.91	40.99
69.4	94.05	64.2	40.92
69.6	94.2	64.4	40.85
69.8	94.28	64.51	40.78
70.0	94.3	64.53	40.71
70.2	94.26	64.43	40.64
70.4	94.14	64.22	40.57
70.6	93.98	63.93	40.5
70.8	93.78	63.6	40.43
71.0	93.54	63.23	40.36
71.2	93.22	62.8	40.29
71.4	92.88	62.36	40.21
71.6	92.57	61.98	40.14
71.8	92.32	61.7	40.07
72.0	92.19	61.59	40.01
72.2	92.35	61.91	39.94
72.4	92.59	62.34	39.88
72.6	92.88	62.82	39.82
72.8	93.19	63.3	39.77
73.0	93.46	63.64	39.72
73.2	93.67	63.85	39.67
73.4	93.82	63.98	39.63
73.6	93.88	64.02	39.59
73.8	93.79	63.95	39.55
74.0	93.42	63.73	39.5
74.2	92.95	63.42	39.46
74.4	92.41	63.05	39.42
74.6	91.83	62.62	39.37
74.8	91.32	62.15	39.33
75.0	90.88	61.67	39.29
75.2	90.45	61.17	39.24
75.4	90.02	60.68	39.2
75.6	89.6	60.19	39.16
75.8	89.12	59.74	39.11
76.0	88.6	59.31	39.07
76.2	88.12	58.94	39.02
76.4	87.71	58.64	38.98
76.6	87.38	58.42	38.94
76.8	87.26	58.36	38.9
77.0	87.31	58.43	38.87
77.2	87.46	58.57	38.85
77.4	87.68	58.79	38.83
77.6	87.96	59.06	38.82
77.8	88.29	59.39	38.83
78.0	88.64	59.75	38.85
78.2	89.0	60.12	38.88
78.4	89.34	60.5	38.9
78.6	89.62	60.87	38.93
78.8	89.78	61.21	38.95
79.0	89.91	61.52	38.97
79.2	90.03	61.77	38.99
79.4	90.15	61.96	39.02
79.6	90.33	61.96	39.04
79.8	90.53	61.85	39.06
80.0	90.74	61.7	39.08
80.2	90.97	61.54	39.1
80.4	91.18	61.42	39.12
80.6	91.35	61.39	39.14
80.8	91.54	61.42	39.16
81.0	91.78	61.49	39.18
81.2	92.09	61.61	39.21
81.4	92.59	61.92	39.23
81.6	93.18	62.25	39.25
81.8	93.79	62.54	39.27
82.0	94.41	62.74	39.3
82.2	94.98	62.58	39.32
82.4	95.49	62.23	39.34
82.6	95.96	61.83	39.37
82.8	96.38	61.43	39.39
83.0	96.72	61.21	39.41
83.2	96.97	61.2	39.43
83.4	97.15	61.26	39.45
83.6	97.29	61.35	39.48
83.8	97.37	61.45	39.5
84.0	97.45	61.57	39.52
84.2	97.48	61.65	39.54
84.4	97.42	61.67	39.56
84.6	97.29	61.58	39.58
84.8	96.9	61.17	39.6
85.0	96.4	60.62	39.62
85.2	95.92	60.06	39.64
85.4	95.51	59.57	39.66
85.6	95.46	59.42	39.69
85.8	95.57	59.45	39.71
86.0	95.73	59.53	39.73
86.2	95.88	59.62	39.76
86.4	95.83	59.58	39.78
86.6	95.69	59.47	39.81
86.8	95.46	59.32	39.83
87.0	95.14	59.11	39.86
87.2	94.62	58.77	39.88
87.4	94.0	58.37	39.9
87.6	93.33	57.94	39.93
87.8	92.66	57.52	39.95
88.0	92.04	57.16	39.97
88.2	91.58	56.94	40.0
88.4	91.16	56.75	40.02
88.6	90.77	56.58	40.04
88.8	90.41	56.43	40.06
89.0	90.08	56.25	40.08
89.2	89.75	56.04	40.1
89.4	89.44	55.82	40.12
89.6	89.13	55.63	40.15
89.8	88.83	55.45	40.17
90.0	88.41	55.24	40.19
90.2	87.96	55.04	40.2
90.4	87.59	54.94	40.22
90.6	87.33	54.97	40.23
90.8	87.28	55.2	40.24
91.0	87.67	55.88	40.24
91.2	88.21	56.68	40.24
91.4	88.87	57.55	40.24
91.6	89.6	58.44	40.23
91.8	90.31	59.17	40.22
92.0	91.03	59.83	40.22
92.2	91.75	60.44	40.21
92.4	92.45	61.0	40.2
92.6	93.12	61.57	40.19
92.8	93.74	62.08	40.18
93.0	94.28	62.48	40.17
93.2	94.74	62.74	40.16
93.4	95.02	62.7	40.15
93.6	95.14	62.37	40.15
93.8	95.16	61.91	40.14
94.0	95.12	61.37	40.13
94.2	95.05	60.81	40.12
94.4	95.01	60.37	40.11
94.6	94.94	59.92	40.1
94.8	94.83	59.45	40.09
95.0	94.68	58.97	40.09
95.2	94.4	58.41	40.08
95.4	94.06	57.82	40.07
95.6	93.72	57.25	40.06
95.8	93.43	56.73	40.05
96.0	93.24	56.3	40.04
96.2	93.33	56.09	40.04
96.4	93.48	55.94	40.04
96.6	93.65	55.84	40.04
96.8	93.81	55.76	40.04
97.0	93.88	55.68	40.04
97.2	93.84	55.59	40.05
97.4	93.73	55.48	40.05
97.6	93.54	55.32	40.06
97.8	93.26	55.11	40.06
98.0	92.73	54.69	40.06
98.2	92.09	54.2	40.07
98.4	91.42	53.68	40.07
98.6	90.72	53.17	40.08
98.8	90.05	52.69	40.08
99.0	89.53	52.35	40.08
99.2	89.09	52.09	40.09
99.4	88.71	51.9	40.09
99.6	88.39	51.78	40.09
99.8	88.14	51.75	40.1
100.0	87.97	51.84	40.1
100.2	87.87	52.03	40.1
100.4	87.82	52.27	40.11
100.6	87.83	52.55	40.11
100.8	87.87	52.86	40.11
101.0	87.94	53.14	40.12
101.2	88.05	53.44	40.12
101.4	88.2	53.75	40.12
101.6	88.38	54.07	40.13
101.8	88.62	54.43	40.13
102.0	88.91	54.82	40.14
102.2	89.21	55.2	40.14
102.4	89.5	55.55	40.14
102.6	89.77	55.85	40.15
102.8	89.95	56.03	40.15
103.0	90.06	56.12	40.15
103.2	90.14	56.15	40.16
103.4	90.16	56.14	40.16
103.6	90.14	56.08	40.17
103.8	90.06	55.98	40.17
104.0	89.94	55.85	40.17
104.2	89.79	55.69	40.18
104.4	89.6	55.52	40.18
104.6	89.39	55.35	40.18
104.8	89.09	55.14	40.19
105.0	88.79	54.94	40.19
105.2	88.51	54.77	40.19
105.4	88.29	54.64	40.2
105.6	88.13	54.57	40.2
105.8	88.25	54.69	40.2
106.0	88.46	54.87	40.2
106.2	88.71	55.09	40.2
106.4	88.98	55.34	40.2
106.6	89.24	55.58	40.19
106.8	89.39	55.76	40.19
107.0	89.51	55.92	40.18
107.2	89.6	56.08	40.17
107.4	89.66	56.24	40.16
107.6	89.7	56.41	40.15
107.8	89.69	56.6	40.14
108.0	89.66	56.78	40.13
108.2	89.61	56.94	40.12
108.4	89.53	57.07	40.11
108.6	89.42	57.14	40.1
108.8	89.27	57.12	40.09
109.0	89.11	57.07	40.08
109.2	88.97	56.99	40.07
109.4	88.85	56.89	40.06
109.6	88.79	56.78	40.05
109.8	88.84	56.65	40.04
110.0	88.93	56.53	40.03
110.2	89.07	56.44	40.02
110.4	89.24	56.4	40.01
110.6	89.44	56.44	40.0
110.8	89.63	56.62	39.99
111.0	89.87	56.86	39.99
111.2	90.17	57.15	39.98
111.4	90.53	57.49	39.96
111.6	91.04	57.92	39.93
111.8	91.64	58.39	39.89
112.0	92.28	58.83	39.84
112.2	92.91	59.23	39.79
112.4	93.5	59.51	39.74
112.6	94.0	59.59	39.69
112.8	94.43	59.57	39.65
113.0	94.76	59.48	39.6
113.2	94.97	59.33	39.55
113.4	94.91	59.16	39.5
113.6	94.71	58.95	39.45
113.8	94.41	58.7	39.4
114.0	94.05	58.41	39.35
114.2	93.69	58.08	39.3
114.4	93.37	57.68	39.26
114.6	93.05	57.27	39.21
114.8	92.71	56.86	39.16
115.0	92.36	56.45	39.11
115.2	91.96	56.08	39.05
115.4	91.52	55.74	38.99
115.6	91.11	55.45	38.93
115.8	90.73	55.22	38.89
116.0	90.42	55.06	38.86
116.2	90.31	55.08	38.87
116.4	90.31	55.2	38.92
116.6	90.36	55.35	38.97
116.8	90.43	55.51	39.05
117.0	90.5	55.66	39.13
117.2	90.49	55.63	39.22
117.4	90.44	55.57	39.31
117.6	90.37	55.48	39.4
117.8	90.25	55.39	39.5
118.0	90.08	55.32	39.59
118.2	89.83	55.31	39.68
118.4	89.55	55.3	39.77
118.6	89.24	55.27	39.86
118.8	88.92	55.23	39.94
119.0	88.56	55.11	40.02
119.2	88.16	54.88	40.11
119.4	87.79	54.66	40.19
119.6	87.47	54.47	40.26
119.8	87.22	54.33	40.32
120.0	87.12	54.34	40.35
120.2	87.2	54.53	40.36
120.4	87.37	54.79	40.35
120.6	87.6	55.11	40.32
120.8	87.88	55.47	40.26
121.0	88.21	55.86	40.16
121.2	88.56	56.27	40.03
121.4	88.91	56.67	39.88
121.6	89.25	57.06	39.72
121.8	89.55	57.41	39.56
122.0	89.68	57.65	39.41
122.2	89.78	57.85	39.27
122.4	89.87	58.02	39.13
122.6	89.96	58.17	38.98
122.8	90.13	58.34	38.83
123.0	90.38	58.52	38.66
123.2	90.65	58.7	38.5
123.4	90.91	58.87	38.36
123.6	91.16	59.04	38.25
123.8	91.32	59.19	38.21
124.0	91.43	59.34	38.21
124.2	91.54	59.47	38.25
124.4	91.64	59.61	38.3
124.6	91.79	59.74	38.37
124.8	92.07	59.94	38.44
125.0	92.34	60.1	38.51
125.2	92.56	60.2	38.6
125.4	92.69	60.22	38.68
125.6	92.57	60.03	38.77
125.8	92.21	59.64	38.85
126.0	91.75	59.18	38.93
126.2	91.22	58.69	39.01
126.4	90.67	58.2	39.09
126.6	90.13	57.82	39.17
126.8	89.63	57.53	39.24
127.0	89.17	57.29	39.31
127.2	88.79	57.11	39.38
127.4	88.5	56.99	39.45
127.6	88.44	56.95	39.52
127.8	88.58	56.99	39.6
128.0	88.81	57.08	39.67
128.2	89.1	57.24	39.75
128.4	89.43	57.44	39.82
128.6	89.75	57.74	39.9
128.8	90.06	58.08	39.97
129.0	90.36	58.43	40.05
129.2	90.63	58.76	40.13
129.4	90.85	59.04	40.2
129.6	90.94	59.17	40.28
129.8	90.98	59.24	40.35
130.0	90.97	59.27	40.43
130.2	90.91	59.25	40.5
130.4	90.8	59.18	40.58
130.6	90.63	59.06	40.66
130.8	90.45	58.93	40.74
131.0	90.25	58.8	40.81
131.2	90.05	58.68	40.89
131.4	89.82	58.6	40.96
131.6	89.62	58.56	41.04
131.8	89.49	58.58	41.1
132.0	89.45	58.69	41.16
132.2	89.59	58.92	41.2
132.4	89.97	59.33	41.21
132.6	90.45	59.82	41.21
132.8	91.01	60.37	41.2
133.0	91.62	60.96	41.19
133.2	92.27	61.58	41.18
133.4	92.91	62.19	41.18
133.6	93.54	62.78	41.17
133.8	94.1	63.33	41.16
134.0	94.47	63.7	41.15
134.2	94.77	64.02	41.15
134.4	95.02	64.28	41.14
134.6	95.22	64.5	41.13
134.8	95.47	64.79	41.13
135.0	95.71	65.05	41.12
135.2	95.91	65.24	41.12
135.4	96.07	65.32	41.11
135.6	96.11	65.13	41.1
135.8	96.07	64.73	41.1
136.0	96.02	64.3	41.09
136.2	96.0	63.92	41.08
136.4	96.18	63.87	41.08
136.6	96.47	64.03	41.07
136.8	96.74	64.21	41.06
137.0	96.92	64.33	41.06
137.2	96.86	64.15	41.05
137.4	96.63	63.8	41.04
137.6	96.26	63.32	41.04
137.8	95.76	62.72	41.03
138.0	95.02	61.86	41.02
138.2	94.16	60.9	41.02
138.4	93.25	59.91	41.01
138.6	92.33	58.93	41.0
138.8	91.5	58.1	41.0
139.0	90.91	57.59	40.99
139.2	90.37	57.18	40.98
139.4	89.89	56.86	40.98
139.6	89.45	56.59	40.97
139.8	89.01	56.34	40.96
140.0	88.46	55.97	40.96
140.2	87.95	55.66	40.95
140.4	87.51	55.42	40.95
140.6	87.14	55.27	40.94
140.8	86.9	55.29	40.93
141.0	86.85	55.55	40.93
141.2	86.91	55.93	40.92
141.4	87.08	56.38	40.92
141.6	87.35	56.9	40.91
141.8	87.78	57.44	40.9
142.0	88.32	58.0	40.88
142.2	88.91	58.57	40.87
142.4	89.5	59.11	40.85
142.6	90.05	59.63	40.83
142.8	90.49	60.11	40.81
143.0	90.87	60.52	40.78
143.2	91.18	60.82	40.76
143.4	91.42	61.01	40.73
143.6	91.51	60.92	40.71
143.8	91.51	60.68	40.68
144.0	91.44	60.34	40.66
144.2	91.31	59.94	40.63
144.4	91.1	59.52	40.61
144.6	90.79	59.13	40.58
144.8	90.47	58.75	40.56
145.0	90.16	58.4	40.53
145.2	89.92	58.08	40.51
145.4	89.83	57.85	40.49
145.6	89.96	57.74	40.46
145.8	90.16	57.68	40.44
146.0	90.41	57.65	40.42
146.2	90.68	57.67	40.39
146.4	90.93	57.7	40.35
146.6	91.15	57.74	40.31
146.8	91.36	57.8	40.27
147.0	91.55	57.88	40.23
147.2	91.73	57.98	40.18
147.4	91.89	58.16	40.14
147.6	92.02	58.33	40.09
147.8	92.11	58.47	40.05
148.0	92.14	58.55	40.0
148.2	92.09	58.51	39.96
148.4	91.91	58.26	39.91
148.6	91.68	57.92	39.86
148.8	91.39	57.53	39.82
149.0	91.07	57.08	39.77
149.2	90.69	56.6	39.73
149.4	90.25	56.06	39.67
149.6	89.83	55.55	39.62
149.8	89.45	55.09	39.58
150.0	89.15	54.72	39.54
150.2	89.06	54.54	39.51
150.4	89.19	54.61	39.51
150.6	89.41	54.76	39.51
150.8	89.68	54.97	39.52
151.0	89.99	55.22	39.54
151.2	90.27	55.44	39.57
151.4	90.53	55.64	39.61
151.6	90.75	55.81	39.66
151.8	90.92	55.93	39.71
152.0	91.01	55.97	39.76
152.2	90.9	55.78	39.81
152.4	90.71	55.52	39.86
152.6	90.47	55.22	39.9
152.8	90.2	54.9	39.95
153.0	89.91	54.59	39.99
153.2	89.62	54.35	40.04
153.4	89.36	54.15	40.09
153.6	89.13	53.98	40.13
153.8	88.95	53.85	40.17
154.0	88.87	53.8	40.2
154.2	88.94	53.83	40.22
154.4	89.08	53.91	40.23
154.6	89.27	54.04	40.23
154.8	89.5	54.21	40.23
155.0	89.79	54.43	40.23
155.2	90.11	54.7	40.22
155.4	90.41	54.96	40.2
155.6	90.66	55.2	40.19
155.8	90.85	55.39	40.17
156.0	90.79	55.4	40.16
156.2	90.64	55.34	40.14
156.4	90.42	55.25	40.13
156.6	90.17	55.13	40.11
156.8	89.91	55.01	40.1
157.0	89.7	54.95	40.08
157.2	89.5	54.89	40.07
157.4	89.32	54.84	40.05
157.6	89.15	54.8	40.04
157.8	89.0	54.77	40.02
158.0	88.84	54.7	40.01
158.2	88.73	54.66	39.99
158.4	88.68	54.67	39.97
158.6	88.71	54.74	39.96
158.8	88.86	54.92	39.95
159.0	89.21	55.28	39.94
159.2	89.63	55.71	39.93
159.4	90.08	56.16	39.92
159.6	90.55	56.64	39.92
159.8	90.96	57.09	39.92
160.0	91.32	57.52	39.92
160.2	91.64	57.9	39.92
160.4	91.89	58.21	39.92
160.6	92.06	58.45	39.92
160.8	92.07	58.5	39.92
161.0	91.99	58.46	39.92
161.2	91.85	58.34	39.91
161.4	91.65	58.15	39.91
161.6	91.39	57.86	39.91
161.8	91.04	57.43	39.91
162.0	90.68	56.99	39.91
162.2	90.36	56.58	39.91
162.4	90.1	56.25	39.92
162.6	90.0	56.13	39.93
162.8	90.17	56.36	39.96
163.0	90.42	56.68	39.99
163.2	90.7	57.05	40.02
163.4	91.0	57.43	40.06
163.6	91.24	57.7	40.1
163.8	91.4	57.85	40.13
164.0	91.51	57.94	40.17
164.2	91.56	57.98	40.2
164.4	91.54	57.98	40.23
164.6	91.37	57.87	40.27
164.8	91.1	57.72	40.3
165.0	90.77	57.52	40.33
165.2	90.39	57.31	40.36
165.4	89.97	57.08	40.4
165.6	89.47	56.82	40.43
165.8	88.97	56.57	40.46
166.0	88.5	56.37	40.49
166.2	88.1	56.22	40.52
166.4	87.79	56.16	40.55
166.6	87.74	56.32	40.57
166.8	87.82	56.59	40.59
167.0	87.99	56.92	40.61
167.2	88.26	57.32	40.63
167.4	88.62	57.77	40.64
167.6	89.1	58.28	40.66
167.8	89.59	58.78	40.67
168.0	90.07	59.26	40.69
168.2	90.48	59.68	40.7
168.4	90.66	59.95	40.71
168.6	90.7	60.12	40.73
168.8	90.67	60.2	40.74
169.0	90.57	60.19	40.76
169.2	90.44	60.09	40.77
169.4	90.34	59.86	40.79
169.6	90.21	59.56	40.8
169.8	90.05	59.23	40.82
170.0	89.87	58.89	40.83
170.2	89.65	58.57	40.85
170.4	89.37	58.29	40.86
170.6	89.1	58.04	40.87
170.8	88.86	57.84	40.88
171.0	88.66	57.7	40.89
171.2	88.63	57.7	40.89
171.4	88.72	57.82	40.89
171.6	88.85	57.96	40.87
171.8	88.99	58.1	40.85
172.0	89.13	58.22	40.82
172.2	89.19	58.2	40.76
172.4	89.23	58.14	40.69
172.6	89.22	58.05	40.61
172.8	89.16	57.94	40.53
173.0	89.02	57.82	40.45
173.2	88.77	57.7	40.38
173.4	88.47	57.57	40.3
173.6	88.13	57.43	40.23
173.8	87.76	57.27	40.16
174.0	87.38	57.09	40.08
174.2	87.02	56.88	40.01
174.4	86.66	56.67	39.94
174.6	86.3	56.44	39.86
174.8	85.94	56.2	39.79
175.0	85.59	55.95	39.72
175.2	85.18	55.58	39.63
175.4	84.81	55.24	39.55
175.6	84.5	54.96	39.47
175.8	84.27	54.77	39.4
176.0	84.14	54.71	39.35
176.2	84.27	55.03	39.33
176.4	84.5	55.48	39.33
176.6	84.83	56.02	39.33
176.8	85.23	56.64	39.35
177.0	85.7	57.3	39.37
177.2	86.24	57.97	39.38
177.4	86.81	58.64	39.4
177.6	87.37	59.29	39.42
177.8	87.91	59.89	39.45
178.0	88.36	60.36	39.47
178.2	88.73	60.72	39.49
178.4	89.04	61.01	39.51
178.6	89.31	61.22	39.53
178.8	89.53	61.35	39.55
179.0	89.68	61.4	39.57
179.2	89.8	61.38	39.6
179.4	89.87	61.3	39.62
179.6	89.89	61.15	39.64
179.8	89.87	60.92	39.66
180.0	89.7	60.52	39.68
180.2	89.55	60.12	39.7
180.4	89.44	59.75	39.72
180.6	89.42	59.46	39.73
180.8	89.63	59.39	39.74
181.0	90.17	59.66	39.75
181.2	90.78	60.01	39.75
181.4	91.42	60.38	39.74
181.6	92.02	60.75	39.74
181.8	92.44	60.95	39.74
182.0	92.72	61.03	39.73
182.2	92.9	61.03	39.73
182.4	92.96	60.95	39.73
182.6	92.89	60.76	39.72
182.8	92.57	60.36	39.72
183.0	92.14	59.9	39.72
183.2	91.66	59.38	39.71
183.4	91.14	58.85	39.71
183.6	90.66	58.35	39.71
183.8	90.33	57.95	39.7
184.0	90.02	57.59	39.69
184.2	89.75	57.27	39.69
184.4	89.49	56.99	39.69
184.6	89.25	56.76	39.69
184.8	88.97	56.57	39.7
185.0	88.73	56.44	39.72
185.2	88.52	56.36	39.74
185.4	88.38	56.33	39.76
185.6	88.32	56.38	39.79
185.8	88.44	56.55	39.83
186.0	88.61	56.76	39.86
186.2	88.81	56.97	39.91
186.4	89.0	57.17	39.95
186.6	89.12	57.2	39.99
186.8	89.13	57.06	40.03
187.0	89.12	56.92	40.06
187.2	89.12	56.84	40.1
187.4	89.13	56.86	40.14
187.6	89.2	57.27	40.17
187.8	89.33	57.97	40.2
188.0	89.5	58.73	40.24
188.2	89.68	59.49	40.27
188.4	89.9	60.17	40.31
188.6	90.16	60.5	40.34
188.8	90.44	60.67	40.38
189.0	90.7	60.76	40.41
189.2	90.93	60.77	40.45
189.4	91.08	60.78	40.49
189.6	91.16	60.77	40.53
189.8	91.18	60.69	40.57
190.0	91.14	60.53	40.61
190.2	91.01	60.2	40.66
190.4	90.8	59.74	40.7
190.6	90.53	59.22	40.75
190.8	90.23	58.68	40.79
191.0	89.92	58.17	40.84
191.2	89.62	57.83	40.88
191.4	89.31	57.52	40.92
191.6	88.98	57.22	40.96
191.8	88.64	56.92	41.0
192.0	88.29	56.61	41.03
192.2	87.91	56.19	41.07
192.4	87.52	55.75	41.11
192.6	87.13	55.31	41.15
192.8	86.74	54.88	41.19
193.0	86.35	54.46	41.22
193.2	85.81	54.02	41.26
193.4	85.24	53.59	41.3
193.6	84.77	53.25	41.33
193.8	84.47	53.0	41.36
194.0	84.39	52.89	41.38
194.2	84.86	53.04	41.39
194.4	85.94	53.49	41.4
194.6	87.17	54.06	41.39
194.8	88.46	54.7	41.37
195.0	89.72	55.39	41.34
195.2	90.64	56.04	41.28
195.4	91.22	56.64	41.2
195.6	91.64	57.22	41.1
195.8	91.93	57.76	41.0
196.0	92.09	58.25	40.89
196.2	92.09	58.65	40.79
196.4	91.98	58.98	40.7
196.6	91.81	59.23	40.6
196.8	91.6	59.42	40.51
197.0	91.37	59.53	40.41
197.2	91.26	59.51	40.32
197.4	91.21	59.4	40.22
197.6	91.18	59.23	40.13
197.8	91.14	59.02	40.03
198.0	91.1	58.79	39.94
198.2	90.98	58.56	39.84
198.4	90.8	58.33	39.73
198.6	90.64	58.12	39.63
198.8	90.52	57.93	39.54
199.0	90.46	57.78	39.45
199.2	90.6	57.75	39.39
199.4	90.9	57.82	39.35
199.6	91.25	57.92	39.33
199.8	91.6	58.02	39.31
200.0	91.93	58.12	39.31
200.2	92.1	58.15	39.32
200.4	92.17	58.13	39.34
200.6	92.19	58.06	39.36
200.8	92.15	57.95	39.39
201.0	92.08	57.79	39.42
201.2	91.95	57.51	39.45
201.4	91.8	57.17	39.47
201.6	91.62	56.79	39.49
201.8	91.44	56.4	39.52
202.0	91.25	56.0	39.54
202.2	91.07	55.62	39.56
202.4	90.9	55.26	39.58
202.6	90.76	54.95	39.61
202.8	90.67	54.69	39.63
203.0	90.63	54.5	39.65
203.2	90.7	54.45	39.66
203.4	90.9	54.56	39.68
203.6	91.14	54.73	39.69
203.8	91.43	54.94	39.7
204.0	91.74	55.17	39.72
204.2	92.08	55.38	39.73
204.4	92.43	55.58	39.74
204.6	92.75	55.74	39.76
204.8	93.01	55.86	39.77
205.0	93.19	55.92	39.79
205.2	93.14	55.87	39.8
205.4	92.97	55.73	39.81
205.6	92.71	55.52	39.83
205.8	92.38	55.23	39.84
206.0	91.99	54.87	39.86
206.2	91.55	54.31	39.87
206.4	91.08	53.67	39.89
206.6	90.59	53.02	39.9
206.8	90.1	52.38	39.91
207.0	89.61	51.78	39.93
207.2	89.13	51.33	39.94
207.4	88.68	51.06	39.94
207.6	88.28	50.87	39.95
207.8	87.94	50.78	39.95
208.0	87.68	50.77	39.95
208.2	87.51	50.84	39.95
208.4	87.62	51.09	39.94
208.6	87.8	51.39	39.93
208.8	88.03	51.72	39.92
209.0	88.28	52.07	39.9
209.2	88.52	52.4	39.89
209.4	88.62	52.61	39.87
209.6	88.68	52.78	39.85
209.8	88.72	52.92	39.83
210.0	88.73	53.04	39.82
210.2	88.73	53.13	39.8
210.4	88.7	53.21	39.78
210.6	88.66	53.27	39.76
210.8	88.61	53.32	39.74
211.0	88.55	53.36	39.73
211.2	88.48	53.4	39.71
211.4	88.3	53.34	39.69
211.6	88.12	53.28	39.67
211.8	87.99	53.28	39.65
212.0	87.95	53.35	39.64
212.2	88.03	53.54	39.62
212.4	88.55	54.13	39.6
212.6	89.19	54.83	39.58
212.8	89.88	55.58	39.57
213.0	90.58	56.32	39.55
213.2	91.17	56.98	39.53
213.4	91.57	57.46	39.52
213.6	91.88	57.86	39.5
213.8	92.1	58.15	39.48
214.0	92.23	58.33	39.46
214.2	92.19	58.28	39.45
214.4	92.05	58.09	39.43
214.6	91.84	57.82	39.41
214.8	91.6	57.51	39.4
215.0	91.35	57.19	39.38
215.2	91.15	56.97	39.36
215.4	90.98	56.8	39.34
215.6	90.84	56.67	39.32
215.8	90.74	56.57	39.3
216.0	90.68	56.52	39.29
216.2	90.75	56.58	39.29
216.4	90.89	56.7	39.3
216.6	91.06	56.84	39.32
216.8	91.25	56.98	39.34
217.0	91.44	57.11	39.36
217.2	91.59	57.13	39.4
217.4	91.72	57.1	39.43
217.6	91.82	57.05	39.48
217.8	91.88	56.97	39.52
218.0	91.89	56.89	39.56
218.2	91.77	56.82	39.6
218.4	91.6	56.75	39.64
218.6	91.39	56.68	39.68
218.8	91.16	56.6	39.72
219.0	90.91	56.52	39.76
219.2	90.69	56.43	39.8
219.4	90.48	56.35	39.84
219.6	90.26	56.25	39.88
219.8	90.04	56.14	39.92
220.0	89.83	56.02	39.95
220.2	89.56	55.81	39.98
220.4	89.28	55.56	40.01
220.6	89.02	55.33	40.03
220.8	88.8	55.15	40.05
221.0	88.64	55.04	40.07
221.2	88.63	55.14	40.09
221.4	88.75	55.4	40.1
221.6	88.91	55.73	40.12
221.8	89.12	56.1	40.13
222.0	89.36	56.49	40.14
222.2	89.61	56.85	40.15
222.4	89.86	57.18	40.17
222.6	90.08	57.47	40.18
222.8	90.24	57.72	40.2
223.0	90.34	57.91	40.21
223.2	90.21	57.98	40.23
223.4	90.01	57.98	40.24
223.6	89.73	57.92	40.26
223.8	89.41	57.79	40.27
224.0	89.05	57.6	40.28
224.2	88.64	57.22	40.3
224.4	88.22	56.8	40.31
224.6	87.82	56.39	40.32
224.8	87.45	56.02	40.34
225.0	87.14	55.74	40.35
225.2	86.98	55.74	40.36
225.4	86.93	55.93	40.38
225.6	86.95	56.2	40.39
225.8	87.03	56.53	40.4
226.0	87.17	56.91	40.41
226.2	87.4	57.31	40.43
226.4	87.68	57.71	40.44
226.6	87.97	58.09	40.46
226.8	88.26	58.44	40.47
227.0	88.5	58.75	40.49
227.2	88.6	58.91	40.5
227.4	88.63	59.0	40.51
227.6	88.61	59.02	40.53
227.8	88.54	58.98	40.54
228.0	88.43	58.89	40.55
228.2	88.3	58.7	40.57
228.4	88.14	58.46	40.58
228.6	87.96	58.2	40.6
228.8	87.75	57.94	40.61
229.0	87.52	57.69	40.62
229.2	87.19	57.49	40.63
229.4	86.85	57.34	40.64
229.6	86.54	57.24	40.65
229.8	86.31	57.21	40.66
230.0	86.17	57.25	40.67
230.2	86.33	57.44	40.67
230.4	86.64	57.72	40.68
230.6	87.05	58.08	40.68
230.8	87.54	58.52	40.69
231.0	88.1	59.02	40.69
231.2	88.75	59.71	40.7
231.4	89.41	60.43	40.7
231.6	90.05	61.14	40.71
231.8	90.64	61.79	40.72
232.0	91.1	62.3	40.72
232.2	91.29	62.49	40.73
232.4	91.38	62.56	40.73
232.6	91.38	62.54	40.74
232.8	91.32	62.45	40.74
233.0	91.22	62.32	40.75
233.2	91.1	62.19	40.76
233.4	90.97	62.04	40.76
233.6	90.82	61.89	40.77
233.8	90.69	61.74	40.77
234.0	90.57	61.63	40.78
234.2	90.49	61.58	40.78
234.4	90.45	61.57	40.78
234.6	90.47	61.6	40.78
234.8	90.55	61.68	40.78
235.0	90.76	61.85	40.78
235.2	91.2	62.18	40.77
235.4	91.68	62.52	40.75
235.6	92.17	62.84	40.74
235.8	92.63	63.09	40.72
236.0	92.93	63.17	40.71
236.2	93.09	63.07	40.69
236.4	93.17	62.87	40.67
236.6	93.17	62.59	40.66
236.8	93.1	62.21	40.64
237.0	92.93	61.72	40.62
237.2	92.7	61.17	40.61
237.4	92.42	60.58	40.59
237.6	92.11	59.97	40.57
237.8	91.75	59.37	40.55
238.0	91.34	58.77	40.54
238.2	90.95	58.23	40.52
238.4	90.58	57.75	40.5
238.6	90.28	57.36	40.49
238.8	90.14	57.18	40.47
239.0	90.15	57.18	40.45
239.2	90.21	57.27	40.44
239.4	90.31	57.42	40.42
239.6	90.41	57.59	40.4
239.8	90.47	57.73	40.39
240.0	90.5	57.85	40.37
240.2	90.49	57.97	40.35
240.4	90.43	58.05	40.34
240.6	90.27	58.07	40.32
240.8	90.0	58.02	40.3
241.0	89.67	57.92	40.29
241.2	89.3	57.8	40.27
241.4	88.88	57.64	40.25
241.6	88.45	57.45	40.23
241.8	88.01	57.24	40.22
242.0	87.55	57.01	40.2
242.2	87.1	56.77	40.18
242.4	86.64	56.53	40.17
242.6	86.2	56.26	40.15
242.8	85.79	56.01	40.13
243.0	85.39	55.77	40.12
243.2	85.04	55.57	40.1
243.4	84.72	55.43	40.08
243.6	84.41	55.36	40.06
243.8	84.15	55.37	40.04
244.0	83.98	55.47	40.02
244.2	83.92	55.65	40.01
244.4	84.0	55.93	40.0
244.6	84.4	56.46	40.01
244.8	84.9	57.05	40.03
245.0	85.49	57.69	40.05
245.2	86.11	58.34	40.07
245.4	86.73	58.95	40.1
245.6	87.31	59.51	40.12
245.8	87.85	60.0	40.14
246.0	88.33	60.38	40.16
246.2	88.73	60.65	40.19
246.4	88.92	60.59	40.21
246.6	88.99	60.36	40.23
246.8	88.97	60.03	40.25
247.0	88.89	59.66	40.28
247.2	88.76	59.27	40.3
247.4	88.61	59.05	40.32
247.6	88.44	58.87	40.34
247.8	88.26	58.71	40.36
248.0	88.11	58.56	40.38
248.2	87.98	58.42	40.4
248.4	87.94	58.26	40.42
248.6	87.95	58.11	40.44
248.8	88.01	57.99	40.46
249.0	88.12	57.9	40.48
249.2	88.3	57.89	40.5
249.4	88.59	57.98	40.52
249.6	88.89	58.09	40.55
249.8	89.18	58.19	40.57
250.0	89.44	58.26	40.59
250.2	89.61	58.23	40.61
250.4	89.7	58.13	40.64
250.6	89.71	57.96	40.66
250.8	89.64	57.71	40.68
251.0	89.42	57.32	40.7
251.2	89.08	56.82	40.73
251.4	88.63	56.24	40.75
251.6	88.1	55.62	40.77
251.8	87.48	54.95	40.79
252.0	86.7	54.22	40.82
252.2	85.88	53.49	40.84
252.4	85.04	52.8	40.86
252.6	84.22	52.18	40.88
252.8	83.47	51.68	40.9
253.0	82.87	51.41	40.91
253.2	82.36	51.26	40.92
253.4	81.96	51.23	40.93
253.6	81.67	51.32	40.93
253.8	81.59	51.56	40.93
254.0	81.75	51.95	40.92
254.2	81.98	52.42	40.91
254.4	82.25	52.91	40.9
254.6	82.51	53.42	40.88
254.8	82.62	53.83	40.86
255.0	82.62	54.17	40.85
255.2	82.57	54.46	40.83
255.4	82.48	54.71	40.81
255.6	82.35	54.91	40.8
255.8	82.12	54.97	40.78
256.0	81.88	54.99	40.76
256.2	81.67	55.0	40.74
256.4	81.5	55.02	40.73
256.6	81.44	55.07	40.71
256.8	81.52	55.18	40.69
257.0	81.69	55.34	40.68
257.2	81.97	55.57	40.66
257.4	82.36	55.89	40.64
257.6	82.96	56.41	40.63
257.8	83.63	56.98	40.61
258.0	84.34	57.59	40.59
258.2	85.06	58.18	40.58
258.4	85.69	58.69	40.56
258.6	86.27	59.14	40.54
258.8	86.79	59.52	40.53
259.0	87.25	59.81	40.51
259.2	87.62	59.99	40.49
259.4	87.89	60.03	40.47
259.6	88.08	59.99	40.46
259.8	88.21	59.89	40.44
260.0	88.28	59.73	40.42
260.2	88.3	59.56	40.41
260.4	88.28	59.36	40.39
260.6	88.21	59.13	40.37
260.8	88.1	58.88	40.36
261.0	87.94	58.61	40.34
261.2	87.69	58.29	40.32
261.4	87.43	57.99	40.31
261.6	87.21	57.73	40.29
261.8	87.04	57.52	40.27
262.0	87.03	57.45	40.28
262.2	87.17	57.51	40.3
262.4	87.39	57.64	40.3
262.6	87.66	57.81	40.27
262.8	87.98	58.0	40.19
263.0	88.34	58.2	40.2
263.2	88.72	58.39	40.2
263.4	89.09	58.56	40.21
263.6	89.42	58.71	40.21
263.8	89.67	58.8	40.22
264.0	89.83	58.82	40.23
264.2	89.94	58.8	40.23
264.4	90.0	58.73	40.24
264.6	90.03	58.63	40.24
264.8	90.01	58.46	40.25
265.0	89.97	58.26	40.26
265.2	89.92	58.04	40.26
265.4	89.86	57.8	40.27
265.6	89.79	57.51	40.27
265.8	89.73	57.18	40.28
266.0	89.69	56.89	40.28
266.2	89.68	56.68	40.29
266.4	89.7	56.58	40.3
266.6	89.83	56.81	40.3
266.8	90.01	57.25	40.31
267.0	90.22	57.76	40.31
267.2	90.42	58.3	40.32
267.4	90.61	58.82	40.32
267.6	90.77	59.28	40.33
267.8	90.87	59.66	40.34
268.0	90.9	59.91	40.34
268.2	90.78	59.94	40.35
268.4	90.37	59.57	40.35
268.6	89.95	59.11	40.36
268.8	89.58	58.65	40.36
269.0	89.45	58.38	40.37
269.2	89.78	58.53	40.38
269.4	90.21	58.74	40.38
269.6	90.63	58.96	40.39
269.8	90.9	59.05	40.39
270.0	90.77	58.82	40.4
270.2	90.51	58.49	40.4
270.4	90.15	58.09	40.41
270.6	89.72	57.64	40.42
270.8	89.3	57.22	40.42
271.0	88.85	56.79	40.43
271.2	88.36	56.36	40.43
271.4	87.83	55.93	40.44
271.6	87.27	55.5	40.44
271.8	86.62	55.06	40.45
272.0	85.97	54.64	40.46
272.2	85.35	54.27	40.46
272.4	84.78	53.97	40.47
272.6	84.31	53.76	40.47
272.8	84.07	53.73	40.48
273.0	83.9	53.78	40.49
273.2	83.8	53.9	40.49
273.4	83.75	54.06	40.5
273.6	83.68	54.24	40.5
273.8	83.5	54.35	40.51
274.0	83.39	54.53	40.51
274.2	83.38	54.8	40.52
274.4	83.51	55.19	40.53
274.6	83.96	55.87	40.54
274.8	84.67	56.77	40.53
275.0	85.48	57.73	40.5
275.2	86.35	58.69	40.46
275.4	87.24	59.59	40.41
275.6	88.09	60.32	40.36
275.8	88.87	60.92	40.31
276.0	89.55	61.37	40.26
276.2	90.07	61.64	40.2
276.4	90.21	61.52	40.15
276.6	90.1	61.16	40.1
276.8	89.85	60.65	40.05
277.0	89.5	60.04	40.0
277.2	89.1	59.39	39.95
277.4	88.79	58.83	39.9
277.6	88.46	58.27	39.84
277.8	88.13	57.72	39.79
278.0	87.81	57.21	39.74
278.2	87.49	56.74	39.69
278.4	87.27	56.44	39.64
278.6	87.08	56.21	39.59
278.8	86.9	56.02	39.54
279.0	86.71	55.84	39.48
279.2	86.52	55.65	39.43
279.4	86.25	55.35	39.38
279.6	85.9	54.93	39.32
279.8	85.55	54.51	39.26
280.0	85.22	54.13	39.21
280.2	84.92	53.81	39.17
280.4	84.71	53.63	39.13
280.6	84.68	53.74	39.11
280.8	84.7	53.94	39.1
281.0	84.76	54.2	39.09
281.2	84.86	54.49	39.09
281.4	84.98	54.79	39.09
281.6	85.06	54.96	39.09
281.8	85.16	55.12	39.1
282.0	85.25	55.27	39.11
282.2	85.33	55.41	39.11
282.4	85.41	55.55	39.12
282.6	85.48	55.71	39.13
282.8	85.52	55.87	39.13
283.0	85.56	56.01	39.14
283.2	85.57	56.12	39.15
283.4	85.57	56.21	39.15
283.6	85.52	56.19	39.16
283.8	85.44	56.11	39.16
284.0	85.36	56.01	39.17
284.2	85.29	55.93	39.18
284.4	85.24	55.88	39.18
284.6	85.26	55.95	39.19
284.8	85.33	56.12	39.19
285.0	85.44	56.32	39.2
285.2	85.58	56.55	39.21
285.4	85.76	56.79	39.21
285.6	86.01	57.01	39.22
285.8	86.3	57.21	39.22
286.0	86.59	57.39	39.23
286.2	86.86	57.55	39.24
286.4	87.1	57.67	39.24
286.6	87.2	57.71	39.25
286.8	87.25	57.7	39.26
287.0	87.25	57.66	39.26
287.2	87.21	57.58	39.27
287.4	87.14	57.46	39.28
287.6	87.05	57.28	39.28
287.8	86.95	57.07	39.29
