0.2	86.9	44.33	32.9
0.4	86.75	44.22	32.84
0.6	86.52	44.0	32.82
0.8	86.25	43.7	32.84
1.0	85.96	43.35	32.89
1.2	85.68	42.99	32.98
1.4	85.44	42.65	33.09
1.6	85.28	42.36	33.24
1.8	85.22	42.15	33.41
2.0	85.44	42.18	33.62
2.2	85.85	42.39	33.85
2.4	86.33	42.66	34.09
2.6	86.82	42.95	34.35
2.8	87.2	43.18	34.6
3.0	87.43	43.29	34.86
3.2	87.58	43.36	35.12
3.4	87.67	43.38	35.37
3.6	87.69	43.36	35.63
3.8	87.64	43.29	35.88
4.0	87.52	43.17	36.13
4.2	87.31	42.98	36.39
4.4	87.0	42.72	36.64
4.6	86.49	42.28	36.89
4.8	85.91	41.8	37.13
5.0	85.32	41.3	37.38
5.2	84.73	40.83	37.62
5.4	84.22	40.42	37.88
5.6	83.79	40.09	38.13
5.8	83.46	39.88	38.38
6.0	83.27	39.8	38.6
6.2	83.31	39.96	38.8
6.4	83.66	40.45	38.95
6.6	84.13	41.05	39.08
6.8	84.67	41.74	39.19
7.0	85.23	42.45	39.27
7.2	85.71	43.11	39.33
7.4	86.16	43.73	39.37
7.6	86.56	44.28	39.4
7.8	86.89	44.73	39.42
8.0	87.02	44.95	39.45
8.2	87.03	45.02	39.49
8.4	87.0	44.98	39.52
8.6	86.94	44.86	39.56
8.8	86.87	44.63	39.59
9.0	86.82	44.31	39.63
9.2	86.82	44.0	39.66
9.4	86.91	43.74	39.7
9.6	87.14	43.62	39.73
9.8	87.8	43.95	39.76
10.0	88.53	44.36	39.8
10.2	89.24	44.8	39.83
10.4	89.85	45.2	39.87
10.6	90.05	45.34	39.9
10.8	90.02	45.33	39.94
11.0	89.83	45.23	39.98
11.2	89.52	45.04	40.02
11.4	89.16	44.78	40.06
11.6	88.73	44.46	40.1
11.8	88.23	44.09	40.13
12.0	87.67	43.68	40.17
12.2	87.03	43.24	40.21
12.4	86.23	42.74	40.24
12.6	85.41	42.25	40.28
12.8	84.6	41.79	40.31
13.0	83.84	41.37	40.34
13.2	83.2	41.05	40.38
13.4	82.74	40.86	40.42
13.6	82.41	40.76	40.46
13.8	82.23	40.78	40.49
14.0	82.19	40.92	40.52
14.2	82.43	41.28	40.55
14.4	82.86	41.81	40.58
14.6	83.4	42.41	40.58
14.8	84.0	43.07	40.57
15.0	84.61	43.77	40.51
15.2	85.18	44.5	40.38
15.4	85.7	45.17	40.22
15.6	86.14	45.74	40.04
15.8	86.45	46.16	39.85
16.0	86.41	46.13	39.69
16.2	86.24	45.93	39.52
16.4	86.0	45.63	39.35
16.6	85.73	45.27	39.18
16.8	85.51	44.95	39.02
17.0	85.34	44.67	38.85
17.2	85.24	44.44	38.69
17.4	85.24	44.28	38.52
17.6	85.48	44.3	38.34
17.8	85.91	44.46	38.16
18.0	86.39	44.69	37.98
18.2	86.9	44.97	37.83
18.4	87.35	45.28	37.73
18.6	87.72	45.58	37.66
18.8	88.01	45.87	37.63
19.0	88.23	46.12	37.62
19.2	88.33	46.31	37.64
19.4	88.31	46.42	37.68
19.6	88.2	46.47	37.74
19.8	88.01	46.43	37.8
20.0	87.75	46.29	37.86
20.2	87.43	46.03	37.91
20.4	87.06	45.7	37.96
20.6	86.63	45.31	38.02
20.8	86.16	44.88	38.06
21.0	85.55	44.33	38.11
21.2	84.95	43.8	38.16
21.4	84.41	43.34	38.21
21.6	83.97	42.99	38.26
21.8	83.84	42.97	38.31
22.0	83.91	43.16	38.36
22.2	84.09	43.47	38.41
22.4	84.37	43.87	38.47
22.6	84.77	44.35	38.52
22.8	85.24	44.87	38.57
23.0	85.69	45.37	38.62
23.2	86.08	45.81	38.67
23.4	86.27	46.06	38.72
23.6	86.24	46.12	38.78
23.8	86.11	46.07	38.83
24.0	85.9	45.92	38.89
24.2	85.61	45.7	38.94
24.4	85.26	45.4	38.99
24.6	84.88	45.06	39.04
24.8	84.49	44.68	39.09
25.0	84.1	44.29	39.14
25.2	83.63	43.74	39.19
25.4	83.24	43.26	39.24
25.6	82.99	42.92	39.29
25.8	82.93	42.81	39.34
26.0	83.37	43.33	39.38
26.2	84.15	44.25	39.42
26.4	85.07	45.31	39.45
26.6	86.09	46.39	39.47
26.8	87.01	47.17	39.48
27.0	87.85	47.7	39.49
27.2	88.7	48.19	39.48
27.4	89.59	48.71	39.47
27.6	90.65	49.53	39.47
27.8	91.78	50.46	39.46
28.0	92.84	51.32	39.45
28.2	93.78	52.02	39.45
28.4	94.5	52.35	39.44
28.6	94.98	52.39	39.43
28.8	95.2	52.11	39.42
29.0	94.96	51.33	39.42
29.2	94.31	50.1	39.41
29.4	93.44	48.69	39.4
29.6	92.46	47.24	39.4
29.8	91.57	46.12	39.39
30.0	90.75	45.21	39.38
30.2	89.98	44.46	39.38
30.4	89.32	43.9	39.37
30.6	88.87	43.62	39.36
30.8	88.76	43.75	39.36
31.0	88.75	44.0	39.35
31.2	88.8	44.32	39.34
31.4	88.87	44.64	39.33
31.6	88.83	44.7	39.33
31.8	88.72	44.62	39.32
32.0	88.57	44.49	39.31
32.2	88.35	44.32	39.31
32.4	88.04	44.13	39.3
32.6	87.62	43.96	39.29
32.8	87.13	43.78	39.29
33.0	86.6	43.59	39.28
33.2	86.03	43.39	39.27
33.4	85.41	43.19	39.27
33.6	84.78	43.0	39.26
33.8	84.16	42.81	39.25
34.0	83.57	42.62	39.24
34.2	83.02	42.41	39.24
34.4	82.47	42.06	39.23
34.6	82.04	41.79	39.22
34.8	81.8	41.65	39.22
35.0	81.79	41.71	39.21
35.2	82.29	42.31	39.2
35.4	83.13	43.24	39.2
35.6	84.17	44.29	39.19
35.8	85.33	45.39	39.18
36.0	86.56	46.37	39.18
36.2	87.81	47.2	39.18
36.4	89.02	47.96	39.18
36.6	90.13	48.65	39.16
36.8	90.99	49.29	39.11
37.0	91.63	49.85	39.05
37.2	92.13	50.33	38.97
37.4	92.51	50.7	38.88
37.6	92.84	50.93	38.8
37.8	93.06	51.04	38.72
38.0	93.18	51.05	38.64
38.2	93.19	50.94	38.56
38.4	92.97	50.64	38.48
38.6	92.65	50.24	38.4
38.8	92.28	49.79	38.32
39.0	91.91	49.33	38.24
39.2	91.64	48.96	38.16
39.4	91.65	48.81	38.08
39.6	91.7	48.69	38.0
39.8	91.75	48.59	37.92
40.0	91.77	48.48	37.84
40.2	91.63	48.26	37.76
40.4	91.34	47.97	37.68
40.6	91.0	47.66	37.6
40.8	90.62	47.36	37.52
41.0	90.22	47.09	37.44
41.2	89.8	46.83	37.34
41.4	89.4	46.64	37.25
41.6	89.05	46.54	37.17
41.8	88.78	46.56	37.11
42.0	88.82	46.98	37.11
42.2	88.96	47.51	37.12
42.4	89.08	48.03	37.15
42.6	89.11	48.43	37.19
42.8	88.76	48.34	37.23
43.0	88.14	47.9	37.25
43.2	87.41	47.33	37.28
43.4	86.61	46.68	37.31
43.6	85.78	46.04	37.34
43.8	84.96	45.5	37.37
44.0	84.21	45.03	37.39
44.2	83.56	44.68	37.42
44.4	83.07	44.48	37.44
44.6	82.85	44.64	37.47
44.8	82.89	45.04	37.49
45.0	83.13	45.58	37.52
45.2	83.58	46.21	37.54
45.4	84.35	46.88	37.57
45.6	85.48	47.56	37.59
45.8	86.68	48.23	37.62
46.0	87.85	48.89	37.65
46.2	88.82	49.5	37.67
46.4	89.44	50.02	37.7
46.6	89.89	50.48	37.73
46.8	90.15	50.84	37.76
47.0	90.19	51.09	37.79
47.2	90.02	51.21	37.82
47.4	89.72	51.21	37.85
47.6	89.32	51.1	37.87
47.8	88.83	50.77	37.9
48.0	88.28	50.14	37.93
48.2	87.76	49.49	37.96
48.4	87.35	48.91	37.98
48.6	87.08	48.48	38.01
48.8	87.41	48.72	38.03
49.0	87.89	49.14	38.05
49.2	88.45	49.7	38.08
49.4	89.02	50.31	38.11
49.6	89.41	50.91	38.15
49.8	89.65	51.46	38.2
50.0	89.81	51.91	38.25
50.2	89.9	52.23	38.31
50.4	89.9	52.18	38.36
50.6	89.83	51.83	38.42
50.8	89.7	51.38	38.47
51.0	89.5	50.91	38.52
51.2	89.2	50.58	38.57
51.4	88.79	50.46	38.62
51.6	88.38	50.43	38.67
51.8	88.03	50.47	38.71
52.0	87.76	50.58	38.76
52.2	87.74	50.74	38.81
52.4	87.86	50.97	38.85
52.6	88.14	51.29	38.9
52.8	88.57	51.68	38.95
53.0	89.4	52.3	38.99
53.2	90.34	52.97	39.04
53.4	91.25	53.61	39.09
53.6	92.04	54.17	39.14
53.8	92.3	54.42	39.2
54.0	92.39	54.54	39.25
54.2	92.34	54.54	39.31
54.4	92.2	54.43	39.37
54.6	92.04	54.24	39.42
54.8	91.81	53.96	39.47
55.0	91.52	53.6	39.52
55.2	91.14	53.14	39.57
55.4	90.55	52.45	39.62
55.6	90.0	51.79	39.66
55.8	89.56	51.23	39.71
56.0	89.32	50.86	39.76
56.2	89.82	51.15	39.81
56.4	90.5	51.64	39.87
56.6	91.24	52.22	39.91
56.8	91.93	52.81	39.95
57.0	92.17	53.19	39.97
57.2	92.25	53.47	39.98
57.4	92.22	53.66	39.98
57.6	92.09	53.72	39.97
57.8	91.93	53.64	39.95
58.0	91.67	53.42	39.92
58.2	91.3	53.08	39.89
58.4	90.77	52.58	39.86
58.6	89.93	51.81	39.84
58.8	89.05	50.99	39.81
59.0	88.2	50.17	39.78
59.2	87.47	49.42	39.75
59.4	87.14	48.9	39.72
59.6	87.0	48.55	39.69
59.8	87.04	48.39	39.67
60.0	87.25	48.44	39.64
60.2	87.76	49.03	39.61
60.4	88.39	49.81	39.58
60.6	89.03	50.59	39.55
60.8	89.6	51.26	39.52
61.0	89.78	51.28	39.5
61.2	89.85	51.14	39.47
61.4	89.87	50.91	39.44
61.6	89.92	50.73	39.41
61.8	90.13	50.79	39.38
62.0	90.32	50.83	39.36
62.2	90.43	50.8	39.33
62.4	90.36	50.58	39.3
62.6	89.94	49.97	39.27
62.8	89.46	49.28	39.24
63.0	88.98	48.58	39.21
63.2	88.6	47.99	39.19
63.4	88.47	47.67	39.16
63.6	88.49	47.48	39.13
63.8	88.65	47.41	39.1
64.0	89.02	47.48	39.07
64.2	89.77	47.77	39.04
64.4	90.58	48.11	39.01
64.6	91.35	48.47	38.98
64.8	91.9	48.76	38.97
65.0	92.03	48.91	38.96
65.2	92.01	48.97	38.95
65.4	91.87	48.97	38.95
65.6	91.72	48.86	38.96
65.8	91.56	48.66	38.97
66.0	91.32	48.38	38.98
66.2	91.0	48.05	38.99
66.4	90.51	47.64	39.0
66.6	89.79	47.16	39.01
66.8	89.03	46.66	39.02
67.0	88.31	46.19	39.03
67.2	87.69	45.76	39.04
67.4	87.44	45.45	39.05
67.6	87.34	45.24	39.06
67.8	87.38	45.12	39.07
68.0	87.55	45.1	39.08
68.2	87.93	45.3	39.09
68.4	88.44	45.65	39.1
68.6	88.96	46.05	39.12
68.8	89.42	46.46	39.13
69.0	89.65	46.81	39.15
69.2	89.62	47.07	39.17
69.4	89.48	47.23	39.19
69.6	89.23	47.26	39.21
69.8	88.95	47.06	39.22
70.0	88.64	46.61	39.24
70.2	88.27	46.07	39.26
70.4	87.84	45.46	39.28
70.6	87.31	44.86	39.29
70.8	86.58	44.31	39.31
71.0	85.87	43.84	39.33
71.2	85.25	43.47	39.35
71.4	84.77	43.25	39.36
71.6	84.82	43.37	39.38
71.8	85.08	43.67	39.4
72.0	85.47	44.11	39.41
72.2	85.94	44.66	39.43
72.4	86.4	45.37	39.45
72.6	86.84	46.16	39.46
72.8	87.27	46.93	39.48
73.0	87.65	47.61	39.5
73.2	87.94	48.05	39.52
73.4	88.14	48.23	39.53
73.6	88.25	48.25	39.55
73.8	88.28	48.13	39.57
74.0	88.19	47.86	39.59
74.2	87.98	47.46	39.61
74.4	87.7	46.97	39.62
74.6	87.36	46.43	39.64
74.8	86.97	45.87	39.66
75.0	86.47	45.28	39.67
75.2	86.01	44.74	39.69
75.4	85.62	44.28	39.71
75.6	85.36	43.95	39.73
75.8	85.5	43.98	39.75
76.0	85.81	44.18	39.76
76.2	86.22	44.46	39.78
76.4	86.67	44.79	39.8
76.6	87.05	45.11	39.8
76.8	87.38	45.39	39.81
77.0	87.68	45.63	39.81
77.2	87.94	45.8	39.8
77.4	88.13	45.79	39.79
77.6	88.24	45.62	39.78
77.8	88.33	45.41	39.77
78.0	88.41	45.18	39.75
78.2	88.51	45.01	39.73
78.4	88.64	44.93	39.72
78.6	88.79	44.91	39.7
78.8	88.97	44.95	39.69
79.0	89.19	45.12	39.67
79.2	89.48	45.49	39.66
79.4	89.77	45.85	39.64
79.6	90.05	46.14	39.63
79.8	90.37	46.23	39.61
80.0	90.69	46.08	39.6
80.2	90.83	45.8	39.58
80.4	90.7	45.41	39.57
80.6	89.82	44.93	39.55
80.8	88.66	44.39	39.54
81.0	87.39	43.8	39.52
81.2	86.22	43.13	39.51
81.4	85.3	42.39	39.49
81.6	84.55	41.75	39.48
81.8	84.02	41.29	39.46
82.0	83.86	41.22	39.45
82.2	84.23	41.77	39.43
82.4	84.78	42.5	39.42
82.6	85.39	43.32	39.4
82.8	85.92	44.04	39.39
83.0	86.2	44.51	39.37
83.2	86.4	44.9	39.36
83.4	86.51	45.23	39.34
83.6	86.55	45.52	39.33
83.8	86.51	45.77	39.32
84.0	86.37	45.91	39.3
84.2	86.11	45.93	39.29
84.4	85.63	45.66	39.28
84.6	85.0	45.17	39.27
84.8	84.33	44.6	39.26
85.0	83.67	44.0	39.24
85.2	83.07	43.4	39.23
85.4	82.6	42.86	39.22
85.6	82.29	42.46	39.21
85.8	82.19	42.25	39.19
86.0	82.4	42.33	39.18
86.2	83.27	43.04	39.17
86.4	84.34	43.97	39.16
86.6	85.5	45.06	39.15
86.8	86.67	46.23	39.13
87.0	87.53	47.44	39.12
87.2	88.29	48.58	39.11
87.4	88.95	49.59	39.1
87.6	89.51	50.32	39.08
87.8	89.98	50.54	39.07
88.0	90.32	50.53	39.06
88.2	90.52	50.37	39.05
88.4	90.5	50.12	39.04
88.6	90.17	49.85	39.02
88.8	89.74	49.56	39.01
89.0	89.26	49.27	39.0
89.2	88.83	49.04	38.99
89.4	88.58	48.97	38.97
89.6	88.42	48.96	38.96
89.8	88.37	48.99	38.95
90.0	88.46	49.06	38.94
90.2	88.92	49.15	38.93
90.4	89.49	49.26	38.91
90.6	90.06	49.36	38.9
90.8	90.56	49.44	38.89
91.0	90.69	49.45	38.88
91.2	90.63	49.42	38.86
91.4	90.48	49.35	38.85
91.6	90.26	49.24	38.84
91.8	90.13	49.1	38.83
92.0	89.99	48.91	38.82
92.2	89.8	48.66	38.8
92.4	89.55	48.36	38.79
92.6	89.18	47.93	38.78
92.8	88.68	47.4	38.77
93.0	88.13	46.86	38.75
93.2	87.52	46.34	38.74
93.4	86.85	45.89	38.73
93.6	86.04	45.58	38.72
93.8	85.29	45.35	38.71
94.0	84.68	45.23	38.69
94.2	84.26	45.23	38.68
94.4	84.4	45.39	38.67
94.6	84.78	45.68	38.66
94.8	85.35	46.06	38.64
95.0	86.05	46.55	38.63
95.2	86.9	47.2	38.62
95.4	87.8	47.91	38.61
95.6	88.67	48.59	38.6
95.8	89.44	49.19	38.58
96.0	89.95	49.58	38.57
96.2	90.34	49.88	38.56
96.4	90.6	50.07	38.56
96.6	90.75	50.23	38.55
96.8	90.77	50.34	38.54
97.0	90.68	50.32	38.53
97.2	90.46	50.16	38.52
97.4	90.01	49.62	38.51
97.6	89.37	48.76	38.51
97.8	88.73	47.85	38.5
98.0	88.16	46.98	38.49
98.2	87.92	46.46	38.48
98.4	88.08	46.37	38.47
98.6	88.38	46.44	38.47
98.8	88.75	46.62	38.46
99.0	89.13	46.86	38.45
99.2	89.42	47.1	38.44
99.4	89.66	47.32	38.43
99.6	89.83	47.5	38.42
99.8	89.89	47.59	38.42
100.0	89.75	47.44	38.41
100.2	89.5	47.2	38.4
100.4	89.17	46.9	38.39
100.6	88.76	46.56	38.38
100.8	88.33	46.27	38.38
101.0	87.84	45.95	38.37
101.2	87.3	45.61	38.36
101.4	86.72	45.23	38.35
101.6	85.97	44.64	38.34
101.8	85.17	43.99	38.33
102.0	84.45	43.44	38.33
102.2	83.89	43.05	38.32
102.4	83.68	43.09	38.31
102.6	83.84	43.58	38.3
102.8	84.21	44.23	38.29
103.0	84.72	44.96	38.28
103.2	85.39	45.6	38.28
103.4	86.16	46.14	38.27
103.6	86.95	46.67	38.28
103.8	87.69	47.17	38.3
104.0	88.21	47.69	38.35
104.2	88.59	48.19	38.43
104.4	88.92	48.66	38.51
104.6	89.23	49.08	38.59
104.8	89.72	49.5	38.66
105.0	90.16	49.81	38.73
105.2	90.52	49.97	38.8
105.4	90.71	49.91	38.87
105.6	90.48	49.37	38.94
105.8	90.16	48.69	39.01
106.0	89.81	47.98	39.08
106.2	89.53	47.37	39.16
106.4	89.43	46.97	39.23
106.6	89.43	46.72	39.31
106.8	89.55	46.63	39.38
107.0	89.94	46.92	39.46
107.2	90.58	47.53	39.53
107.4	91.22	48.19	39.6
107.6	91.79	48.81	39.67
107.8	92.0	49.04	39.74
108.0	91.8	48.83	39.82
108.2	91.45	48.49	39.9
108.4	91.0	48.08	39.98
108.6	90.58	47.77	40.05
108.8	90.26	47.64	40.12
109.0	89.91	47.54	40.19
109.2	89.51	47.43	40.26
109.4	89.05	47.3	40.32
109.6	88.33	47.03	40.39
109.8	87.57	46.72	40.45
110.0	86.82	46.41	40.52
110.2	86.12	46.1	40.58
110.4	85.51	45.8	40.65
110.6	85.04	45.54	40.71
110.8	84.75	45.37	40.78
111.0	84.69	45.32	40.85
111.2	85.1	45.45	40.93
111.4	85.74	45.75	41.0
111.6	86.54	46.22	41.06
111.8	87.45	46.97	41.11
112.0	88.47	48.18	41.12
112.2	89.39	49.36	41.12
112.4	90.11	50.32	41.1
112.6	90.19	50.39	41.07
112.8	89.82	49.84	41.03
113.0	89.28	49.1	40.98
113.2	88.68	48.34	40.92
113.4	88.43	48.25	40.87
113.6	88.29	48.37	40.83
113.8	88.21	48.6	40.78
114.0	88.19	48.88	40.73
114.2	88.24	49.12	40.69
114.4	88.34	49.3	40.64
114.6	88.42	49.43	40.6
114.8	88.46	49.47	40.55
115.0	88.37	49.35	40.5
115.2	88.07	48.99	40.46
115.4	87.71	48.55	40.41
115.6	87.32	48.05	40.36
115.8	86.91	47.53	40.32
116.0	86.39	46.93	40.27
116.2	85.99	46.43	40.22
116.4	85.79	46.1	40.18
116.6	85.89	46.01	40.13
116.8	86.85	46.6	40.08
117.0	88.01	47.39	40.03
117.2	89.26	48.31	39.98
117.4	90.35	49.25	39.95
117.6	91.06	50.12	39.93
117.8	91.66	50.87	39.92
118.0	92.18	51.43	39.92
118.2	92.73	51.4	39.94
118.4	93.28	50.97	39.98
118.6	93.75	50.46	40.02
118.8	94.12	50.04	40.07
119.0	94.32	50.47	40.11
119.2	94.37	51.19	40.15
119.4	94.3	51.8	40.19
119.6	94.09	52.1	40.22
119.8	93.6	51.0	40.26
120.0	93.06	49.63	40.3
120.2	92.55	48.2	40.34
120.4	92.24	47.13	40.38
120.6	92.23	46.77	40.42
120.8	92.34	46.61	40.46
121.0	92.51	46.57	40.5
121.2	92.7	46.45	40.54
121.4	92.88	46.3	40.59
121.6	93.02	46.18	40.63
121.8	93.1	46.06	40.67
122.0	92.97	46.02	40.71
122.2	92.76	45.96	40.75
122.4	92.47	45.88	40.79
122.6	92.11	45.74	40.82
122.8	91.68	45.39	40.86
123.0	91.22	45.01	40.9
123.2	90.76	44.64	40.94
123.4	90.34	44.37	40.98
123.6	90.01	44.3	41.01
123.8	89.69	44.26	41.05
124.0	89.38	44.23	41.09
124.2	89.13	44.15	41.13
124.4	88.85	44.01	41.17
124.6	88.43	43.79	41.21
124.8	87.71	43.45	41.25
125.0	86.44	42.9	41.29
125.2	85.06	42.3	41.34
125.4	83.72	41.71	41.38
125.6	82.79	41.16	41.42
125.8	82.16	40.71	41.46
126.0	81.76	40.43	41.5
126.2	81.58	40.4	41.54
126.4	81.82	41.08	41.58
126.6	82.2	41.97	41.61
126.8	82.6	42.89	41.63
127.0	82.87	43.61	41.65
127.2	82.7	43.69	41.65
127.4	82.42	43.6	41.65
127.6	82.06	43.43	41.64
127.8	81.75	43.34	41.63
128.0	81.54	43.41	41.62
128.2	81.32	43.47	41.61
128.4	81.08	43.49	41.59
128.6	80.75	43.38	41.58
128.8	80.27	43.03	41.57
129.0	79.8	42.66	41.55
129.2	79.39	42.33	41.54
129.4	79.07	42.12	41.53
129.6	78.89	42.11	41.51
129.8	78.91	42.29	41.5
130.0	79.18	42.69	41.49
130.2	79.82	43.4	41.48
130.4	81.1	44.67	41.46
130.6	82.58	46.05	41.45
130.8	84.17	47.41	41.44
131.0	85.66	48.38	41.42
131.2	86.99	48.95	41.41
131.4	88.22	49.44	41.4
131.6	89.32	49.92	41.38
131.8	90.2	50.84	41.37
132.0	90.91	51.84	41.36
132.2	91.44	52.77	41.34
132.4	91.78	53.51	41.33
132.6	91.79	53.53	41.32
132.8	91.65	53.34	41.31
133.0	91.44	53.02	41.29
133.2	91.22	52.67	41.28
133.4	91.19	52.63	41.27
133.6	91.19	52.6	41.25
133.8	91.21	52.56	41.24
134.0	91.23	52.5	41.23
134.2	91.3	52.33	41.21
134.4	91.34	52.09	41.2
134.6	91.31	51.81	41.19
134.8	91.19	51.48	41.18
135.0	90.67	50.98	41.16
135.2	90.06	50.47	41.15
135.4	89.48	50.0	41.14
135.6	89.02	49.64	41.12
135.8	89.12	49.62	41.11
136.0	89.51	49.8	41.09
136.2	89.97	50.08	41.08
136.4	90.44	50.42	41.07
136.6	90.66	50.76	41.07
136.8	90.72	51.09	41.09
137.0	90.65	51.35	41.11
137.2	90.47	51.52	41.14
137.4	90.14	51.44	41.18
137.6	89.68	51.18	41.23
137.8	89.13	50.81	41.28
138.0	88.51	50.36	41.34
138.2	87.74	49.77	41.39
138.4	86.88	49.1	41.44
138.6	86.06	48.45	41.48
138.8	85.35	47.89	41.53
139.0	84.83	47.48	41.58
139.2	84.86	47.51	41.62
139.4	85.07	47.7	41.67
139.6	85.4	48.0	41.71
139.8	85.81	48.37	41.76
140.0	86.18	48.74	41.81
140.2	86.54	49.12	41.86
140.4	86.88	49.51	41.91
140.6	87.19	49.9	41.96
140.8	87.44	50.32	42.01
141.0	87.61	50.73	42.06
141.2	87.68	51.05	42.11
141.4	87.64	51.26	42.16
141.6	87.32	51.15	42.2
141.8	86.77	50.74	42.25
142.0	86.18	50.27	42.3
142.2	85.64	49.83	42.35
142.4	85.29	49.56	42.39
142.6	85.3	49.65	42.44
142.8	85.47	49.84	42.49
143.0	85.8	50.12	42.54
143.2	86.3	50.43	42.58
143.4	87.07	50.7	42.61
143.6	87.88	51.02	42.64
143.8	88.65	51.39	42.66
144.0	89.25	51.89	42.66
144.2	89.52	52.63	42.62
144.4	89.63	53.31	42.58
144.6	89.57	53.87	42.52
144.8	89.33	54.02	42.44
145.0	88.9	53.67	42.35
145.2	88.37	53.12	42.26
145.4	87.79	52.43	42.16
145.6	87.16	51.67	42.06
145.8	86.51	50.92	41.97
146.0	85.95	50.22	41.87
146.2	85.54	49.64	41.78
146.4	85.36	49.25	41.68
146.6	85.84	49.42	41.59
146.8	86.49	49.76	41.49
147.0	87.21	50.2	41.4
147.2	87.9	50.7	41.31
147.4	88.17	51.06	41.21
147.6	88.3	51.38	41.12
147.8	88.35	51.65	41.02
148.0	88.32	51.86	40.93
148.2	88.31	51.93	40.83
148.4	88.26	51.92	40.74
148.6	88.16	51.85	40.65
148.8	88.02	51.73	40.55
149.0	87.8	51.57	40.46
149.2	87.48	51.42	40.36
149.4	87.13	51.22	40.27
149.6	86.76	50.97	40.17
149.8	86.4	50.66	40.08
150.0	85.97	50.1	39.99
150.2	85.55	49.42	39.89
150.4	85.27	48.82	39.8
150.6	85.19	48.38	39.7
150.8	85.49	48.3	39.61
151.0	86.34	48.8	39.51
151.2	87.39	49.5	39.41
151.4	88.55	50.32	39.32
151.6	89.7	51.2	39.23
151.8	90.77	52.05	39.15
152.0	91.77	52.85	39.09
152.2	92.68	53.53	39.06
152.4	93.36	53.85	39.1
152.6	93.86	53.91	39.18
152.8	94.27	53.9	39.29
153.0	94.64	53.89	39.41
153.2	95.19	54.33	39.51
153.4	95.7	54.79	39.6
153.6	96.09	55.14	39.69
153.8	96.29	55.21	39.79
154.0	96.17	54.72	39.89
154.2	95.84	54.02	40.01
154.4	95.32	53.19	40.12
154.6	94.51	52.38	40.23
154.8	93.48	51.58	40.33
155.0	92.36	50.77	40.44
155.2	91.21	49.96	40.54
155.4	90.19	49.09	40.64
155.6	89.33	48.21	40.74
155.8	88.58	47.4	40.83
156.0	87.96	46.72	40.93
156.2	87.49	46.25	41.02
156.4	87.4	46.31	41.12
156.6	87.4	46.51	41.22
156.8	87.41	46.79	41.31
157.0	87.37	47.07	41.41
157.2	87.03	47.15	41.51
157.4	86.49	47.09	41.62
157.6	85.85	46.95	41.72
157.8	85.15	46.73	41.83
158.0	84.42	46.39	41.93
158.2	83.73	45.92	42.03
158.4	83.02	45.38	42.13
158.6	82.28	44.82	42.22
158.8	81.52	44.23	42.32
159.0	80.64	43.66	42.41
159.2	79.68	43.11	42.5
159.4	78.76	42.63	42.59
159.6	77.95	42.23	42.68
159.8	77.31	41.94	42.77
160.0	76.93	41.8	42.86
160.2	76.83	41.81	42.95
160.4	76.98	42.02	43.04
160.6	77.43	42.45	43.12
160.8	78.28	43.2	43.2
161.0	79.76	44.46	43.28
161.2	81.4	45.85	43.36
161.4	83.05	47.25	43.42
161.6	84.53	48.52	43.45
161.8	85.55	49.49	43.46
162.0	86.4	50.28	43.45
162.2	87.11	50.88	43.44
162.4	87.73	51.2	43.41
162.6	88.28	51.24	43.39
162.8	88.71	51.1	43.36
163.0	88.98	50.79	43.33
163.2	89.04	50.35	43.3
163.4	88.84	49.79	43.27
163.6	88.53	49.18	43.25
163.8	88.15	48.57	43.22
164.0	87.76	47.99	43.19
164.2	87.4	47.53	43.16
164.4	87.1	47.18	43.14
164.6	86.91	46.94	43.11
164.8	86.86	46.85	43.08
165.0	87.3	47.13	43.06
165.2	87.92	47.56	43.03
165.4	88.57	48.04	43.0
165.6	89.18	48.5	42.97
165.8	89.5	48.74	42.95
166.0	89.59	48.83	42.92
166.2	89.55	48.82	42.89
166.4	89.4	48.72	42.87
166.6	89.17	48.49	42.84
166.8	88.86	48.17	42.81
167.0	88.47	47.8	42.78
167.2	88.02	47.39	42.76
167.4	87.48	46.98	42.73
167.6	86.75	46.59	42.7
167.8	86.04	46.23	42.67
168.0	85.42	45.94	42.65
168.2	84.96	45.72	42.62
168.4	84.92	45.66	42.59
168.6	85.24	45.73	42.57
168.8	85.71	45.92	42.54
169.0	86.28	46.24	42.51
169.2	86.9	46.76	42.48
169.4	87.51	47.56	42.46
169.6	88.1	48.36	42.43
169.8	88.62	49.09	42.4
170.0	89.03	49.56	42.37
170.2	89.24	49.49	42.33
170.4	89.33	49.26	42.29
170.6	89.3	48.92	42.25
170.8	89.14	48.53	42.21
171.0	88.69	48.27	42.17
171.2	88.19	48.03	42.13
171.4	87.7	47.82	42.08
171.6	87.27	47.65	42.04
171.8	87.09	47.55	42.0
172.0	87.1	47.52	41.96
172.2	87.27	47.57	41.92
172.4	87.59	47.73	41.87
172.6	88.21	48.1	41.83
172.8	89.07	48.67	41.79
173.0	89.95	49.26	41.75
173.2	90.73	49.82	41.71
173.4	91.17	50.22	41.66
173.6	91.19	50.4	41.62
173.8	91.02	50.45	41.58
174.0	90.69	50.37	41.54
174.2	90.25	50.13	41.5
174.4	89.75	49.71	41.45
174.6	89.18	49.21	41.41
174.8	88.57	48.63	41.37
175.0	87.93	48.01	41.33
175.2	87.2	47.29	41.29
175.4	86.51	46.6	41.24
175.6	85.94	46.01	41.2
175.8	85.54	45.59	41.16
176.0	85.56	45.56	41.12
176.2	86.06	45.99	41.08
176.4	86.69	46.56	41.04
176.6	87.38	47.22	40.99
176.8	88.02	47.88	40.95
177.0	88.41	48.41	40.91
177.2	88.7	48.86	40.87
177.4	88.88	49.2	40.83
177.6	88.95	49.38	40.78
177.8	88.84	49.19	40.74
178.0	88.62	48.86	40.7
178.2	88.29	48.39	40.66
178.4	87.87	47.84	40.62
178.6	87.3	47.25	40.57
178.8	86.66	46.64	40.53
179.0	85.98	46.0	40.49
179.2	85.3	45.37	40.45
179.4	84.64	44.75	40.41
179.6	84.01	44.12	40.36
179.8	83.49	43.58	40.32
180.0	83.13	43.16	40.28
180.2	82.96	42.89	40.24
180.4	83.23	42.98	40.19
180.6	83.84	43.34	40.13
180.8	84.61	43.83	40.09
181.0	85.47	44.39	40.06
181.2	86.37	44.93	40.06
181.4	87.23	45.4	40.09
181.6	88.05	45.89	40.14
181.8	88.78	46.39	40.2
182.0	89.29	47.01	40.25
182.2	89.57	47.7	40.31
182.4	89.74	48.31	40.36
182.6	89.82	48.77	40.41
182.8	89.88	48.78	40.47
183.0	89.93	48.38	40.52
183.2	89.96	47.84	40.57
183.4	89.99	47.24	40.62
183.6	90.02	46.74	40.67
183.8	90.09	46.53	40.71
184.0	90.17	46.37	40.76
184.2	90.27	46.25	40.8
184.4	90.4	46.14	40.85
184.6	90.66	45.97	40.89
184.8	90.91	45.79	40.94
185.0	91.12	45.62	40.98
185.2	91.25	45.48	41.03
185.4	91.09	45.42	41.07
185.6	90.87	45.38	41.12
185.8	90.64	45.32	41.17
186.0	90.53	45.18	41.22
186.2	90.59	44.94	41.28
186.4	90.66	44.71	41.34
186.6	90.67	44.52	41.39
186.8	90.48	44.58	41.45
187.0	90.18	44.71	41.51
187.2	89.8	44.84	41.56
187.4	89.35	44.93	41.62
187.6	88.89	44.77	41.67
187.8	88.37	44.52	41.73
188.0	87.79	44.18	41.78
188.2	87.13	43.76	41.83
188.4	86.34	43.22	41.88
188.6	85.4	42.58	41.93
188.8	84.44	41.93	41.98
189.0	83.49	41.3	42.02
189.2	82.6	40.74	42.07
189.4	81.8	40.33	42.12
189.6	81.13	40.06	42.17
189.8	80.63	39.92	42.22
190.0	80.34	39.93	42.26
190.2	80.38	40.14	42.3
190.4	80.98	40.67	42.34
190.6	81.75	41.32	42.37
190.8	82.63	42.05	42.4
191.0	83.53	42.82	42.42
191.2	84.2	43.56	42.42
191.4	84.78	44.27	42.42
191.6	85.29	44.92	42.4
191.8	85.73	45.5	42.39
192.0	86.11	45.91	42.37
192.2	86.39	46.2	42.35
192.4	86.57	46.37	42.32
192.6	86.64	46.42	42.3
192.8	86.44	46.24	42.27
193.0	86.08	45.9	42.25
193.2	85.7	45.53	42.23
193.4	85.37	45.17	42.2
193.6	85.23	44.93	42.18
193.8	85.39	44.88	42.16
194.0	85.67	44.94	42.13
194.2	86.06	45.15	42.11
194.4	86.54	45.55	42.09
194.6	87.14	46.34	42.06
194.8	87.76	47.18	42.04
195.0	88.35	47.95	42.02
195.2	88.86	48.53	41.99
195.4	89.16	48.45	41.97
195.6	89.33	48.19	41.95
195.8	89.38	47.8	41.92
196.0	89.29	47.36	41.9
196.2	88.97	47.16	41.88
196.4	88.52	46.98	41.85
196.6	87.97	46.77	41.83
196.8	87.34	46.49	41.81
197.0	86.59	45.95	41.78
197.2	85.76	45.2	41.76
197.4	84.99	44.43	41.74
197.6	84.32	43.72	41.71
197.8	83.85	43.13	41.69
198.0	83.95	43.0	41.67
198.2	84.23	43.01	41.64
198.4	84.64	43.14	41.62
198.6	85.11	43.35	41.6
198.8	85.55	43.6	41.57
199.0	85.95	43.89	41.55
199.2	86.32	44.19	41.53
199.4	86.64	44.49	41.51
199.6	86.86	44.78	41.48
199.8	86.98	45.04	41.46
200.0	87.01	45.23	41.44
200.2	86.95	45.32	41.41
200.4	86.75	45.21	41.39
200.6	86.38	44.8	41.37
200.8	85.95	44.32	41.34
201.0	85.48	43.82	41.32
201.2	85.01	43.35	41.3
201.4	84.51	43.07	41.27
201.6	84.06	42.93	41.25
201.8	83.76	42.9	41.23
202.0	83.64	43.01	41.2
202.2	83.93	43.35	41.18
202.4	84.74	43.95	41.15
202.6	85.69	44.63	41.13
202.8	86.68	45.31	41.11
203.0	87.58	45.94	41.09
203.2	88.13	46.36	41.08
203.4	88.56	46.69	41.07
203.6	88.88	46.91	41.07
203.8	89.08	47.01	41.06
204.0	89.16	46.93	41.06
204.2	89.14	46.75	41.06
204.4	89.02	46.49	41.06
204.6	88.82	46.18	41.06
204.8	88.52	45.83	41.07
205.0	88.13	45.46	41.07
205.2	87.72	45.08	41.07
205.4	87.29	44.71	41.07
205.6	86.88	44.37	41.07
205.8	86.51	44.1	41.07
206.0	86.2	43.88	41.07
206.2	85.97	43.71	41.07
206.4	85.84	43.59	41.07
206.6	85.99	43.57	41.07
206.8	86.33	43.62	41.07
207.0	86.71	43.73	41.07
207.2	87.05	43.87	41.07
207.4	87.21	44.09	41.07
207.6	87.08	44.39	41.07
207.8	86.85	44.65	41.07
208.0	86.53	44.83	41.07
208.2	86.16	44.85	41.07
208.4	85.81	44.34	41.07
208.6	85.43	43.72	41.07
208.8	85.02	43.06	41.07
209.0	84.59	42.44	41.08
209.2	84.1	42.14	41.08
209.4	83.56	42.15	41.08
209.6	83.07	42.25	41.08
209.8	82.64	42.39	41.08
210.0	82.31	42.5	41.08
210.2	82.16	42.3	41.08
210.4	82.15	42.12	41.08
210.6	82.31	42.02	41.08
210.8	82.65	42.05	41.08
211.0	83.4	42.53	41.08
211.2	84.32	43.18	41.08
211.4	85.28	43.93	41.08
211.6	86.2	44.7	41.08
211.8	86.83	45.39	41.07
212.0	87.28	46.01	41.07
212.2	87.62	46.54	41.05
212.4	87.84	46.95	41.04
212.6	87.95	47.11	41.02
212.8	87.97	47.1	40.99
213.0	87.87	46.97	40.96
213.2	87.67	46.73	40.94
213.4	87.3	46.37	40.91
213.6	86.79	45.9	40.88
213.8	86.24	45.41	40.86
214.0	85.69	44.92	40.83
214.2	85.19	44.46	40.81
214.4	84.91	44.19	40.78
214.6	84.73	44.01	40.76
214.8	84.62	43.9	40.73
215.0	84.59	43.86	40.7
215.2	84.66	43.93	40.68
215.4	84.84	44.11	40.65
215.6	85.04	44.33	40.63
215.8	85.24	44.58	40.6
216.0	85.4	44.84	40.57
216.2	85.41	45.04	40.54
216.4	85.34	45.22	40.51
216.6	85.22	45.36	40.47
216.8	85.05	45.45	40.43
217.0	84.82	45.47	40.4
217.2	84.51	45.35	40.36
217.4	84.19	45.19	40.32
217.6	83.88	44.99	40.29
217.8	83.61	44.78	40.25
218.0	83.4	44.52	40.21
218.2	83.27	44.25	40.18
218.4	83.25	44.04	40.14
218.6	83.34	43.92	40.1
218.8	83.62	43.97	40.07
219.0	84.22	44.37	40.03
219.2	84.91	44.86	39.99
219.4	85.63	45.38	39.96
219.6	86.32	45.89	39.92
219.8	86.82	46.25	39.88
220.0	87.25	46.55	39.85
220.2	87.57	46.76	39.81
220.4	87.78	46.89	39.77
220.6	87.82	46.9	39.74
220.8	87.73	46.8	39.7
221.0	87.52	46.59	39.66
221.2	87.18	46.28	39.63
221.4	86.67	45.76	39.59
221.6	86.0	45.08	39.55
221.8	85.27	44.36	39.52
222.0	84.51	43.63	39.48
222.2	83.77	42.96	39.44
222.4	83.05	42.45	39.41
222.6	82.43	42.07	39.37
222.8	81.95	41.84	39.33
223.0	81.66	41.78	39.3
223.2	81.7	41.99	39.26
223.4	82.33	42.61	39.22
223.6	83.12	43.37	39.19
223.8	84.01	44.22	39.15
224.0	84.92	45.09	39.11
224.2	85.56	45.81	39.08
224.4	86.09	46.45	39.04
224.6	86.57	47.06	39.0
224.8	87.0	47.63	38.97
225.0	87.4	48.17	38.93
225.2	87.78	48.68	38.89
225.4	88.15	49.14	38.86
225.6	88.51	49.53	38.82
225.8	88.91	49.85	38.78
226.0	89.37	50.06	38.75
226.2	89.83	50.23	38.71
226.4	90.27	50.37	38.67
226.6	90.68	50.55	38.64
226.8	91.06	50.8	38.6
227.0	91.37	50.97	38.56
227.2	91.62	51.03	38.53
227.4	91.74	50.8	38.49
227.6	91.76	50.35	38.45
227.8	91.7	49.82	38.42
228.0	91.58	49.31	38.38
228.2	91.46	48.96	38.34
228.4	91.27	48.62	38.31
228.6	90.99	48.27	38.27
228.8	90.56	47.86	38.23
229.0	89.99	47.39	38.2
229.2	89.32	46.89	38.16
229.4	88.57	46.35	38.12
229.6	87.74	45.76	38.09
229.8	86.84	45.1	38.05
230.0	85.9	44.44	38.01
230.2	84.93	43.78	37.98
230.4	83.97	43.16	37.94
230.6	82.97	42.57	37.9
230.8	81.93	42.04	37.87
231.0	80.99	41.61	37.83
231.2	80.19	41.32	37.8
231.4	79.59	41.19	37.76
231.6	79.44	41.42	37.72
231.8	79.7	41.94	37.69
232.0	80.13	42.61	37.65
232.2	80.67	43.36	37.59
232.4	81.28	44.14	37.52
232.6	81.75	44.85	37.53
232.8	82.23	45.53	37.55
233.0	82.71	46.17	37.57
233.2	83.18	46.76	37.59
233.4	83.66	47.24	37.61
233.6	84.11	47.63	37.62
233.8	84.5	47.94	37.64
234.0	84.82	48.17	37.66
234.2	84.96	48.27	37.68
234.4	84.99	48.29	37.7
234.6	84.95	48.23	37.72
234.8	84.83	48.11	37.73
235.0	84.56	47.82	37.75
235.2	84.23	47.46	37.77
235.4	83.96	47.16	37.79
235.6	83.82	46.96	37.81
235.8	84.08	47.12	37.82
236.0	84.73	47.65	37.84
236.2	85.51	48.28	37.86
236.4	86.36	48.94	37.88
236.6	87.17	49.5	37.9
236.8	87.84	49.85	37.92
237.0	88.43	50.1	37.93
237.2	88.9	50.25	37.95
237.4	89.19	50.27	37.97
237.6	89.21	50.12	37.99
237.8	89.1	49.87	38.01
238.0	88.89	49.55	38.02
238.2	88.61	49.17	38.04
238.4	88.37	48.74	38.06
238.6	88.08	48.29	38.08
238.8	87.76	47.83	38.1
239.0	87.4	47.39	38.12
239.2	86.98	46.98	38.13
239.4	86.42	46.66	38.15
239.6	85.9	46.38	38.17
239.8	85.44	46.17	38.19
240.0	85.1	46.03	38.21
240.2	85.12	45.97	38.23
240.4	85.48	46.01	38.24
240.6	85.91	46.13	38.26
240.8	86.35	46.32	38.28
241.0	86.74	46.59	38.3
241.2	86.69	47.02	38.32
241.4	86.53	47.51	38.33
241.6	86.33	48.01	38.35
241.8	86.13	48.5	38.37
242.0	86.07	48.88	38.39
242.2	86.17	49.14	38.41
242.4	86.31	49.34	38.43
242.6	86.5	49.47	38.44
242.8	86.72	49.53	38.46
243.0	86.93	49.38	38.48
243.2	87.16	49.19	38.5
243.4	87.4	49.04	38.52
243.6	87.65	49.0	38.53
243.8	87.95	49.32	38.55
244.0	88.28	49.95	38.57
244.2	88.57	50.59	38.59
244.4	88.8	51.14	38.61
244.6	88.84	51.32	38.63
244.8	88.76	51.21	38.64
245.0	88.64	50.96	38.66
245.2	88.52	50.63	38.68
245.4	88.46	50.26	38.7
245.6	88.42	49.87	38.72
245.8	88.41	49.52	38.73
246.0	88.42	49.34	38.75
246.2	88.46	49.24	38.77
246.4	88.51	49.19	38.79
246.6	88.62	49.2	38.81
246.8	88.79	49.25	38.83
247.0	88.88	49.3	38.84
247.2	88.83	49.31	38.86
247.4	88.38	49.21	38.88
247.6	87.53	48.97	38.9
247.8	86.54	48.68	38.92
248.0	85.51	48.34	38.93
248.2	84.62	47.97	38.95
248.4	84.04	47.55	38.97
248.6	83.53	47.14	38.99
248.8	83.07	46.77	39.01
249.0	82.64	46.44	39.03
249.2	82.04	46.28	39.04
249.4	81.42	46.22	39.06
249.6	80.87	46.22	39.08
249.8	80.45	46.26	39.1
250.0	80.2	46.29	39.12
250.2	80.23	46.15	39.13
250.4	80.47	46.13	39.15
250.6	80.94	46.3	39.17
250.8	81.67	46.71	39.19
251.0	82.94	47.87	39.21
251.2	84.39	49.25	39.39
251.4	85.92	50.7	39.56
251.6	87.43	52.09	39.7
251.8	88.71	53.16	39.76
252.0	89.87	54.07	39.81
252.2	90.89	54.8	39.83
252.4	91.68	55.32	39.86
252.6	92.22	55.59	39.9
252.8	92.62	55.67	39.95
253.0	92.9	55.55	39.99
253.2	93.01	55.05	40.03
253.4	93.08	54.4	40.07
253.6	93.21	53.78	40.12
253.8	93.54	53.44	40.16
254.0	94.34	53.75	40.2
254.2	95.22	54.19	40.25
254.4	96.06	54.62	40.29
254.6	96.63	54.75	40.34
254.8	96.92	54.57	40.39
255.0	97.02	54.22	40.43
255.2	96.93	53.7	40.48
255.4	96.58	52.91	40.53
255.6	96.05	51.98	40.58
255.8	95.37	50.95	40.63
256.0	94.56	49.88	40.67
256.2	93.61	48.88	40.72
256.4	92.58	47.94	40.76
256.6	91.53	47.04	40.8
256.8	90.5	46.21	40.85
257.0	89.57	45.45	40.89
257.2	88.9	44.82	40.93
257.4	88.33	44.28	40.97
257.6	87.86	43.84	41.01
257.8	87.46	43.5	41.05
258.0	87.17	43.34	41.09
258.2	86.99	43.34	41.14
258.4	86.81	43.39	41.18
258.6	86.6	43.45	41.23
258.8	86.32	43.49	41.27
259.0	85.73	43.35	41.31
259.2	85.08	43.16	41.36
259.4	84.39	42.93	41.4
259.6	83.71	42.66	41.44
259.8	83.15	42.33	41.48
260.0	82.73	41.96	41.52
260.2	82.33	41.6	41.56
260.4	81.93	41.27	41.6
260.6	81.5	41.0	41.64
260.8	80.84	40.92	41.68
261.0	80.17	40.9	41.72
261.2	79.53	40.93	41.76
261.4	78.96	40.98	41.8
261.6	78.46	40.93	41.84
261.8	78.1	40.85	41.88
262.0	77.97	40.86	41.92
262.2	78.12	41.0	41.95
262.4	78.91	41.44	42.0
262.6	80.07	42.09	42.04
262.8	81.37	42.86	42.08
263.0	82.67	43.73	42.12
263.2	83.76	44.75	42.16
263.4	84.71	45.7	42.19
263.6	85.49	46.49	42.23
263.8	85.9	46.81	42.26
264.0	86.03	46.76	42.3
264.2	86.02	46.52	42.33
264.4	85.94	46.16	42.37
264.6	86.07	45.85	42.4
264.8	86.18	45.51	42.43
265.0	86.25	45.15	42.46
265.2	86.24	44.78	42.49
265.4	85.99	44.4	42.52
265.6	85.64	44.05	42.55
265.8	85.25	43.73	42.58
266.0	84.83	43.46	42.61
266.2	84.33	43.27	42.64
266.4	83.86	43.16	42.67
266.6	83.56	43.14	42.7
266.8	83.52	43.24	42.73
267.0	84.17	43.5	42.76
267.2	85.31	43.91	42.79
267.4	86.59	44.42	42.82
267.6	87.89	45.02	42.84
267.8	88.87	45.83	42.87
268.0	89.67	46.67	42.88
268.2	90.32	47.43	42.88
268.4	90.79	47.94	42.88
268.6	91.02	47.97	42.85
268.8	91.1	47.8	42.82
269.0	91.04	47.49	42.78
269.2	90.86	47.12	42.74
269.4	90.58	46.76	42.69
269.6	90.22	46.35	42.65
269.8	89.8	45.89	42.6
270.0	89.33	45.39	42.55
270.2	88.84	44.81	42.51
270.4	88.34	44.24	42.46
270.6	87.88	43.71	42.42
270.8	87.47	43.28	42.37
271.0	87.12	43.05	42.33
271.2	86.88	42.95	42.28
271.4	86.79	42.97	42.23
271.6	86.88	43.1	42.19
271.8	87.49	43.44	42.14
272.0	88.27	43.86	42.09
272.2	89.05	44.3	42.04
272.4	89.74	44.71	42.01
272.6	89.86	44.94	41.99
272.8	89.81	45.09	41.98
273.0	89.66	45.18	41.98
273.2	89.46	45.21	41.99
273.4	89.38	45.19	41.99
273.6	89.3	45.12	42.0
273.8	89.21	45.03	42.0
274.0	89.11	44.91	42.01
274.2	88.96	44.77	42.02
274.4	88.79	44.62	42.03
274.6	88.61	44.49	42.03
274.8	88.43	44.38	42.04
275.0	88.18	44.27	42.05
275.2	87.94	44.23	42.05
275.4	87.81	44.29	42.06
275.6	87.83	44.51	42.06
275.8	88.27	45.16	42.07
276.0	88.84	45.91	42.08
276.2	89.48	46.68	42.08
276.4	90.2	47.37	42.09
276.6	90.91	47.9	42.1
276.8	91.41	48.25	42.1
277.0	91.5	48.31	42.11
277.2	90.76	47.87	42.12
277.4	89.8	47.26	42.13
277.6	88.77	46.57	42.14
277.8	88.12	46.04	42.14
278.0	87.68	45.59	42.15
278.2	87.44	45.2	42.16
278.4	87.46	44.92	42.16
278.6	88.0	44.8	42.17
278.8	88.68	44.77	42.18
279.0	89.36	44.81	42.18
279.2	89.87	44.9	42.18
279.4	89.85	45.07	42.16
279.6	89.68	45.22	42.14
279.8	89.38	45.33	42.11
280.0	89.03	45.32	42.07
280.2	88.79	45.03	42.02
280.4	88.49	44.63	41.97
280.6	88.11	44.16	41.9
280.8	87.6	43.65	41.84
281.0	86.75	43.15	41.78
281.2	85.67	42.66	41.72
281.4	84.55	42.19	41.66
281.6	83.47	41.75	41.6
281.8	82.49	41.36	41.54
282.0	81.76	40.86	41.48
282.2	81.25	40.48	41.42
282.4	81.02	40.28	41.37
282.6	81.1	40.35	41.31
282.8	81.77	40.98	41.25
283.0	83.12	42.29	41.19
283.2	84.63	43.75	41.13
283.4	86.16	45.23	41.07
283.6	87.45	46.5	41.01
283.8	88.2	47.27	40.95
284.0	88.77	47.86	40.89
284.2	89.17	48.3	40.84
284.4	89.46	48.64	40.78
284.6	89.68	48.89	40.72
284.8	89.77	49.0	40.66
285.0	89.73	48.97	40.6
285.2	89.47	48.72	40.54
285.4	88.95	48.2	40.48
285.6	88.37	47.6	40.42
285.8	87.8	46.98	40.37
286.0	87.32	46.4	40.31
286.2	87.18	46.06	40.25
286.4	87.21	45.85	40.19
286.6	87.39	45.76	40.13
286.8	87.73	45.82	40.07
287.0	88.41	46.19	40.01
287.2	89.26	46.75	39.94
287.4	90.14	47.34	39.88
287.6	90.95	47.87	39.83
287.8	91.46	48.12	39.79
