0.2	102.21	65.19	5.71
0.4	102.61	64.86	5.71
0.6	102.96	64.61	5.71
0.8	103.27	64.44	5.71
1.0	103.54	64.31	5.71
1.2	103.77	64.21	5.71
1.4	103.97	64.12	5.71
1.6	104.15	64.02	5.71
1.8	104.3	63.88	5.72
2.0	104.44	63.69	5.72
2.2	104.56	63.29	5.72
2.4	104.66	62.76	5.72
2.6	104.77	62.24	5.73
2.8	104.9	61.78	5.73
3.0	105.1	61.59	5.74
3.2	105.38	61.69	5.74
3.4	105.65	61.88	5.74
3.6	105.91	62.1	5.75
3.8	106.11	62.3	5.75
4.0	106.17	62.25	5.75
4.2	106.13	62.05	5.76
4.4	106.0	61.8	5.76
4.6	105.8	61.55	5.76
4.8	105.51	61.31	5.76
5.0	104.99	61.09	5.77
5.2	104.45	60.94	5.77
5.4	103.96	60.89	5.77
5.6	103.57	60.96	5.77
5.8	103.56	61.38	5.78
6.0	103.78	61.99	5.78
6.2	104.08	62.65	5.78
6.4	104.41	63.31	5.78
6.6	104.6	63.77	5.79
6.8	104.62	64.01	5.79
7.0	104.62	64.2	5.79
7.2	104.61	64.36	5.79
7.4	104.65	64.59	5.8
7.6	104.78	64.96	5.8
7.8	104.93	65.34	5.8
8.0	105.07	65.71	5.8
8.2	105.21	66.07	5.81
8.4	105.27	66.33	5.81
8.6	105.26	66.5	5.81
8.8	105.23	66.64	5.81
9.0	105.21	66.73	5.82
9.2	105.18	66.81	5.82
9.4	105.29	66.92	5.82
9.6	105.44	67.03	5.82
9.8	105.56	67.09	5.82
10.0	105.63	67.09	5.83
10.2	105.62	67.02	5.83
10.4	105.19	66.62	5.83
10.6	104.68	66.16	5.83
10.8	104.2	65.73	5.83
11.0	103.83	65.41	5.83
11.2	103.82	65.42	5.83
11.4	104.15	65.75	5.83
11.6	104.6	66.19	5.82
11.8	105.12	66.67	5.81
12.0	105.64	67.14	5.8
12.2	106.13	67.55	5.79
12.4	106.54	67.86	5.78
12.6	106.84	68.05	5.77
12.8	106.86	67.92	5.76
13.0	106.58	67.45	5.75
13.2	106.17	66.86	5.74
13.4	105.71	66.24	5.73
13.6	105.27	65.69	5.72
13.8	105.07	65.5	5.72
14.0	104.9	65.37	5.71
14.2	104.73	65.28	5.7
14.4	104.56	65.19	5.69
14.6	104.32	65.03	5.68
14.8	103.99	64.74	5.67
15.0	103.63	64.42	5.66
15.2	103.25	64.08	5.65
15.4	102.84	63.73	5.64
15.6	102.42	63.41	5.63
15.8	101.99	63.1	5.62
16.0	101.55	62.79	5.61
16.2	101.1	62.46	5.6
16.4	100.65	62.12	5.59
16.6	100.13	61.66	5.58
16.8	99.62	61.2	5.57
17.0	99.15	60.76	5.56
17.2	98.74	60.36	5.55
17.4	98.42	60.02	5.54
17.6	98.22	59.77	5.54
17.8	98.11	59.62	5.54
18.0	98.12	59.59	5.54
18.2	98.28	59.73	5.55
18.4	98.66	60.17	5.55
18.6	99.1	60.67	5.56
18.8	99.58	61.18	5.57
19.0	99.99	61.6	5.57
19.2	100.24	61.78	5.58
19.4	100.45	61.87	5.59
19.6	100.62	61.88	5.59
19.8	100.78	61.8	5.6
20.0	100.94	61.61	5.6
20.2	101.1	61.37	5.61
20.4	101.25	61.11	5.62
20.6	101.4	60.84	5.62
20.8	101.58	60.68	5.63
21.0	101.79	60.61	5.63
21.2	101.98	60.53	5.64
21.4	102.16	60.41	5.64
21.6	102.3	60.24	5.65
21.8	102.34	59.8	5.65
22.0	102.34	59.29	5.66
22.2	102.31	58.75	5.67
22.4	102.25	58.22	5.67
22.6	102.19	57.8	5.68
22.8	102.13	57.53	5.68
23.0	102.07	57.32	5.69
23.2	101.99	57.12	5.69
23.4	101.92	56.95	5.7
23.6	101.8	56.72	5.7
23.8	101.69	56.48	5.7
24.0	101.61	56.26	5.71
24.2	101.59	56.06	5.71
24.4	101.72	55.93	5.71
24.6	101.98	55.84	5.71
24.8	102.28	55.76	5.72
25.0	102.59	55.68	5.72
25.2	102.85	55.56	5.72
25.4	103.02	55.37	5.73
25.6	103.14	55.16	5.73
25.8	103.21	54.91	5.73
26.0	103.23	54.63	5.74
26.2	103.12	54.28	5.74
26.4	102.97	53.9	5.74
26.6	102.78	53.51	5.74
26.8	102.58	53.14	5.75
27.0	102.42	52.8	5.75
27.2	102.31	52.51	5.75
27.4	102.19	52.26	5.76
27.6	102.06	52.06	5.76
27.8	101.9	51.91	5.76
28.0	101.63	51.89	5.77
28.2	101.34	51.93	5.77
28.4	101.05	52.02	5.77
28.6	100.79	52.13	5.77
28.8	100.57	52.22	5.77
29.0	100.41	52.27	5.76
29.2	100.34	52.37	5.75
29.4	100.38	52.55	5.74
29.6	100.62	52.89	5.72
29.8	101.15	53.49	5.69
30.0	101.77	54.19	5.67
30.2	102.45	54.94	5.64
30.4	103.13	55.73	5.61
30.6	103.68	56.51	5.59
30.8	104.13	57.25	5.56
31.0	104.52	57.92	5.53
31.2	104.83	58.49	5.51
31.4	105.03	58.86	5.48
31.6	105.13	59.02	5.45
31.8	105.16	59.05	5.43
32.0	105.11	58.97	5.4
32.2	105.01	58.78	5.38
32.4	104.85	58.51	5.36
32.6	104.64	58.17	5.35
32.8	104.39	57.78	5.34
33.0	104.04	57.32	5.35
33.2	103.67	56.85	5.37
33.4	103.33	56.39	5.4
33.6	103.08	55.99	5.44
33.8	103.15	55.88	5.46
34.0	103.36	55.87	5.48
34.2	103.64	55.84	5.51
34.4	103.94	55.72	5.53
34.6	104.16	55.16	5.55
34.8	104.29	54.31	5.58
35.0	104.36	53.5	5.6
35.2	104.32	52.82	5.63
35.4	104.06	52.68	5.65
35.6	103.62	53.02	5.66
35.8	103.15	53.53	5.68
36.0	102.73	54.14	5.69
36.2	102.57	54.66	5.71
36.4	102.63	55.1	5.72
36.6	102.75	55.53	5.73
36.8	102.89	55.95	5.74
37.0	102.9	56.37	5.75
37.2	102.76	56.78	5.76
37.4	102.62	57.19	5.77
37.6	102.5	57.6	5.78
37.8	102.42	58.02	5.79
38.0	102.7	58.58	5.8
38.2	103.01	59.12	5.81
38.4	103.28	59.6	5.82
38.6	103.46	59.97	5.83
38.8	103.28	60.0	5.84
39.0	102.73	59.71	5.85
39.2	102.2	59.45	5.86
39.4	101.79	59.34	5.87
39.6	101.88	59.85	5.88
39.8	102.42	60.88	5.89
40.0	103.12	62.03	5.9
40.2	103.88	63.17	5.91
40.4	104.42	63.87	5.93
40.6	104.83	64.25	5.94
40.8	105.22	64.51	5.95
41.0	105.64	64.69	5.96
41.2	106.25	64.98	5.97
41.4	107.02	65.36	5.98
41.6	107.75	65.67	5.99
41.8	108.39	65.88	6.0
42.0	108.8	65.89	6.01
42.2	108.66	65.44	6.01
42.4	108.43	64.94	6.02
42.6	108.21	64.47	6.03
42.8	108.17	64.21	6.03
43.0	108.66	64.51	6.03
43.2	109.21	64.89	6.03
43.4	109.71	65.25	6.02
43.6	109.95	65.35	6.02
43.8	109.64	64.9	6.02
44.0	109.19	64.34	6.01
44.2	108.71	63.74	6.01
44.4	108.3	63.22	6.0
44.6	108.51	63.25	6.0
44.8	108.8	63.39	6.0
45.0	109.12	63.61	5.99
45.2	109.41	63.84	5.99
45.4	109.54	64.03	5.99
45.6	109.19	63.93	5.98
45.8	108.76	63.82	5.98
46.0	108.29	63.72	5.97
46.2	107.83	63.66	5.97
46.4	107.55	63.77	5.97
46.6	107.36	63.96	5.96
46.8	107.24	64.2	5.96
47.0	107.2	64.47	5.95
47.2	107.33	64.77	5.94
47.4	107.54	65.06	5.93
47.6	107.76	65.32	5.93
47.8	107.96	65.52	5.92
48.0	108.07	65.62	5.91
48.2	108.0	65.57	5.9
48.4	107.85	65.41	5.89
48.6	107.61	65.15	5.89
48.8	107.28	64.77	5.88
49.0	106.78	64.12	5.87
49.2	106.22	63.38	5.86
49.4	105.63	62.64	5.85
49.6	105.04	61.93	5.84
49.8	104.55	61.44	5.84
50.0	104.16	61.14	5.83
50.2	103.8	60.94	5.83
50.4	103.49	60.82	5.82
50.6	103.22	60.75	5.82
50.8	102.97	60.72	5.82
51.0	102.76	60.75	5.82
51.2	102.59	60.83	5.82
51.4	102.46	60.96	5.82
51.6	102.43	61.2	5.82
51.8	102.43	61.49	5.82
52.0	102.44	61.79	5.82
52.2	102.43	62.1	5.82
52.4	102.33	62.35	5.82
52.6	102.0	62.44	5.81
52.8	101.7	62.55	5.81
53.0	101.47	62.73	5.81
53.2	101.37	63.01	5.81
53.4	101.69	63.59	5.81
53.6	102.15	64.28	5.81
53.8	102.7	65.05	5.81
54.0	103.29	65.86	5.81
54.2	103.92	66.77	5.81
54.4	104.51	67.63	5.81
54.6	104.99	68.36	5.81
54.8	105.29	68.86	5.8
55.0	105.12	68.8	5.8
55.2	104.82	68.56	5.8
55.4	104.45	68.22	5.8
55.6	104.1	67.84	5.8
55.8	104.1	67.76	5.8
56.0	104.19	67.75	5.8
56.2	104.33	67.76	5.8
56.4	104.51	67.79	5.8
56.6	104.69	67.82	5.79
56.8	104.83	67.78	5.79
57.0	104.95	67.73	5.79
57.2	105.05	67.67	5.79
57.4	105.1	67.58	5.79
57.6	105.03	67.47	5.79
57.8	104.85	67.34	5.79
58.0	104.66	67.18	5.79
58.2	104.49	67.02	5.79
58.4	104.39	66.84	5.78
58.6	104.43	66.66	5.78
58.8	104.54	66.47	5.78
59.0	104.71	66.3	5.78
59.2	104.97	66.17	5.78
59.4	105.37	66.19	5.78
59.6	105.79	66.19	5.78
59.8	106.21	66.12	5.78
60.0	106.57	65.94	5.78
60.2	106.71	65.37	5.78
60.4	106.72	64.56	5.78
60.6	106.66	63.65	5.78
60.8	106.55	62.72	5.78
61.0	106.45	61.85	5.78
61.2	106.4	61.23	5.78
61.4	106.33	60.62	5.78
61.6	106.22	60.03	5.78
61.8	106.07	59.42	5.78
62.0	105.76	58.61	5.78
62.2	105.38	57.72	5.79
62.4	104.99	56.89	5.79
62.6	104.62	56.16	5.79
62.8	104.36	55.73	5.79
63.0	104.23	55.62	5.8
63.2	104.15	55.63	5.8
63.4	104.11	55.71	5.8
63.6	104.07	55.74	5.81
63.8	104.04	55.67	5.81
64.0	104.02	55.6	5.82
64.2	104.0	55.55	5.82
64.4	103.99	55.54	5.82
64.6	103.97	55.62	5.83
64.8	103.94	55.73	5.83
65.0	103.91	55.85	5.83
65.2	103.87	55.99	5.84
65.4	103.84	56.14	5.84
65.6	103.81	56.29	5.84
65.8	103.73	56.41	5.84
66.0	103.59	56.5	5.84
66.2	103.38	56.54	5.86
66.4	102.88	56.43	5.88
66.6	102.33	56.29	5.91
66.8	101.77	56.11	5.95
67.0	101.24	55.91	6.01
67.2	100.84	55.66	6.09
67.4	100.55	55.41	6.19
67.6	100.36	55.23	6.3
67.8	100.28	55.15	6.42
68.0	100.37	55.36	6.52
68.2	100.64	55.89	6.62
68.4	101.0	56.53	6.72
68.6	101.42	57.21	6.82
68.8	101.89	57.88	6.91
69.0	102.38	58.37	7.0
69.2	102.85	58.76	7.09
69.4	103.27	59.05	7.18
69.6	103.6	59.24	7.27
69.8	103.72	59.26	7.36
70.0	103.47	59.02	7.45
70.2	103.16	58.72	7.55
70.4	102.87	58.39	7.65
70.6	102.68	58.1	7.75
70.8	103.02	58.11	7.87
71.0	103.49	58.18	7.98
71.2	104.01	58.25	8.08
71.4	104.52	58.31	8.17
71.6	104.83	58.22	8.24
71.8	104.95	58.01	8.3
72.0	105.0	57.76	8.34
72.2	104.96	57.49	8.35
72.4	104.86	57.2	8.33
72.6	104.69	56.95	8.25
72.8	104.46	56.71	8.14
73.0	104.21	56.49	8.01
73.2	103.93	56.29	7.86
73.4	103.65	56.14	7.7
73.6	103.4	56.06	7.54
73.8	103.16	56.01	7.37
74.0	102.94	56.0	7.2
74.2	102.73	56.01	7.02
74.4	102.53	56.02	6.85
74.6	102.31	56.0	6.67
74.8	102.16	56.03	6.5
75.0	102.1	56.16	6.33
75.2	102.15	56.4	6.16
75.4	102.51	56.97	5.97
75.6	103.02	57.71	5.78
75.8	103.61	58.48	5.6
76.0	104.22	59.25	5.46
76.2	104.72	59.84	5.36
76.4	105.1	60.22	5.33
76.6	105.47	60.55	5.33
76.8	105.88	60.87	5.34
77.0	106.37	61.25	5.37
77.2	107.06	61.81	5.38
77.4	107.78	62.38	5.4
77.6	108.51	62.92	5.42
77.8	109.22	63.4	5.44
78.0	109.81	63.75	5.46
78.2	110.31	63.98	5.48
78.4	110.72	64.08	5.49
78.6	111.05	64.06	5.51
78.8	111.27	63.89	5.53
79.0	111.3	63.4	5.55
79.2	111.25	62.79	5.57
79.4	111.13	62.12	5.59
79.6	110.98	61.42	5.6
79.8	110.84	60.8	5.62
80.0	110.76	60.35	5.64
80.2	110.67	59.94	5.66
80.4	110.54	59.58	5.68
80.6	110.39	59.25	5.69
80.8	110.12	58.91	5.7
81.0	109.73	58.56	5.71
81.2	109.35	58.28	5.72
81.4	109.0	58.08	5.73
81.6	108.71	57.99	5.73
81.8	108.68	58.18	5.73
82.0	108.74	58.49	5.73
82.2	108.84	58.84	5.73
82.4	108.95	59.19	5.73
82.6	108.97	59.43	5.73
82.8	108.92	59.55	5.73
83.0	108.83	59.63	5.73
83.2	108.72	59.66	5.73
83.4	108.57	59.66	5.73
83.6	108.4	59.63	5.73
83.8	108.21	59.57	5.73
84.0	108.0	59.49	5.73
84.2	107.78	59.39	5.73
84.4	107.57	59.24	5.72
84.6	107.36	59.08	5.72
84.8	107.14	58.91	5.72
85.0	106.9	58.74	5.72
85.2	106.66	58.58	5.72
85.4	106.39	58.45	5.72
85.6	106.11	58.34	5.72
85.8	105.81	58.25	5.72
86.0	105.5	58.17	5.72
86.2	105.18	58.13	5.72
86.4	104.86	58.17	5.72
86.6	104.53	58.22	5.72
86.8	104.18	58.26	5.72
87.0	103.8	58.3	5.72
87.2	103.38	58.29	5.72
87.4	102.84	58.11	5.71
87.6	102.29	57.92	5.71
87.8	101.76	57.75	5.71
88.0	101.29	57.61	5.71
88.2	100.94	57.56	5.71
88.4	100.82	57.69	5.71
88.6	100.77	57.88	5.71
88.8	100.78	58.13	5.71
89.0	100.83	58.43	5.71
89.2	100.84	58.75	5.71
89.4	100.74	59.06	5.71
89.6	100.71	59.42	5.72
89.8	100.78	59.84	5.72
90.0	100.99	60.33	5.73
90.2	101.56	60.99	5.73
90.4	102.28	61.71	5.74
90.6	103.13	62.47	5.74
90.8	104.08	63.24	5.75
91.0	105.14	64.1	5.76
91.2	106.23	64.9	5.76
91.4	107.27	65.58	5.77
91.6	108.22	66.07	5.78
91.8	108.83	66.07	5.78
92.0	109.29	65.85	5.79
92.2	109.67	65.46	5.8
92.4	109.98	64.95	5.8
92.6	110.39	64.45	5.81
92.8	110.78	63.91	5.82
93.0	111.14	63.33	5.82
93.2	111.44	62.72	5.83
93.4	111.65	62.08	5.84
93.6	111.72	61.41	5.84
93.8	111.71	60.76	5.85
94.0	111.64	60.13	5.86
94.2	111.52	59.53	5.86
94.4	111.35	59.03	5.87
94.6	111.16	58.63	5.88
94.8	110.93	58.29	5.88
95.0	110.66	58.01	5.89
95.2	110.36	57.79	5.89
95.4	110.04	57.63	5.9
95.6	109.7	57.54	5.91
95.8	109.32	57.47	5.91
96.0	108.9	57.43	5.92
96.2	108.44	57.39	5.93
96.4	107.9	57.3	5.93
96.6	107.28	57.16	5.94
96.8	106.63	57.01	5.95
97.0	105.96	56.88	5.95
97.2	105.28	56.76	5.96
97.4	104.65	56.7	5.96
97.6	104.07	56.72	5.97
97.8	103.51	56.76	5.98
98.0	102.97	56.81	5.98
98.2	102.44	56.87	5.99
98.4	101.93	56.91	6.0
98.6	101.43	56.9	6.0
98.8	100.95	56.89	6.01
99.0	100.5	56.88	6.01
99.2	100.07	56.88	6.02
99.4	99.66	56.9	6.02
99.6	99.3	56.98	6.02
99.8	98.96	57.08	6.02
100.0	98.66	57.19	6.02
100.2	98.39	57.3	6.02
100.4	98.15	57.41	6.02
100.6	97.92	57.44	6.02
100.8	97.73	57.49	6.01
101.0	97.59	57.57	6.01
101.2	97.52	57.68	6.0
101.4	97.53	57.88	6.0
101.6	97.65	58.19	5.99
101.8	97.83	58.55	5.99
102.0	98.08	58.96	5.98
102.2	98.39	59.4	5.98
102.4	98.78	59.88	5.98
102.6	99.25	60.38	5.97
102.8	99.74	60.89	5.97
103.0	100.23	61.4	5.96
103.2	100.7	61.88	5.96
103.4	101.0	62.27	5.95
103.6	101.25	62.62	5.95
103.8	101.5	62.96	5.95
104.0	101.77	63.29	5.94
104.2	102.16	63.67	5.94
104.4	102.66	64.09	5.93
104.6	103.19	64.48	5.93
104.8	103.73	64.83	5.92
105.0	104.27	65.08	5.92
105.2	104.76	65.17	5.92
105.4	105.22	65.17	5.91
105.6	105.64	65.1	5.91
105.8	106.0	64.95	5.9
106.0	106.28	64.73	5.9
106.2	106.42	64.42	5.9
106.4	106.51	64.07	5.89
106.6	106.53	63.71	5.89
106.8	106.5	63.36	5.88
107.0	106.43	63.08	5.88
107.2	106.34	62.89	5.87
107.4	106.21	62.74	5.87
107.6	106.02	62.62	5.86
107.8	105.79	62.52	5.86
108.0	105.45	62.4	5.86
108.2	105.04	62.27	5.86
108.4	104.62	62.19	5.86
108.6	104.22	62.18	5.86
108.8	103.88	62.26	5.87
109.0	103.72	62.55	5.87
109.2	103.61	62.91	5.87
109.4	103.55	63.31	5.88
109.6	103.52	63.72	5.89
109.8	103.47	64.02	5.89
110.0	103.43	64.27	5.9
110.2	103.4	64.49	5.9
110.4	103.39	64.7	5.9
110.6	103.39	64.89	5.91
110.8	103.48	65.16	5.91
111.0	103.58	65.41	5.92
111.2	103.65	65.63	5.92
111.4	103.69	65.8	5.93
111.6	103.64	65.89	5.93
111.8	103.34	65.75	5.94
112.0	103.01	65.58	5.94
112.2	102.7	65.41	5.94
112.4	102.43	65.26	5.95
112.6	102.27	65.18	5.95
112.8	102.23	65.19	5.95
113.0	102.34	65.33	5.95
113.2	102.62	65.63	5.95
113.4	103.2	66.25	5.95
113.6	104.14	67.27	5.95
113.8	105.17	68.35	5.96
114.0	106.23	69.41	5.96
114.2	107.17	70.26	5.96
114.4	107.9	70.75	5.96
114.6	108.52	71.08	5.96
114.8	109.04	71.24	5.96
115.0	109.48	71.27	5.96
115.2	109.85	71.19	5.96
115.4	110.06	70.92	5.97
115.6	110.09	70.42	5.97
115.8	109.74	69.49	5.97
116.0	108.99	68.1	5.97
116.2	108.13	66.61	5.97
116.4	107.26	65.16	5.97
116.6	106.66	64.14	5.97
116.8	106.5	63.76	5.98
117.0	106.44	63.57	5.98
117.2	106.43	63.5	5.98
117.4	106.42	63.47	5.98
117.6	106.2	63.22	5.98
117.8	105.87	62.85	5.98
118.0	105.49	62.48	5.98
118.2	105.11	62.14	5.98
118.4	104.71	61.88	5.97
118.6	104.33	61.69	5.96
118.8	103.98	61.53	5.95
119.0	103.67	61.39	5.94
119.2	103.47	61.23	5.93
119.4	103.37	61.06	5.92
119.6	103.31	60.9	5.91
119.8	103.29	60.76	5.9
120.0	103.29	60.64	5.89
120.2	103.35	60.68	5.88
120.4	103.4	60.74	5.87
120.6	103.4	60.75	5.87
120.8	103.32	60.66	5.86
121.0	103.04	60.29	5.85
121.2	102.49	59.55	5.84
121.4	101.88	58.76	5.83
121.6	101.26	58.02	5.82
121.8	100.7	57.43	5.81
122.0	100.37	57.35	5.8
122.2	100.11	57.41	5.79
122.4	99.91	57.59	5.78
122.6	99.75	57.84	5.76
122.8	99.59	57.98	5.75
123.0	99.47	58.13	5.74
123.2	99.37	58.3	5.73
123.4	99.29	58.48	5.71
123.6	99.25	58.68	5.7
123.8	99.26	58.92	5.69
124.0	99.27	59.18	5.68
124.2	99.27	59.44	5.66
124.4	99.22	59.7	5.65
124.6	99.01	59.92	5.64
124.8	98.68	60.1	5.62
125.0	98.37	60.32	5.61
125.2	98.11	60.58	5.6
125.4	98.02	60.93	5.6
125.6	98.18	61.43	5.61
125.8	98.45	61.98	5.62
126.0	98.79	62.56	5.63
126.2	99.2	63.15	5.65
126.4	99.66	63.74	5.66
126.6	100.13	64.29	5.67
126.8	100.59	64.77	5.68
127.0	101.01	65.15	5.69
127.2	101.27	65.27	5.7
127.4	101.44	65.26	5.71
127.6	101.58	65.17	5.72
127.8	101.68	65.03	5.73
128.0	101.78	64.87	5.74
128.2	101.9	64.74	5.75
128.4	102.01	64.61	5.76
128.6	102.12	64.51	5.77
128.8	102.22	64.43	5.77
129.0	102.33	64.47	5.78
129.2	102.44	64.55	5.78
129.4	102.55	64.64	5.78
129.6	102.67	64.74	5.78
129.8	102.8	64.77	5.77
130.0	102.94	64.77	5.77
130.2	103.09	64.76	5.77
130.4	103.25	64.75	5.76
130.6	103.41	64.73	5.76
130.8	103.58	64.71	5.76
131.0	103.76	64.7	5.75
131.2	103.96	64.71	5.75
131.4	104.18	64.73	5.75
131.6	104.51	64.88	5.75
131.8	104.87	65.05	5.74
132.0	105.19	65.2	5.74
132.2	105.46	65.31	5.74
132.4	105.65	65.34	5.73
132.6	105.55	65.12	5.73
132.8	105.37	64.82	5.73
133.0	105.13	64.47	5.73
133.2	104.87	64.11	5.72
133.4	104.63	63.74	5.72
133.6	104.44	63.41	5.72
133.8	104.28	63.11	5.72
134.0	104.19	62.87	5.72
134.2	104.21	62.74	5.72
134.4	104.43	62.82	5.72
134.6	104.73	62.96	5.72
134.8	105.07	63.14	5.72
135.0	105.43	63.34	5.72
135.2	105.78	63.49	5.72
135.4	106.08	63.55	5.72
135.6	106.34	63.59	5.72
135.8	106.56	63.61	5.72
136.0	106.71	63.59	5.72
136.2	106.71	63.5	5.72
136.4	106.59	63.38	5.72
136.6	106.43	63.24	5.72
136.8	106.24	63.12	5.72
137.0	106.06	63.02	5.71
137.2	105.92	63.01	5.71
137.4	105.82	63.03	5.71
137.6	105.77	63.08	5.71
137.8	105.78	63.16	5.7
138.0	106.0	63.33	5.7
138.2	106.29	63.51	5.69
138.4	106.62	63.68	5.68
138.6	106.95	63.81	5.67
138.8	107.21	63.83	5.66
139.0	107.4	63.71	5.65
139.2	107.53	63.54	5.64
139.4	107.61	63.31	5.63
139.6	107.64	63.04	5.62
139.8	107.44	62.63	5.61
140.0	107.19	62.21	5.6
140.2	106.96	61.83	5.59
140.4	106.82	61.57	5.58
140.6	106.85	61.52	5.58
140.8	107.25	61.91	5.58
141.0	107.76	62.4	5.59
141.2	108.34	62.91	5.6
141.4	108.94	63.38	5.61
141.6	109.65	63.72	5.62
141.8	110.27	63.9	5.63
142.0	110.72	63.86	5.64
142.2	110.92	63.55	5.65
142.4	110.32	62.44	5.66
142.6	109.46	61.09	5.67
142.8	108.49	59.69	5.68
143.0	107.53	58.37	5.69
143.2	107.2	57.91	5.7
143.4	107.01	57.68	5.71
143.6	106.87	57.58	5.72
143.8	106.73	57.53	5.73
144.0	106.4	57.28	5.74
144.2	105.8	56.72	5.74
144.4	105.18	56.17	5.75
144.6	104.59	55.67	5.75
144.8	104.11	55.34	5.76
145.0	103.92	55.36	5.76
145.2	103.8	55.49	5.76
145.4	103.74	55.69	5.76
145.6	103.69	55.92	5.76
145.8	103.59	56.1	5.76
146.0	103.47	56.26	5.76
146.2	103.31	56.4	5.75
146.4	103.09	56.5	5.75
146.6	102.66	56.44	5.75
146.8	102.15	56.34	5.75
147.0	101.63	56.22	5.75
147.2	101.14	56.13	5.75
147.4	100.8	56.13	5.75
147.6	100.74	56.33	5.75
147.8	100.72	56.56	5.75
148.0	100.7	56.79	5.75
148.2	100.64	57.0	5.75
148.4	100.31	57.02	5.75
148.6	99.74	56.87	5.75
148.8	99.16	56.74	5.75
149.0	98.64	56.67	5.74
149.2	98.33	56.79	5.74
149.4	98.35	57.23	5.74
149.6	98.49	57.75	5.73
149.8	98.74	58.32	5.72
150.0	99.03	58.83	5.71
150.2	99.29	59.19	5.7
150.4	99.64	59.55	5.68
150.6	100.08	59.91	5.67
150.8	100.7	60.36	5.65
151.0	101.7	61.06	5.64
151.2	102.76	61.75	5.62
151.4	103.8	62.38	5.61
151.6	104.75	62.88	5.59
151.8	105.29	63.0	5.57
152.0	105.48	62.78	5.55
152.2	105.6	62.48	5.54
152.4	105.71	62.18	5.53
152.6	105.99	62.07	5.52
152.8	106.45	62.15	5.53
153.0	107.01	62.28	5.55
153.2	107.69	62.41	5.57
153.4	108.57	62.49	5.58
153.6	109.61	62.48	5.6
153.8	110.7	62.43	5.61
154.0	111.77	62.32	5.63
154.2	112.76	62.15	5.64
154.4	113.51	61.91	5.66
154.6	114.13	61.59	5.67
154.8	114.59	61.17	5.69
155.0	114.87	60.65	5.7
155.2	114.83	59.89	5.71
155.4	114.55	58.97	5.72
155.6	114.16	58.01	5.73
155.8	113.71	57.06	5.73
156.0	113.27	56.21	5.74
156.2	113.02	55.63	5.74
156.4	112.79	55.14	5.74
156.6	112.57	54.73	5.74
156.8	112.35	54.39	5.74
157.0	112.08	54.07	5.74
157.2	111.77	53.8	5.74
157.4	111.47	53.57	5.74
157.6	111.17	53.38	5.74
157.8	110.89	53.22	5.74
158.0	110.71	53.1	5.73
158.2	110.57	53.01	5.73
158.4	110.41	52.94	5.73
158.6	110.23	52.9	5.73
158.8	110.01	52.88	5.73
159.0	109.55	52.78	5.73
159.2	109.05	52.72	5.74
159.4	108.57	52.73	5.73
159.6	108.15	52.85	5.73
159.8	107.95	53.23	5.73
160.0	108.01	53.9	5.72
160.2	108.11	54.62	5.71
160.4	108.17	55.33	5.7
160.6	108.07	55.88	5.69
160.8	107.59	56.06	5.67
161.0	107.04	56.16	5.66
161.2	106.48	56.21	5.65
161.4	105.96	56.25	5.64
161.6	105.83	56.55	5.63
161.8	105.82	56.9	5.62
162.0	105.87	57.26	5.61
162.2	105.93	57.59	5.6
162.4	105.97	57.88	5.59
162.6	105.76	57.89	5.57
162.8	105.49	57.83	5.56
163.0	105.21	57.76	5.55
163.2	104.93	57.71	5.54
163.4	104.72	57.74	5.53
163.6	104.68	58.0	5.52
163.8	104.67	58.31	5.51
164.0	104.67	58.67	5.49
164.2	104.66	59.05	5.48
164.4	104.59	59.44	5.48
164.6	104.42	59.82	5.47
164.8	104.23	60.17	5.47
165.0	104.02	60.48	5.48
165.2	103.83	60.72	5.48
165.4	103.66	60.81	5.49
165.6	103.51	60.83	5.5
165.8	103.38	60.8	5.52
166.0	103.28	60.73	5.53
166.2	103.22	60.71	5.54
166.4	103.19	60.67	5.56
166.6	103.17	60.61	5.57
166.8	103.15	60.5	5.58
167.0	103.12	60.33	5.59
167.2	103.0	59.97	5.6
167.4	102.88	59.59	5.61
167.6	102.77	59.2	5.62
167.8	102.69	58.83	5.64
168.0	102.68	58.56	5.65
168.2	102.83	58.5	5.66
168.4	102.99	58.49	5.67
168.6	103.15	58.51	5.68
168.8	103.27	58.54	5.69
169.0	103.21	58.46	5.7
169.2	102.93	58.26	5.7
169.4	102.69	58.1	5.71
169.6	102.54	58.05	5.71
169.8	102.59	58.16	5.72
170.0	103.13	58.68	5.72
170.2	103.83	59.32	5.73
170.4	104.65	60.04	5.73
170.6	105.55	60.79	5.74
170.8	106.57	61.6	5.74
171.0	107.51	62.29	5.74
171.2	108.27	62.76	5.75
171.4	108.66	62.82	5.75
171.6	108.33	62.11	5.76
171.8	107.8	61.19	5.76
172.0	107.21	60.17	5.77
172.2	106.87	59.39	5.77
172.4	106.93	59.0	5.78
172.6	107.08	58.69	5.78
172.8	107.27	58.42	5.79
173.0	107.45	58.15	5.79
173.2	107.44	57.63	5.79
173.4	107.34	57.05	5.8
173.6	107.19	56.46	5.8
173.8	106.97	55.88	5.81
174.0	106.69	55.35	5.81
174.2	106.33	54.91	5.81
174.4	105.93	54.55	5.82
174.6	105.52	54.26	5.82
174.8	105.1	54.08	5.82
175.0	104.74	54.08	5.82
175.2	104.41	54.21	5.82
175.4	104.09	54.41	5.82
175.6	103.79	54.65	5.82
175.8	103.51	54.92	5.81
176.0	103.24	55.19	5.81
176.2	102.97	55.44	5.81
176.4	102.68	55.64	5.8
176.6	102.31	55.74	5.8
176.8	101.85	55.67	5.8
177.0	101.37	55.55	5.79
177.2	100.9	55.37	5.79
177.4	100.45	55.16	5.78
177.6	100.18	54.98	5.78
177.8	100.02	54.8	5.78
178.0	99.87	54.62	5.77
178.2	99.68	54.44	5.77
178.4	99.43	54.25	5.77
178.6	98.83	53.99	5.76
178.8	98.11	53.73	5.76
179.0	97.41	53.53	5.75
179.2	96.8	53.41	5.75
179.4	96.44	53.46	5.75
179.6	96.45	53.74	5.75
179.8	96.6	54.11	5.74
180.0	96.86	54.56	5.74
180.2	97.2	55.07	5.74
180.4	97.58	55.61	5.73
180.6	97.98	56.16	5.73
180.8	98.38	56.69	5.73
181.0	98.75	57.2	5.73
181.2	99.0	57.6	5.73
181.4	99.13	57.9	5.72
181.6	99.21	58.14	5.72
181.8	99.24	58.34	5.72
182.0	99.22	58.5	5.72
182.2	99.14	58.61	5.72
182.4	99.06	58.71	5.71
182.6	99.03	58.82	5.71
182.8	99.08	58.95	5.71
183.0	99.49	59.29	5.71
183.2	99.94	59.6	5.7
183.4	100.35	59.84	5.7
183.6	100.67	59.94	5.7
183.8	100.52	59.56	5.7
184.0	100.13	58.94	5.7
184.2	99.67	58.23	5.69
184.4	99.18	57.5	5.69
184.6	98.84	56.91	5.69
184.8	98.85	56.65	5.69
185.0	98.9	56.48	5.68
185.2	98.97	56.38	5.68
185.4	99.02	56.31	5.68
185.6	98.95	56.23	5.68
185.8	98.52	55.99	5.68
186.0	98.07	55.8	5.68
186.2	97.66	55.68	5.67
186.4	97.33	55.68	5.67
186.6	97.33	55.98	5.67
186.8	97.6	56.53	5.66
187.0	97.94	57.14	5.65
187.2	98.3	57.76	5.64
187.4	98.6	58.33	5.64
187.6	98.52	58.55	5.63
187.8	98.4	58.72	5.62
188.0	98.28	58.86	5.61
188.2	98.2	59.02	5.6
188.4	98.32	59.35	5.6
188.6	98.6	59.78	5.59
188.8	98.93	60.21	5.58
189.0	99.28	60.57	5.57
189.2	99.56	60.75	5.56
189.4	99.73	60.64	5.56
189.6	99.9	60.45	5.55
189.8	100.07	60.22	5.54
190.0	100.28	60.0	5.53
190.2	100.64	59.98	5.52
190.4	101.1	60.08	5.51
190.6	101.57	60.22	5.5
190.8	102.03	60.37	5.5
191.0	102.46	60.53	5.49
191.2	102.78	60.68	5.49
191.4	102.98	60.79	5.49
191.6	103.13	60.86	5.49
191.8	103.22	60.87	5.5
192.0	103.26	60.79	5.51
192.2	103.15	60.41	5.52
192.4	103.02	59.98	5.54
192.6	102.9	59.56	5.56
192.8	102.82	59.2	5.58
193.0	102.96	59.2	5.59
193.2	103.26	59.45	5.61
193.4	103.6	59.79	5.62
193.6	103.94	60.18	5.63
193.8	104.25	60.59	5.65
194.0	104.41	60.88	5.66
194.2	104.4	61.01	5.67
194.4	104.32	61.11	5.69
194.6	104.18	61.2	5.7
194.8	103.99	61.27	5.71
195.0	103.66	61.3	5.72
195.2	103.26	61.33	5.73
195.4	102.9	61.41	5.74
195.6	102.61	61.57	5.75
195.8	102.44	61.84	5.75
196.0	102.66	62.46	5.75
196.2	103.02	63.18	5.74
196.4	103.48	63.94	5.74
196.6	103.99	64.68	5.73
196.8	104.59	65.38	5.73
197.0	105.18	65.96	5.72
197.2	105.66	66.36	5.71
197.4	105.97	66.52	5.7
197.6	105.72	66.03	5.69
197.8	105.13	65.12	5.69
198.0	104.41	64.04	5.68
198.2	103.65	62.88	5.67
198.4	103.0	61.84	5.66
198.6	102.85	61.33	5.65
198.8	102.82	60.96	5.64
199.0	102.91	60.71	5.64
199.2	103.1	60.57	5.63
199.4	103.36	60.54	5.62
199.6	103.68	60.59	5.61
199.8	104.05	60.71	5.6
200.0	104.45	60.89	5.59
200.2	104.85	61.11	5.59
200.4	105.23	61.35	5.58
200.6	105.55	61.58	5.57
200.8	105.73	61.78	5.56
201.0	105.9	61.97	5.56
201.2	106.07	62.17	5.55
201.4	106.27	62.37	5.55
201.6	106.57	62.62	5.54
201.8	106.9	62.86	5.54
202.0	107.26	63.08	5.54
202.2	107.64	63.29	5.54
202.4	108.06	63.46	5.54
202.6	108.51	63.59	5.54
202.8	108.92	63.66	5.54
203.0	109.28	63.68	5.54
203.2	109.54	63.64	5.54
203.4	109.57	63.48	5.54
203.6	109.42	63.22	5.54
203.8	109.2	62.92	5.54
204.0	108.95	62.58	5.54
204.2	108.75	62.25	5.54
204.4	108.7	61.98	5.54
204.6	108.62	61.67	5.54
204.8	108.46	61.32	5.54
205.0	108.18	60.89	5.54
205.2	107.4	60.13	5.54
205.4	106.47	59.28	5.53
205.6	105.47	58.44	5.53
205.8	104.49	57.65	5.53
206.0	103.58	56.96	5.53
206.2	103.22	56.8	5.53
206.4	103.09	56.86	5.53
206.6	103.07	57.08	5.53
206.8	103.12	57.41	5.53
207.0	103.22	57.82	5.53
207.2	103.32	58.29	5.53
207.4	103.23	58.8	5.53
207.6	103.13	59.3	5.53
207.8	103.04	59.78	5.53
208.0	102.97	60.2	5.54
208.2	102.92	60.45	5.54
208.4	102.9	60.57	5.54
208.6	102.9	60.62	5.54
208.8	102.93	60.62	5.54
209.0	102.97	60.58	5.55
209.2	103.02	60.52	5.55
209.4	103.1	60.45	5.55
209.6	103.22	60.37	5.55
209.8	103.4	60.29	5.55
210.0	103.7	60.25	5.55
210.2	104.17	60.29	5.56
210.4	104.67	60.33	5.56
210.6	105.15	60.36	5.56
210.8	105.58	60.36	5.56
211.0	105.89	60.3	5.56
211.2	105.86	60.09	5.56
211.4	105.76	59.84	5.56
211.6	105.65	59.58	5.56
211.8	105.55	59.33	5.56
212.0	105.63	59.17	5.56
212.2	105.89	59.08	5.56
212.4	106.13	58.98	5.56
212.6	106.31	58.83	5.56
212.8	106.3	58.54	5.56
213.0	105.92	58.0	5.56
213.2	105.47	57.41	5.56
213.4	104.99	56.81	5.56
213.6	104.55	56.24	5.56
213.8	104.42	55.92	5.55
214.0	104.54	55.79	5.55
214.2	104.74	55.73	5.55
214.4	104.99	55.72	5.55
214.6	105.28	55.73	5.55
214.8	105.55	55.73	5.55
215.0	105.69	55.61	5.55
215.2	105.8	55.48	5.54
215.4	105.91	55.36	5.54
215.6	106.0	55.25	5.54
215.8	106.05	55.14	5.54
216.0	106.02	55.0	5.54
216.2	106.02	54.92	5.54
216.4	106.08	54.92	5.54
216.6	106.24	55.01	5.54
216.8	106.71	55.42	5.54
217.0	107.42	56.05	5.54
217.2	108.15	56.67	5.55
217.4	108.83	57.22	5.55
217.6	109.3	57.51	5.55
217.8	109.45	57.4	5.56
218.0	109.45	57.11	5.56
218.2	109.32	56.67	5.57
218.4	109.05	56.09	5.57
218.6	108.61	55.36	5.58
218.8	108.1	54.55	5.58
219.0	107.56	53.73	5.59
219.2	107.02	52.92	5.59
219.4	106.53	52.17	5.6
219.6	106.38	51.77	5.6
219.8	106.32	51.48	5.6
220.0	106.33	51.3	5.61
220.2	106.4	51.23	5.61
220.4	106.53	51.25	5.61
220.6	106.69	51.38	5.62
220.8	106.89	51.62	5.62
221.0	107.11	51.96	5.62
221.2	107.33	52.37	5.62
221.4	107.53	52.83	5.63
221.6	107.72	53.35	5.63
221.8	107.84	53.89	5.63
222.0	107.84	54.46	5.63
222.2	107.81	55.04	5.63
222.4	107.78	55.63	5.63
222.6	107.74	56.2	5.63
222.8	107.74	56.71	5.63
223.0	107.77	57.17	5.63
223.2	107.84	57.61	5.62
223.4	107.95	58.04	5.62
223.6	108.11	58.46	5.62
223.8	108.51	59.0	5.62
224.0	108.95	59.54	5.62
224.2	109.37	60.02	5.62
224.4	109.72	60.42	5.61
224.6	109.94	60.7	5.61
224.8	109.74	60.68	5.61
225.0	109.38	60.5	5.61
225.2	108.9	60.22	5.61
225.4	108.36	59.87	5.6
225.6	107.76	59.43	5.6
225.8	107.15	58.93	5.6
226.0	106.55	58.43	5.6
226.2	106.01	57.97	5.6
226.4	105.55	57.57	5.6
226.6	105.43	57.5	5.59
226.8	105.56	57.65	5.59
227.0	105.78	57.88	5.59
227.2	106.04	58.16	5.59
227.4	106.3	58.46	5.59
227.6	106.53	58.74	5.59
227.8	106.46	58.77	5.59
228.0	106.31	58.75	5.58
228.2	106.13	58.71	5.58
228.4	105.93	58.67	5.58
228.6	105.76	58.68	5.58
228.8	105.66	58.82	5.57
229.0	105.57	58.96	5.56
229.2	105.47	59.07	5.55
229.4	105.36	59.12	5.55
229.6	105.14	58.9	5.54
229.8	104.89	58.59	5.53
230.0	104.63	58.26	5.52
230.2	104.39	57.93	5.51
230.4	104.17	57.65	5.5
230.6	104.05	57.64	5.5
230.8	103.98	57.73	5.49
231.0	103.96	57.89	5.48
231.2	103.99	58.13	5.47
231.4	104.06	58.43	5.46
231.6	104.19	58.8	5.45
231.8	104.59	59.42	5.45
232.0	104.97	60.02	5.44
232.2	105.28	60.55	5.43
232.4	105.47	60.95	5.42
232.6	105.4	61.07	5.41
232.8	104.75	60.58	5.4
233.0	103.97	59.94	5.39
233.2	103.13	59.23	5.38
233.4	102.31	58.52	5.37
233.6	101.7	57.98	5.36
233.8	101.64	57.97	5.35
234.0	101.72	58.08	5.34
234.2	101.9	58.26	5.33
234.4	102.15	58.5	5.32
234.6	102.43	58.74	5.31
234.8	102.66	58.89	5.3
235.0	102.8	58.9	5.29
235.2	102.92	58.89	5.27
235.4	103.02	58.87	5.26
235.6	103.1	58.84	5.26
235.8	103.05	58.8	5.26
236.0	102.93	58.77	5.27
236.2	102.84	58.75	5.28
236.4	102.83	58.78	5.29
236.6	102.98	58.87	5.31
236.8	103.48	59.09	5.32
237.0	104.09	59.35	5.34
237.2	104.78	59.65	5.35
237.4	105.52	59.95	5.36
237.6	106.27	60.28	5.37
237.8	107.0	60.61	5.39
238.0	107.67	60.88	5.4
238.2	108.25	61.05	5.41
238.4	108.69	61.09	5.42
238.6	108.69	60.69	5.43
238.8	108.55	60.16	5.45
239.0	108.39	59.62	5.46
239.2	108.26	59.12	5.48
239.4	108.46	58.98	5.49
239.6	108.91	59.09	5.5
239.8	109.43	59.31	5.52
240.0	109.97	59.58	5.53
240.2	110.48	59.86	5.54
240.4	110.85	60.07	5.56
240.6	111.12	60.23	5.57
240.8	111.28	60.32	5.58
241.0	111.32	60.33	5.59
241.2	111.18	60.19	5.6
241.4	110.74	59.77	5.6
241.6	110.19	59.27	5.6
241.8	109.57	58.71	5.6
242.0	108.92	58.13	5.6
242.2	108.37	57.6	5.6
242.4	107.87	57.1	5.6
242.6	107.4	56.66	5.59
242.8	106.96	56.28	5.59
243.0	106.58	56.01	5.59
243.2	106.28	55.95	5.59
243.4	106.0	55.95	5.59
243.6	105.73	55.98	5.59
243.8	105.44	56.01	5.58
244.0	105.04	55.87	5.58
244.2	104.61	55.7	5.58
244.4	104.17	55.54	5.58
244.6	103.73	55.39	5.58
244.8	103.35	55.36	5.57
245.0	103.03	55.43	5.57
245.2	102.71	55.52	5.57
245.4	102.38	55.6	5.57
245.6	102.02	55.66	5.57
245.8	101.55	55.57	5.57
246.0	101.01	55.39	5.56
246.2	100.46	55.2	5.56
246.4	99.92	55.02	5.56
246.6	99.41	54.89	5.56
246.8	99.06	54.95	5.56
247.0	98.74	55.07	5.55
247.2	98.44	55.23	5.55
247.4	98.14	55.42	5.55
247.6	97.75	55.56	5.55
247.8	97.19	55.61	5.55
248.0	96.68	55.71	5.56
248.2	96.25	55.89	5.56
248.4	95.98	56.2	5.57
248.6	96.11	56.88	5.58
248.8	96.37	57.63	5.58
249.0	96.71	58.4	5.59
249.2	97.1	59.14	5.6
249.4	97.34	59.57	5.61
249.6	97.58	59.91	5.62
249.8	97.83	60.19	5.63
250.0	98.1	60.4	5.63
250.2	98.44	60.65	5.64
250.4	98.83	60.89	5.65
250.6	99.21	61.08	5.66
250.8	99.55	61.19	5.66
251.0	99.8	61.18	5.67
251.2	99.81	60.97	5.67
251.4	99.8	60.69	5.67
251.6	99.81	60.37	5.67
251.8	99.89	60.03	5.67
252.0	100.34	59.78	5.67
252.2	100.86	59.54	5.67
252.4	101.41	59.31	5.67
252.6	101.94	59.08	5.67
252.8	102.27	58.87	5.67
253.0	102.47	58.67	5.67
253.2	102.6	58.48	5.67
253.4	102.66	58.29	5.67
253.6	102.65	58.09	5.67
253.8	102.55	57.89	5.67
254.0	102.42	57.7	5.67
254.2	102.3	57.54	5.67
254.4	102.2	57.43	5.67
254.6	102.3	57.47	5.67
254.8	102.43	57.56	5.67
255.0	102.55	57.63	5.67
255.2	102.62	57.65	5.67
255.4	102.48	57.44	5.67
255.6	102.19	57.08	5.67
255.8	101.88	56.69	5.67
256.0	101.55	56.33	5.67
256.2	101.3	56.08	5.67
256.4	101.26	56.12	5.67
256.6	101.27	56.25	5.67
256.8	101.31	56.46	5.67
257.0	101.36	56.72	5.67
257.2	101.37	57.0	5.67
257.4	101.21	57.22	5.66
257.6	101.08	57.48	5.66
257.8	101.0	57.8	5.66
258.0	101.03	58.18	5.66
258.2	101.35	58.73	5.65
258.4	101.86	59.38	5.65
258.6	102.43	60.04	5.64
258.8	103.01	60.68	5.63
259.0	103.49	61.19	5.63
259.2	103.82	61.54	5.62
259.4	104.11	61.8	5.62
259.6	104.35	62.01	5.61
259.8	104.57	62.15	5.6
260.0	104.8	62.26	5.6
260.2	105.01	62.33	5.59
260.4	105.2	62.36	5.58
260.6	105.35	62.34	5.58
260.8	105.42	62.25	5.58
261.0	105.41	62.09	5.59
261.2	105.4	61.93	5.59
261.4	105.42	61.77	5.6
261.6	105.55	61.67	5.61
261.8	105.96	61.76	5.62
262.0	106.38	61.84	5.63
262.2	106.77	61.86	5.63
262.4	107.07	61.77	5.64
262.6	106.91	61.19	5.65
262.8	106.64	60.51	5.66
263.0	106.31	59.79	5.66
263.2	105.98	59.09	5.67
263.4	105.81	58.6	5.68
263.6	105.93	58.48	5.69
263.8	106.09	58.46	5.69
264.0	106.25	58.49	5.7
264.2	106.37	58.56	5.7
264.4	106.36	58.59	5.71
264.6	106.0	58.4	5.71
264.8	105.59	58.22	5.71
265.0	105.16	58.08	5.71
265.2	104.75	58.0	5.71
265.4	104.52	58.11	5.71
265.6	104.43	58.39	5.71
265.8	104.37	58.69	5.7
266.0	104.31	58.99	5.7
266.2	104.18	59.19	5.7
266.4	103.89	59.19	5.69
266.6	103.58	59.14	5.69
266.8	103.26	59.06	5.68
267.0	102.95	58.97	5.68
267.2	102.7	58.91	5.67
267.4	102.52	58.89	5.67
267.6	102.4	58.91	5.66
267.8	102.33	58.98	5.66
268.0	102.33	59.1	5.66
268.2	102.43	59.33	5.65
268.4	102.73	59.76	5.65
268.6	103.06	60.23	5.64
268.8	103.39	60.71	5.64
269.0	103.68	61.18	5.63
269.2	103.89	61.6	5.63
269.4	103.65	61.68	5.63
269.6	103.39	61.75	5.62
269.8	103.19	61.87	5.62
270.0	103.12	62.07	5.62
270.2	103.44	62.58	5.62
270.4	104.12	63.36	5.63
270.6	104.93	64.19	5.63
270.8	105.81	65.01	5.64
271.0	106.68	65.73	5.65
271.2	107.49	66.27	5.66
271.4	108.22	66.67	5.66
271.6	108.82	66.88	5.67
271.8	109.14	66.76	5.68
272.0	109.06	66.22	5.69
272.2	108.84	65.52	5.69
272.4	108.53	64.71	5.7
272.6	108.2	63.87	5.71
272.8	108.13	63.29	5.72
273.0	108.17	62.84	5.72
273.2	108.26	62.46	5.73
273.4	108.39	62.13	5.74
273.6	108.53	61.85	5.74
273.8	108.65	61.6	5.75
274.0	108.71	61.36	5.75
274.2	108.78	61.17	5.76
274.4	108.85	61.03	5.76
274.6	108.94	60.95	5.76
274.8	109.05	60.93	5.77
275.0	109.26	61.1	5.77
275.2	109.48	61.31	5.77
275.4	109.69	61.5	5.76
275.6	109.87	61.66	5.76
275.8	110.06	61.71	5.76
276.0	110.23	61.64	5.76
276.2	110.29	61.47	5.75
276.4	110.21	61.17	5.75
276.6	109.85	60.68	5.74
276.8	109.0	59.86	5.74
277.0	107.99	58.96	5.74
277.2	106.91	58.03	5.73
277.4	105.83	57.12	5.73
277.6	104.98	56.44	5.72
277.8	104.54	56.1	5.72
278.0	104.21	55.89	5.72
278.2	103.98	55.81	5.71
278.4	103.82	55.85	5.71
278.6	103.71	55.99	5.7
278.8	103.59	56.24	5.7
279.0	103.38	56.58	5.7
279.2	103.19	57.0	5.69
279.4	103.04	57.47	5.69
279.6	102.93	57.99	5.68
279.8	102.88	58.54	5.68
280.0	102.86	58.99	5.68
280.2	102.9	59.45	5.67
280.4	103.03	59.97	5.67
280.6	103.27	60.56	5.67
280.8	103.63	61.24	5.66
281.0	104.28	62.28	5.66
281.2	105.05	63.39	5.65
281.4	105.84	64.46	5.64
281.6	106.62	65.42	5.63
281.8	107.21	65.99	5.61
282.0	107.67	66.28	5.58
282.2	108.06	66.4	5.54
282.4	108.39	66.38	5.51
282.6	108.65	66.25	5.47
282.8	108.85	66.07	5.44
283.0	109.01	65.8	5.4
283.2	109.16	65.46	5.37
283.4	109.32	65.05	5.34
283.6	109.61	64.62	5.3
283.8	110.01	64.15	5.26
284.0	110.39	63.63	5.23
284.2	110.7	63.04	5.2
284.4	110.92	62.4	5.17
284.6	110.75	61.6	5.17
284.8	110.34	60.71	5.17
285.0	109.9	59.82	5.18
285.2	109.52	58.97	5.2
285.4	109.28	58.21	5.22
285.6	109.65	57.73	5.23
285.8	110.13	57.34	5.24
286.0	110.65	57.04	5.25
286.2	111.14	56.81	5.26
286.4	111.37	56.64	5.27
286.6	111.31	56.5	5.28
286.8	111.15	56.4	5.3
287.0	110.9	56.34	5.31
287.2	110.6	56.32	5.32
287.4	110.32	56.3	5.33
287.6	110.04	56.29	5.34
287.8	109.73	56.31	5.35
