0.2	83.13	60.99	5.17
0.4	82.85	60.92	5.17
0.6	82.48	60.95	5.17
0.8	82.06	61.1	5.17
1.0	81.63	61.38	5.17
1.2	81.23	61.8	5.17
1.4	80.92	62.38	5.17
1.6	80.73	63.14	5.17
1.8	80.71	64.08	5.17
2.0	80.91	65.22	5.17
2.2	81.59	66.88	5.17
2.4	82.59	68.79	5.17
2.6	83.7	70.61	5.17
2.8	84.83	72.21	5.17
3.0	85.78	73.07	5.17
3.2	86.62	73.49	5.17
3.4	87.34	73.53	5.17
3.6	87.9	73.19	5.17
3.8	88.2	72.33	5.17
4.0	88.34	71.25	5.18
4.2	88.36	70.03	5.18
4.4	88.27	68.78	5.18
4.6	88.1	67.92	5.18
4.8	87.85	67.17	5.18
5.0	87.54	66.52	5.18
5.2	87.19	65.96	5.18
5.4	86.8	65.5	5.18
5.6	86.41	65.15	5.18
5.8	86.01	64.89	5.18
6.0	85.62	64.72	5.18
6.2	85.24	64.63	5.18
6.4	84.85	64.52	5.18
6.6	84.48	64.47	5.18
6.8	84.22	64.55	5.19
7.0	84.11	64.83	5.19
7.2	84.31	65.48	5.19
7.4	84.86	66.57	5.19
7.6	85.5	67.74	5.2
7.8	86.15	68.88	5.2
8.0	86.7	69.84	5.2
8.2	87.07	70.55	5.2
8.4	87.28	70.94	5.21
8.6	87.26	70.92	5.21
8.8	86.73	69.9	5.21
9.0	85.9	68.32	5.22
9.2	84.91	66.5	5.22
9.4	83.87	64.62	5.22
9.6	83.06	63.39	5.23
9.8	82.49	62.79	5.23
10.0	82.0	62.41	5.23
10.2	81.57	62.18	5.23
10.4	81.18	62.06	5.24
10.6	80.83	61.99	5.24
10.8	80.39	61.54	5.24
11.0	79.98	61.14	5.24
11.2	79.61	60.82	5.24
11.4	79.3	60.59	5.25
11.6	79.04	60.49	5.25
11.8	78.71	60.57	5.25
12.0	78.5	60.83	5.26
12.2	78.46	61.3	5.26
12.4	78.65	62.01	5.26
12.6	79.23	63.14	5.27
12.8	80.26	64.72	5.27
13.0	81.5	66.39	5.28
13.2	82.88	68.06	5.28
13.4	84.36	69.51	5.29
13.6	85.87	70.66	5.29
13.8	87.37	71.64	5.3
14.0	88.8	72.44	5.3
14.2	90.15	73.25	5.31
14.4	91.32	73.82	5.31
14.6	92.21	74.01	5.32
14.8	92.75	73.67	5.32
15.0	92.4	71.85	5.33
15.2	91.7	69.59	5.34
15.4	90.76	67.12	5.35
15.6	89.68	64.68	5.35
15.8	88.93	63.57	5.36
16.0	88.33	63.19	5.37
16.2	87.76	63.13	5.37
16.4	87.23	63.31	5.37
16.6	86.73	63.64	5.38
16.8	86.24	64.02	5.38
17.0	85.74	63.88	5.39
17.2	85.24	63.57	5.39
17.4	84.77	63.27	5.39
17.6	84.32	63.02	5.4
17.8	83.9	62.84	5.4
18.0	83.47	62.79	5.4
18.2	82.96	62.87	5.39
18.4	82.56	63.13	5.39
18.6	82.32	63.57	5.38
18.8	82.28	64.24	5.38
19.0	82.67	65.31	5.37
19.2	83.4	66.68	5.35
19.4	84.3	68.18	5.34
19.6	85.35	69.77	5.33
19.8	86.48	71.5	5.31
20.0	87.66	73.19	5.3
20.2	88.87	74.62	5.29
20.4	90.07	75.62	5.27
20.6	91.34	75.59	5.26
20.8	92.48	75.05	5.25
21.0	93.4	74.08	5.23
21.2	93.87	72.71	5.22
21.4	93.7	70.98	5.21
21.6	93.24	69.09	5.19
21.8	92.55	67.15	5.18
22.0	91.73	65.39	5.17
22.2	91.0	64.24	5.15
22.4	90.22	63.31	5.14
22.6	89.42	62.58	5.13
22.8	88.6	62.03	5.11
23.0	87.79	61.66	5.1
23.2	87.11	61.48	5.09
23.4	86.56	61.46	5.08
23.6	86.03	61.56	5.06
23.8	85.51	61.73	5.05
24.0	84.98	61.95	5.04
24.2	84.44	62.2	5.02
24.4	83.77	62.35	5.01
24.6	83.02	62.42	5.0
24.8	82.23	62.47	4.98
25.0	81.44	62.5	4.97
25.2	80.65	62.52	4.96
25.4	79.86	62.53	4.94
25.6	79.11	62.44	4.93
25.8	78.39	62.35	4.91
26.0	77.7	62.29	4.9
26.2	77.06	62.26	4.89
26.4	76.48	62.29	4.88
26.6	75.94	62.42	4.87
26.8	75.48	62.65	4.86
27.0	75.11	62.96	4.86
27.2	74.84	63.36	4.85
27.4	74.71	63.86	4.85
27.6	74.86	64.76	4.86
27.8	75.09	65.62	4.86
28.0	75.37	66.35	4.87
28.2	75.66	66.84	4.88
28.4	75.76	66.48	4.89
28.6	75.8	65.68	4.9
28.8	75.82	64.7	4.9
29.0	75.85	63.64	4.91
29.2	75.89	62.68	4.92
29.4	75.94	61.98	4.92
29.6	76.07	61.43	4.93
29.8	76.3	61.06	4.93
30.0	76.66	60.89	4.94
30.2	77.25	61.2	4.95
30.4	78.04	61.83	4.95
30.6	78.99	62.57	4.96
30.8	80.1	63.34	4.97
31.0	81.57	64.18	4.97
31.2	83.36	64.98	4.98
31.4	85.01	65.42	4.98
31.6	86.35	65.31	4.99
31.8	86.67	63.73	5.0
32.0	86.23	61.13	5.01
32.2	85.47	58.24	5.02
32.4	84.53	55.34	5.03
32.6	84.13	54.05	5.04
32.8	83.99	53.7	5.05
33.0	83.92	53.81	5.05
33.2	83.91	54.25	5.06
33.4	83.91	54.93	5.07
33.6	83.9	55.71	5.07
33.8	83.69	55.95	5.08
34.0	83.39	56.04	5.08
34.2	83.06	56.16	5.09
34.4	82.72	56.31	5.09
34.6	82.37	56.51	5.1
34.8	81.97	56.8	5.11
35.0	81.52	57.17	5.11
35.2	81.13	57.64	5.12
35.4	80.84	58.23	5.13
35.6	80.68	58.96	5.13
35.8	80.73	59.9	5.13
36.0	81.0	61.05	5.14
36.2	81.47	62.28	5.14
36.4	82.16	63.58	5.14
36.6	83.2	65.02	5.13
36.8	84.64	66.57	5.13
37.0	86.13	67.94	5.13
37.2	87.55	68.99	5.13
37.4	88.6	69.25	5.12
37.6	89.28	68.82	5.12
37.8	89.75	68.04	5.12
38.0	90.02	66.99	5.12
38.2	90.14	65.94	5.11
38.4	90.09	64.85	5.11
38.6	89.9	63.7	5.11
38.8	89.56	62.53	5.11
39.0	89.09	61.37	5.1
39.2	88.4	60.26	5.1
39.4	87.64	59.22	5.1
39.6	86.81	58.29	5.1
39.8	85.97	57.5	5.09
40.0	85.14	56.89	5.09
40.2	84.39	56.61	5.09
40.4	83.72	56.54	5.09
40.6	83.14	56.66	5.08
40.8	82.68	56.97	5.08
41.0	82.35	57.48	5.08
41.2	82.26	58.25	5.08
41.4	82.32	59.17	5.08
41.6	82.54	60.22	5.08
41.8	82.94	61.36	5.08
42.0	83.6	62.75	5.08
42.2	84.43	64.16	5.08
42.4	85.35	65.43	5.08
42.6	86.32	66.43	5.08
42.8	87.3	66.63	5.09
43.0	88.24	66.4	5.09
43.2	89.07	65.92	5.09
43.4	89.73	65.31	5.09
43.6	89.96	64.86	5.09
43.8	89.93	64.45	5.09
44.0	89.72	64.03	5.1
44.2	89.36	63.62	5.1
44.4	88.91	63.23	5.1
44.6	88.44	62.89	5.1
44.8	87.89	62.57	5.1
45.0	87.27	62.27	5.1
45.2	86.61	61.98	5.1
45.4	85.89	61.7	5.11
45.6	85.16	61.46	5.11
45.8	84.4	61.22	5.11
46.0	83.62	60.97	5.12
46.2	82.85	60.71	5.12
46.4	82.08	60.41	5.12
46.6	81.36	59.97	5.13
46.8	80.67	59.43	5.13
47.0	80.0	58.91	5.14
47.2	79.36	58.42	5.14
47.4	78.73	58.0	5.14
47.6	78.09	57.67	5.15
47.8	77.3	57.39	5.15
48.0	76.59	57.3	5.16
48.2	76.01	57.43	5.16
48.4	75.59	57.85	5.16
48.6	75.39	58.59	5.17
48.8	75.68	60.16	5.17
49.0	76.21	62.04	5.17
49.2	76.95	64.1	5.18
49.4	77.86	66.25	5.18
49.6	78.98	68.46	5.19
49.8	80.26	70.62	5.19
50.0	81.59	72.53	5.19
50.2	82.88	74.05	5.2
50.4	84.06	74.84	5.2
50.6	85.08	74.96	5.21
50.8	85.91	74.54	5.21
51.0	86.48	73.58	5.22
51.2	86.48	71.66	5.22
51.4	86.18	69.27	5.23
51.6	85.69	66.68	5.24
51.8	85.08	64.07	5.24
52.0	84.63	62.22	5.25
52.2	84.37	61.2	5.25
52.4	84.12	60.5	5.26
52.6	83.87	60.07	5.26
52.8	83.62	59.86	5.26
53.0	83.33	59.82	5.27
53.2	82.95	59.82	5.27
53.4	82.43	59.78	5.28
53.6	81.88	59.8	5.28
53.8	81.32	59.89	5.28
54.0	80.75	60.04	5.28
54.2	80.2	60.21	5.29
54.4	79.65	60.27	5.29
54.6	79.13	60.25	5.29
54.8	78.67	60.32	5.29
55.0	78.28	60.51	5.29
55.2	77.99	60.87	5.29
55.4	77.81	61.52	5.28
55.6	77.76	62.72	5.28
55.8	77.86	64.06	5.28
56.0	78.14	65.47	5.28
56.2	78.61	66.88	5.28
56.4	79.45	68.12	5.27
56.6	80.57	69.21	5.27
56.8	81.79	70.23	5.27
57.0	83.06	71.18	5.27
57.2	84.4	72.41	5.26
57.4	85.67	73.65	5.26
57.6	86.74	74.48	5.26
57.8	87.48	74.69	5.26
58.0	87.35	73.08	5.26
58.2	86.7	70.44	5.25
58.4	85.8	67.41	5.25
58.6	84.78	64.28	5.25
58.8	84.27	62.54	5.25
59.0	84.15	61.94	5.25
59.2	84.15	61.76	5.24
59.4	84.2	61.9	5.24
59.6	84.26	62.25	5.24
59.8	84.29	62.71	5.24
60.0	84.1	62.91	5.24
60.2	83.57	62.6	5.23
60.4	82.97	62.25	5.23
60.6	82.33	61.88	5.23
60.8	81.68	61.51	5.23
61.0	81.02	61.15	5.23
61.2	80.46	60.77	5.22
61.4	79.97	60.42	5.22
61.6	79.5	60.13	5.22
61.8	79.07	59.93	5.22
62.0	78.67	59.83	5.22
62.2	78.27	59.88	5.21
62.4	77.8	60.15	5.21
62.6	77.4	60.57	5.2
62.8	77.11	61.13	5.2
63.0	76.96	61.83	5.19
63.2	77.0	62.69	5.19
63.4	77.31	63.71	5.18
63.6	77.8	64.86	5.18
63.8	78.48	66.13	5.17
64.0	79.34	67.55	5.17
64.2	80.47	69.22	5.16
64.4	81.73	70.93	5.16
64.6	83.08	72.58	5.15
64.8	84.56	74.19	5.14
65.0	86.22	75.76	5.14
65.2	87.67	76.88	5.13
65.4	88.74	77.34	5.13
65.6	88.78	76.2	5.12
65.8	87.95	73.78	5.12
66.0	86.78	70.86	5.11
66.2	85.43	67.74	5.11
66.4	84.77	65.75	5.1
66.6	84.53	64.54	5.1
66.8	84.43	63.68	5.09
67.0	84.41	63.12	5.09
67.2	84.43	62.83	5.08
67.4	84.44	62.75	5.08
67.6	84.15	62.89	5.07
67.8	83.72	63.15	5.07
68.0	83.23	63.46	5.06
68.2	82.69	63.75	5.05
68.4	82.13	63.97	5.05
68.6	81.53	64.03	5.04
68.8	80.88	63.32	5.04
69.0	80.24	62.52	5.03
69.2	79.6	61.68	5.03
69.4	79.0	60.87	5.02
69.6	78.45	60.16	5.02
69.8	78.03	59.96	5.02
70.0	77.7	59.98	5.02
70.2	77.41	60.1	5.02
70.4	77.16	60.28	5.03
70.6	76.96	60.48	5.03
70.8	76.62	60.34	5.04
71.0	76.32	60.19	5.04
71.2	76.13	60.14	5.05
71.4	76.1	60.28	5.05
71.6	76.31	60.74	5.06
71.8	76.93	61.92	5.06
72.0	77.74	63.24	5.07
72.2	78.71	64.62	5.07
72.4	79.85	65.94	5.08
72.6	81.2	67.13	5.08
72.8	82.57	68.04	5.09
73.0	83.88	68.54	5.1
73.2	85.0	68.28	5.1
73.4	85.82	67.09	5.11
73.6	86.44	65.48	5.12
73.8	86.85	63.6	5.12
74.0	86.92	61.71	5.13
74.2	86.72	59.87	5.14
74.4	86.34	58.07	5.15
74.6	85.83	56.4	5.15
74.8	85.24	54.97	5.16
75.0	84.75	54.22	5.17
75.2	84.23	53.74	5.17
75.4	83.69	53.47	5.18
75.6	83.12	53.38	5.18
75.8	82.54	53.43	5.19
76.0	81.94	53.54	5.19
76.2	81.34	53.64	5.2
76.4	80.73	53.8	5.21
76.6	80.14	54.01	5.21
76.8	79.56	54.27	5.22
77.0	78.99	54.56	5.22
77.2	78.32	54.56	5.23
77.4	77.68	54.58	5.23
77.6	77.15	54.75	5.24
77.8	76.78	55.15	5.24
78.0	76.6	55.83	5.24
78.2	76.81	57.23	5.25
78.4	77.33	59.11	5.25
78.6	78.06	61.18	5.25
78.8	78.99	63.35	5.25
79.0	80.18	65.6	5.24
79.2	81.6	67.82	5.24
79.4	83.06	69.8	5.24
79.6	84.47	71.38	5.24
79.8	85.63	72.07	5.24
80.0	86.55	71.99	5.24
80.2	87.29	71.51	5.24
80.4	87.87	70.74	5.24
80.6	88.26	69.97	5.24
80.8	88.48	69.13	5.23
81.0	88.55	68.21	5.23
81.2	88.45	67.25	5.23
81.4	88.14	66.34	5.23
81.6	87.66	65.48	5.23
81.8	87.07	64.66	5.23
82.0	86.41	63.89	5.23
82.2	85.72	63.18	5.23
82.4	85.13	62.63	5.23
82.6	84.61	62.2	5.23
82.8	84.09	61.84	5.22
83.0	83.58	61.53	5.22
83.2	83.06	61.25	5.22
83.4	82.49	60.95	5.22
83.6	81.89	60.63	5.22
83.8	81.3	60.35	5.22
84.0	80.73	60.1	5.22
84.2	80.19	59.91	5.22
84.4	79.66	59.73	5.22
84.6	79.18	59.61	5.23
84.8	78.78	59.6	5.23
85.0	78.48	59.71	5.23
85.2	78.3	59.97	5.23
85.4	78.33	60.47	5.23
85.6	78.5	61.14	5.23
85.8	78.8	62.0	5.23
86.0	79.24	63.05	5.23
86.2	79.83	64.57	5.23
86.4	80.55	66.24	5.23
86.6	81.38	67.87	5.23
86.8	82.32	69.32	5.23
87.0	83.41	70.1	5.23
87.2	84.55	70.62	5.23
87.4	85.68	70.96	5.23
87.6	86.74	71.25	5.23
87.8	87.7	71.62	5.23
88.0	88.5	71.78	5.23
88.2	89.1	71.62	5.24
88.4	89.24	70.61	5.24
88.6	89.04	69.04	5.24
88.8	88.66	67.3	5.24
89.0	88.18	65.59	5.24
89.2	87.82	64.62	5.24
89.4	87.6	64.41	5.24
89.6	87.39	64.48	5.24
89.8	87.21	64.73	5.24
90.0	87.04	65.09	5.24
90.2	86.9	65.41	5.24
90.4	86.78	65.46	5.24
90.6	86.66	65.48	5.24
90.8	86.52	65.47	5.24
91.0	86.36	65.41	5.24
91.2	86.14	65.27	5.24
91.4	85.81	65.02	5.24
91.6	85.45	64.73	5.25
91.8	85.05	64.42	5.25
92.0	84.63	64.11	5.25
92.2	84.2	63.82	5.25
92.4	83.75	63.59	5.25
92.6	83.3	63.39	5.25
92.8	82.85	63.23	5.25
93.0	82.43	63.12	5.25
93.2	82.03	63.06	5.25
93.4	81.66	63.03	5.26
93.6	81.34	63.09	5.27
93.8	81.08	63.24	5.28
94.0	80.89	63.5	5.29
94.2	80.79	63.92	5.31
94.4	80.83	64.55	5.32
94.6	80.95	65.3	5.33
94.8	81.16	66.16	5.33
95.0	81.46	67.12	5.34
95.2	81.87	68.24	5.35
95.4	82.4	69.51	5.37
95.6	82.98	70.78	5.38
95.8	83.57	71.99	5.39
96.0	84.16	73.1	5.4
96.2	84.75	73.91	5.41
96.4	85.27	74.55	5.42
96.6	85.7	74.99	5.43
96.8	86.01	75.23	5.44
97.0	86.02	75.05	5.45
97.2	85.78	74.55	5.46
97.4	85.47	74.01	5.47
97.6	85.16	73.51	5.48
97.8	84.92	73.27	5.49
98.0	84.79	73.45	5.5
98.2	84.83	73.83	5.5
98.4	85.07	74.4	5.5
98.6	85.74	75.3	5.5
98.8	87.05	76.67	5.5
99.0	88.44	77.96	5.49
99.2	89.72	78.97	5.48
99.4	90.47	79.14	5.47
99.6	90.55	78.31	5.46
99.8	90.39	77.1	5.45
100.0	90.06	75.66	5.44
100.2	89.82	74.38	5.43
100.4	89.66	73.29	5.42
100.6	89.47	72.25	5.41
100.8	89.24	71.3	5.4
101.0	88.97	70.45	5.39
101.2	88.62	69.85	5.38
101.4	88.2	69.44	5.37
101.6	87.74	69.14	5.36
101.8	87.23	68.92	5.35
102.0	86.68	68.77	5.33
102.2	86.06	68.63	5.32
102.4	85.4	68.5	5.31
102.6	84.72	68.39	5.3
102.8	84.05	68.31	5.29
103.0	83.4	68.24	5.28
103.2	82.83	68.09	5.27
103.4	82.33	67.89	5.27
103.6	81.88	67.77	5.27
103.8	81.46	67.76	5.26
104.0	81.08	67.91	5.26
104.2	80.58	68.35	5.26
104.4	80.12	69.03	5.26
104.6	79.81	69.9	5.25
104.8	79.71	70.96	5.25
105.0	79.99	72.31	5.25
105.2	80.74	73.94	5.25
105.4	81.69	75.65	5.24
105.6	82.81	77.34	5.24
105.8	84.09	79.08	5.24
106.0	85.44	80.71	5.24
106.2	86.71	81.88	5.23
106.4	87.77	82.4	5.23
106.6	88.15	81.03	5.23
106.8	88.21	78.83	5.23
107.0	88.08	76.31	5.22
107.2	87.87	73.84	5.22
107.4	88.03	73.14	5.22
107.6	88.19	72.83	5.21
107.8	88.32	72.81	5.21
108.0	88.4	72.95	5.21
108.2	88.38	73.14	5.21
108.4	88.01	72.7	5.2
108.6	87.55	72.22	5.2
108.8	87.01	71.7	5.2
109.0	86.43	71.18	5.2
109.2	85.83	70.66	5.19
109.4	85.34	70.18	5.19
109.6	84.85	69.75	5.19
109.8	84.38	69.39	5.18
110.0	83.93	69.12	5.18
110.2	83.49	68.96	5.18
110.4	82.95	68.97	5.18
110.6	82.49	69.12	5.18
110.8	82.15	69.4	5.18
111.0	81.98	69.83	5.18
111.2	82.22	70.59	5.18
111.4	82.72	71.5	5.18
111.6	83.32	72.4	5.18
111.8	83.95	73.2	5.18
112.0	84.46	73.66	5.18
112.2	84.88	73.87	5.18
112.4	85.23	73.85	5.18
112.6	85.5	73.57	5.18
112.8	85.55	72.74	5.18
113.0	85.53	71.73	5.18
113.2	85.47	70.64	5.18
113.4	85.4	69.58	5.18
113.6	85.55	69.05	5.18
113.8	85.7	68.65	5.18
114.0	85.82	68.33	5.18
114.2	85.88	68.03	5.18
114.4	85.75	67.57	5.18
114.6	85.38	66.89	5.18
114.8	84.93	66.24	5.18
115.0	84.44	65.68	5.18
115.2	83.91	65.26	5.18
115.4	83.45	65.34	5.18
115.6	83.01	65.58	5.19
115.8	82.59	65.93	5.19
116.0	82.21	66.33	5.18
116.2	81.91	66.67	5.17
116.4	81.68	66.93	5.16
116.6	81.48	67.15	5.14
116.8	81.31	67.32	5.11
117.0	81.17	67.41	5.08
117.2	81.02	67.37	5.04
117.4	80.89	67.26	5.0
117.6	80.75	67.09	4.96
117.8	80.61	66.85	4.91
118.0	80.43	66.45	4.86
118.2	80.24	66.02	4.82
118.4	80.04	65.63	4.77
118.6	79.84	65.33	4.74
118.8	79.59	65.29	4.7
119.0	79.31	65.52	4.68
119.2	79.08	65.91	4.67
119.4	78.96	66.43	4.66
119.6	78.99	67.06	4.66
119.8	79.34	67.75	4.68
120.0	79.85	68.53	4.7
120.2	80.52	69.39	4.73
120.4	81.34	70.33	4.77
120.6	82.43	71.59	4.79
120.8	83.6	72.79	4.82
121.0	84.76	73.78	4.85
121.2	85.84	74.34	4.89
121.4	86.75	74.2	4.92
121.6	87.48	73.69	4.95
121.8	87.96	72.85	4.98
122.0	88.01	71.65	5.02
122.2	87.52	70.12	5.05
122.4	86.79	68.47	5.09
122.6	85.9	66.81	5.12
122.8	84.93	65.26	5.16
123.0	84.24	64.44	5.19
123.2	83.58	63.87	5.22
123.4	82.96	63.52	5.25
123.6	82.36	63.37	5.27
123.8	81.81	63.41	5.29
124.0	81.25	63.55	5.3
124.2	80.72	63.79	5.31
124.4	80.26	64.19	5.31
124.6	79.91	64.77	5.31
124.8	79.67	65.52	5.3
125.0	79.56	66.48	5.3
125.2	79.61	67.66	5.29
125.4	79.85	69.0	5.29
125.6	80.29	70.49	5.29
125.8	80.99	72.13	5.28
126.0	82.3	74.3	5.28
126.2	83.72	76.36	5.28
126.4	85.11	78.14	5.27
126.6	86.26	79.28	5.27
126.8	86.83	79.07	5.27
127.0	87.15	78.39	5.26
127.2	87.28	77.36	5.26
127.4	87.24	76.17	5.26
127.6	87.09	75.37	5.25
127.8	86.83	74.58	5.25
128.0	86.49	73.84	5.25
128.2	86.1	73.14	5.24
128.4	85.69	72.52	5.24
128.6	85.36	72.14	5.24
128.8	85.04	71.84	5.23
129.0	84.74	71.62	5.23
129.2	84.48	71.46	5.23
129.4	84.27	71.36	5.23
129.6	84.15	71.29	5.23
129.8	84.11	71.25	5.23
130.0	84.12	71.24	5.23
130.2	84.16	71.25	5.23
130.4	84.24	71.27	5.23
130.6	84.38	71.35	5.23
130.8	84.54	71.43	5.24
131.0	84.69	71.47	5.24
131.2	84.79	71.46	5.24
131.4	84.84	71.35	5.24
131.6	84.65	70.91	5.24
131.8	84.39	70.37	5.24
132.0	84.09	69.79	5.25
132.2	83.75	69.19	5.25
132.4	83.41	68.62	5.25
132.6	83.06	68.15	5.25
132.8	82.75	67.77	5.25
133.0	82.49	67.5	5.25
133.2	82.32	67.38	5.25
133.4	82.25	67.44	5.26
133.6	82.36	67.75	5.26
133.8	82.6	68.27	5.26
134.0	83.0	68.99	5.26
134.2	83.57	69.93	5.26
134.4	84.45	71.34	5.26
134.6	85.57	73.05	5.27
134.8	86.74	74.71	5.27
135.0	87.91	76.19	5.27
135.2	88.99	77.11	5.27
135.4	89.92	77.55	5.27
135.6	90.65	77.58	5.28
135.8	91.12	77.19	5.28
136.0	90.93	75.91	5.28
136.2	90.43	74.28	5.28
136.4	89.73	72.5	5.28
136.6	88.91	70.73	5.29
136.8	88.29	69.81	5.29
137.0	87.83	69.61	5.29
137.2	87.4	69.67	5.29
137.4	86.99	69.94	5.29
137.6	86.59	70.32	5.3
137.8	86.2	70.76	5.3
138.0	85.71	70.83	5.3
138.2	85.16	70.65	5.3
138.4	84.68	70.53	5.3
138.6	84.28	70.54	5.3
138.8	84.01	70.71	5.3
139.0	83.97	71.3	5.3
139.2	84.16	72.26	5.3
139.4	84.49	73.34	5.3
139.6	84.95	74.48	5.3
139.8	85.56	75.6	5.29
140.0	86.35	76.63	5.29
140.2	87.18	77.54	5.28
140.4	88.0	78.31	5.27
140.6	88.79	78.94	5.26
140.8	89.47	79.38	5.26
141.0	89.98	79.43	5.25
141.2	90.24	78.96	5.24
141.4	89.93	77.31	5.23
141.6	89.12	74.66	5.23
141.8	88.12	71.69	5.22
142.0	87.04	68.66	5.21
142.2	86.25	66.39	5.21
142.4	86.02	65.56	5.2
142.6	85.93	65.16	5.19
142.8	85.93	65.1	5.19
143.0	85.97	65.28	5.18
143.2	86.02	65.6	5.17
143.4	85.94	65.8	5.16
143.6	85.51	65.53	5.16
143.8	85.06	65.26	5.15
144.0	84.59	65.0	5.14
144.2	84.13	64.78	5.13
144.4	83.71	64.59	5.13
144.6	83.32	64.36	5.12
144.8	83.01	64.19	5.12
145.0	82.81	64.15	5.11
145.2	82.73	64.28	5.11
145.4	82.82	64.61	5.1
145.6	83.16	65.42	5.1
145.8	83.72	66.53	5.1
146.0	84.45	67.77	5.1
146.2	85.33	69.07	5.11
146.4	86.44	70.38	5.11
146.6	87.73	71.64	5.11
146.8	89.07	72.73	5.11
147.0	90.4	73.56	5.11
147.2	91.61	73.93	5.12
147.4	92.68	73.84	5.12
147.6	93.56	73.39	5.12
147.8	94.21	72.57	5.12
148.0	94.37	71.14	5.12
148.2	94.24	69.38	5.13
148.4	93.91	67.5	5.13
148.6	93.44	65.62	5.13
148.8	92.99	64.23	5.13
149.0	92.58	63.32	5.13
149.2	92.12	62.61	5.14
149.4	91.63	62.08	5.14
149.6	91.12	61.71	5.14
149.8	90.6	61.46	5.14
150.0	90.08	61.3	5.14
150.2	89.55	61.23	5.15
150.4	89.01	61.22	5.15
150.6	88.46	61.25	5.15
150.8	87.9	61.29	5.15
151.0	87.29	61.22	5.16
151.2	86.68	61.13	5.16
151.4	86.08	61.06	5.17
151.6	85.51	61.03	5.17
151.8	84.97	61.05	5.18
152.0	84.43	61.12	5.18
152.2	83.95	61.27	5.18
152.4	83.57	61.52	5.19
152.6	83.31	61.91	5.19
152.8	83.21	62.45	5.19
153.0	83.38	63.21	5.2
153.2	83.72	64.15	5.2
153.4	84.24	65.26	5.21
153.6	84.91	66.56	5.21
153.8	85.8	68.29	5.21
154.0	86.86	70.25	5.22
154.2	88.01	72.13	5.22
154.4	89.2	73.8	5.23
154.6	90.48	74.82	5.23
154.8	91.72	75.4	5.24
155.0	92.8	75.62	5.24
155.2	93.62	75.5	5.25
155.4	93.74	74.92	5.25
155.6	93.5	74.04	5.26
155.8	93.0	72.96	5.26
156.0	92.28	71.74	5.27
156.2	91.41	70.45	5.27
156.4	90.44	69.14	5.27
156.6	89.41	67.9	5.28
156.8	88.36	66.82	5.28
157.0	87.35	65.95	5.29
157.2	86.47	65.59	5.29
157.4	85.78	65.85	5.29
157.6	85.22	66.38	5.3
157.8	84.81	67.16	5.3
158.0	84.55	68.14	5.3
158.2	84.52	69.36	5.3
158.4	84.78	70.86	5.3
158.6	85.16	72.3	5.29
158.8	85.6	73.56	5.28
159.0	86.05	74.43	5.28
159.2	86.39	74.41	5.26
159.4	86.72	74.09	5.25
159.6	87.05	73.59	5.24
159.8	87.38	73.03	5.22
160.0	87.78	72.8	5.21
160.2	88.16	72.57	5.2
160.4	88.49	72.34	5.18
160.6	88.77	72.09	5.17
160.8	88.91	71.78	5.16
161.0	88.85	71.36	5.14
161.2	88.71	70.9	5.13
161.4	88.51	70.43	5.11
161.6	88.26	69.95	5.1
161.8	87.99	69.42	5.09
162.0	87.7	68.84	5.08
162.2	87.43	68.33	5.07
162.4	87.19	67.94	5.06
162.6	87.01	67.72	5.06
162.8	87.01	67.9	5.05
163.0	87.16	68.47	5.06
163.2	87.34	69.14	5.06
163.4	87.52	69.83	5.06
163.6	87.64	70.43	5.07
163.8	87.66	70.82	5.07
164.0	87.58	71.08	5.07
164.2	87.41	71.18	5.08
164.4	87.08	71.04	5.08
164.6	86.49	70.44	5.08
164.8	85.78	69.68	5.09
165.0	84.97	68.82	5.09
165.2	84.1	67.93	5.09
165.4	83.18	67.11	5.1
165.6	82.28	66.69	5.1
165.8	81.39	66.36	5.1
166.0	80.52	66.11	5.11
166.2	79.69	65.93	5.11
166.4	78.93	65.8	5.11
166.6	78.22	65.58	5.11
166.8	77.59	65.22	5.11
167.0	77.09	64.98	5.11
167.2	76.77	64.93	5.11
167.4	76.64	65.13	5.11
167.6	76.78	65.68	5.11
167.8	77.33	66.89	5.11
168.0	78.1	68.37	5.11
168.2	79.08	70.07	5.11
168.4	80.24	71.95	5.1
168.6	81.68	74.27	5.1
168.8	83.24	76.6	5.1
169.0	84.8	78.68	5.1
169.2	86.3	80.33	5.1
169.4	87.66	80.89	5.09
169.6	88.79	80.84	5.09
169.8	89.62	80.18	5.09
170.0	89.99	78.85	5.09
170.2	89.45	76.46	5.09
170.4	88.57	73.7	5.08
170.6	87.47	70.81	5.08
170.8	86.28	67.98	5.08
171.0	85.61	66.46	5.08
171.2	85.17	65.61	5.08
171.4	84.81	65.11	5.07
171.6	84.51	64.9	5.07
171.8	84.25	64.9	5.07
172.0	84.01	65.04	5.07
172.2	83.51	64.86	5.06
172.4	83.04	64.77	5.06
172.6	82.65	64.79	5.06
172.8	82.36	64.93	5.06
173.0	82.2	65.2	5.06
173.2	82.29	65.63	5.06
173.4	82.56	66.21	5.06
173.6	83.0	66.94	5.06
173.8	83.6	67.82	5.06
174.0	84.57	69.22	5.07
174.2	85.83	71.0	5.07
174.4	87.03	72.52	5.08
174.6	88.03	73.54	5.09
174.8	88.37	73.05	5.09
175.0	88.1	71.27	5.1
175.2	87.6	69.02	5.11
175.4	86.97	66.6	5.12
175.6	86.66	65.06	5.13
175.8	86.65	64.42	5.13
176.0	86.7	64.1	5.14
176.2	86.78	64.05	5.14
176.4	86.85	64.22	5.15
176.6	86.89	64.53	5.15
176.8	86.72	64.88	5.16
177.0	86.36	65.23	5.16
177.2	85.94	65.59	5.17
177.4	85.49	65.92	5.17
177.6	85.02	66.17	5.18
177.8	84.55	66.23	5.18
178.0	84.13	65.81	5.18
178.2	83.72	65.32	5.18
178.4	83.32	64.83	5.18
178.6	82.93	64.4	5.18
178.8	82.51	64.13	5.18
179.0	82.01	64.16	5.19
179.2	81.57	64.35	5.19
179.4	81.25	64.71	5.19
179.6	81.09	65.25	5.19
179.8	81.29	66.14	5.19
180.0	81.75	67.24	5.19
180.2	82.33	68.39	5.19
180.4	83.0	69.51	5.19
180.6	83.8	70.69	5.19
180.8	84.6	71.71	5.19
181.0	85.28	72.33	5.2
181.2	85.72	72.38	5.2
181.4	85.43	70.82	5.2
181.6	84.78	68.48	5.2
181.8	83.94	65.8	5.2
182.0	83.02	63.01	5.2
182.2	82.41	61.07	5.2
182.4	82.01	59.76	5.21
182.6	81.68	58.74	5.21
182.8	81.4	58.0	5.21
183.0	81.17	57.49	5.21
183.2	80.91	57.2	5.21
183.4	80.54	57.04	5.21
183.6	80.23	57.08	5.21
183.8	80.01	57.33	5.21
184.0	79.92	57.77	5.21
184.2	80.04	58.48	5.21
184.4	80.54	59.6	5.22
184.6	81.14	60.77	5.22
184.8	81.8	61.9	5.21
185.0	82.45	62.89	5.21
185.2	82.96	63.26	5.19
185.4	83.4	63.38	5.17
185.6	83.75	63.35	5.15
185.8	84.01	63.21	5.12
186.0	84.1	63.09	5.1
186.2	84.03	63.0	5.08
186.4	83.88	62.89	5.05
186.6	83.68	62.78	5.03
186.8	83.46	62.67	5.01
187.0	83.2	62.43	4.99
187.2	82.97	62.23	4.97
187.4	82.81	62.14	4.95
187.6	82.76	62.22	4.94
187.8	82.89	62.59	4.93
188.0	83.39	63.63	4.94
188.2	84.0	64.78	4.95
188.4	84.68	65.91	4.97
188.6	85.38	66.93	4.98
188.8	86.1	67.42	5.0
189.0	86.75	67.67	5.01
189.2	87.26	67.7	5.03
189.4	87.58	67.51	5.05
189.6	87.3	66.9	5.06
189.8	86.81	66.13	5.08
190.0	86.17	65.27	5.09
190.2	85.45	64.38	5.11
190.4	84.78	63.65	5.12
190.6	84.29	63.19	5.14
190.8	83.82	62.83	5.15
191.0	83.37	62.59	5.16
191.2	82.96	62.47	5.17
191.4	82.58	62.46	5.18
191.6	82.2	62.7	5.19
191.8	81.87	63.04	5.19
192.0	81.58	63.46	5.19
192.2	81.35	63.92	5.19
192.4	81.19	64.4	5.19
192.6	81.02	64.63	5.19
192.8	80.94	64.84	5.19
193.0	80.99	65.17	5.2
193.2	81.22	65.68	5.2
193.4	81.69	66.48	5.2
193.6	82.7	68.17	5.2
193.8	83.85	69.94	5.2
194.0	85.06	71.62	5.21
194.2	86.25	73.05	5.21
194.4	87.28	73.6	5.21
194.6	88.16	73.7	5.21
194.8	88.86	73.44	5.21
195.0	89.34	72.85	5.22
195.2	89.25	71.77	5.22
195.4	88.83	70.42	5.22
195.6	88.22	68.94	5.22
195.8	87.5	67.44	5.22
196.0	86.73	66.03	5.23
196.2	86.27	65.3	5.23
196.4	85.87	64.8	5.23
196.6	85.5	64.51	5.23
196.8	85.17	64.39	5.23
197.0	84.87	64.44	5.24
197.2	84.61	64.73	5.24
197.4	84.38	65.24	5.24
197.6	84.18	65.8	5.24
197.8	84.02	66.37	5.24
198.0	83.88	66.88	5.24
198.2	83.78	67.07	5.23
198.4	83.72	67.05	5.22
198.6	83.67	66.99	5.21
198.8	83.62	66.9	5.2
199.0	83.57	66.88	5.19
199.2	83.49	67.05	5.18
199.4	83.39	67.26	5.16
199.6	83.29	67.5	5.15
199.8	83.17	67.73	5.14
200.0	83.02	67.97	5.12
200.2	82.8	68.23	5.11
200.4	82.58	68.44	5.09
200.6	82.37	68.55	5.08
200.8	82.19	68.52	5.07
201.0	82.04	68.27	5.06
201.2	81.94	67.24	5.07
201.4	81.91	66.18	5.08
201.6	81.97	65.24	5.09
201.8	82.16	64.56	5.11
202.0	82.56	64.65	5.12
202.2	83.23	65.81	5.14
202.4	83.99	67.22	5.16
202.6	84.8	68.73	5.18
202.8	85.61	70.19	5.2
203.0	86.31	70.91	5.22
203.2	86.96	71.38	5.24
203.4	87.53	71.69	5.26
203.6	88.01	71.86	5.28
203.8	88.36	71.96	5.3
204.0	88.57	72.01	5.31
204.2	88.65	71.99	5.33
204.4	88.6	71.89	5.35
204.6	88.42	71.74	5.36
204.8	87.99	71.56	5.38
205.0	87.23	71.37	5.4
205.2	86.45	71.12	5.41
205.4	85.73	70.81	5.43
205.6	85.14	70.44	5.44
205.8	84.97	69.52	5.45
206.0	85.09	68.53	5.45
206.2	85.39	67.87	5.45
206.4	85.86	67.77	5.45
206.6	86.53	69.43	5.45
206.8	87.34	72.19	5.45
207.0	88.15	75.04	5.44
207.2	88.91	77.58	5.44
207.4	89.39	78.32	5.43
207.6	89.71	78.26	5.43
207.8	89.91	77.66	5.43
208.0	89.98	76.66	5.42
208.2	89.94	75.45	5.42
208.4	89.77	74.04	5.42
208.6	89.5	72.52	5.41
208.8	89.11	70.96	5.41
209.0	88.55	69.62	5.41
209.2	87.9	68.38	5.4
209.4	87.19	67.27	5.4
209.6	86.45	66.31	5.4
209.8	85.68	65.57	5.39
210.0	84.9	65.09	5.39
210.2	84.17	64.83	5.39
210.4	83.52	64.78	5.38
210.6	82.97	64.95	5.38
210.8	82.62	65.52	5.38
211.0	82.43	66.28	5.37
211.2	82.39	67.12	5.37
211.4	82.49	67.98	5.36
211.6	82.89	68.68	5.36
211.8	83.41	69.27	5.36
212.0	83.93	69.77	5.36
212.2	84.36	70.19	5.36
212.4	84.44	70.62	5.35
212.6	84.37	70.87	5.35
212.8	84.18	70.89	5.35
213.0	83.88	70.47	5.35
213.2	83.44	69.26	5.35
213.4	82.96	67.85	5.35
213.6	82.46	66.37	5.34
213.8	81.99	64.98	5.34
214.0	81.67	64.36	5.34
214.2	81.43	63.96	5.34
214.4	81.26	63.72	5.34
214.6	81.18	63.6	5.34
214.8	81.12	63.27	5.33
215.0	81.12	62.85	5.33
215.2	81.29	62.73	5.33
215.4	81.68	63.04	5.33
215.6	82.51	64.66	5.33
215.8	83.7	67.17	5.33
216.0	85.03	69.61	5.32
216.2	86.41	71.59	5.32
216.4	87.72	71.27	5.32
216.6	88.93	70.22	5.32
216.8	89.97	68.9	5.32
217.0	90.7	67.97	5.32
217.2	90.95	68.27	5.32
217.4	90.95	68.71	5.32
217.6	90.75	69.09	5.32
217.8	90.4	68.85	5.32
218.0	89.96	67.5	5.32
218.2	89.43	65.99	5.31
218.4	88.84	64.54	5.31
218.6	88.22	63.42	5.31
218.8	87.63	63.85	5.31
219.0	87.06	64.62	5.31
219.2	86.55	65.59	5.31
219.4	86.1	66.61	5.31
219.6	85.78	67.16	5.31
219.8	85.57	67.4	5.31
220.0	85.5	67.59	5.31
220.2	85.56	67.77	5.3
220.4	85.87	68.06	5.3
220.6	86.35	68.45	5.3
220.8	86.91	68.88	5.29
221.0	87.52	69.35	5.29
221.2	88.14	69.97	5.29
221.4	88.71	70.57	5.28
221.6	89.21	71.09	5.28
221.8	89.57	71.43	5.28
222.0	89.71	71.48	5.27
222.2	89.68	71.31	5.27
222.4	89.48	70.9	5.27
222.6	89.07	70.16	5.26
222.8	88.32	68.84	5.26
223.0	87.46	67.4	5.26
223.2	86.54	65.97	5.25
223.4	85.63	64.68	5.25
223.6	84.99	64.27	5.24
223.8	84.49	64.27	5.24
224.0	84.05	64.45	5.24
224.2	83.67	64.72	5.23
224.4	83.32	65.01	5.23
224.6	82.94	64.85	5.23
224.8	82.59	64.66	5.22
225.0	82.28	64.5	5.22
225.2	82.01	64.38	5.22
225.4	81.81	64.43	5.21
225.6	81.67	64.62	5.21
225.8	81.56	64.88	5.21
226.0	81.46	65.19	5.21
226.2	81.31	65.56	5.2
226.4	81.04	66.04	5.2
226.6	80.82	66.47	5.2
226.8	80.7	66.8	5.2
227.0	80.73	66.98	5.2
227.2	81.12	66.3	5.19
227.4	81.72	65.49	5.19
227.6	82.49	64.91	5.19
227.8	83.39	64.76	5.19
228.0	84.56	66.41	5.19
228.2	85.79	68.63	5.19
228.4	86.97	70.81	5.19
228.6	88.0	72.46	5.18
228.8	88.68	72.53	5.18
229.0	89.14	72.0	5.18
229.2	89.37	70.98	5.18
229.4	89.29	69.52	5.18
229.6	88.88	67.71	5.18
229.8	88.31	65.77	5.17
230.0	87.63	63.85	5.17
230.2	86.97	62.24	5.17
230.4	86.6	61.69	5.17
230.6	86.25	61.47	5.17
230.8	85.92	61.49	5.17
231.0	85.59	61.7	5.16
231.2	85.23	62.02	5.16
231.4	84.72	62.17	5.16
231.6	84.12	62.23	5.16
231.8	83.51	62.33	5.16
232.0	82.91	62.46	5.16
232.2	82.35	62.63	5.16
232.4	81.87	62.79	5.16
232.6	81.49	62.96	5.17
232.8	81.19	63.2	5.17
233.0	80.99	63.55	5.18
233.2	80.9	64.02	5.18
233.4	80.94	64.74	5.19
233.6	81.13	65.73	5.19
233.8	81.44	66.81	5.2
234.0	81.89	67.95	5.2
234.2	82.48	69.09	5.2
234.4	83.36	70.18	5.21
234.6	84.32	71.21	5.21
234.8	85.32	72.15	5.22
235.0	86.32	72.98	5.23
235.2	87.24	73.78	5.23
235.4	88.05	74.36	5.24
235.6	88.72	74.64	5.24
235.8	89.18	74.54	5.25
236.0	89.11	73.4	5.25
236.2	88.76	71.75	5.26
236.4	88.24	69.86	5.27
236.6	87.61	67.88	5.27
236.8	86.96	66.01	5.28
237.0	86.53	64.86	5.28
237.2	86.11	63.92	5.29
237.4	85.7	63.19	5.29
237.6	85.3	62.67	5.3
237.8	84.9	62.37	5.3
238.0	84.41	62.39	5.31
238.2	83.88	62.7	5.32
238.4	83.41	63.15	5.32
238.6	83.03	63.72	5.33
238.8	82.79	64.36	5.34
239.0	82.84	65.02	5.34
239.2	83.23	65.66	5.35
239.4	83.73	66.26	5.36
239.6	84.27	66.79	5.37
239.8	84.81	67.22	5.38
240.0	85.16	67.32	5.38
240.2	85.4	67.24	5.39
240.4	85.57	67.06	5.4
240.6	85.64	66.82	5.4
240.8	85.63	66.55	5.41
241.0	85.38	66.2	5.42
241.2	84.99	65.87	5.42
241.4	84.61	65.67	5.43
241.6	84.27	65.64	5.43
241.8	84.03	65.85	5.44
242.0	84.05	66.62	5.44
242.2	84.23	67.66	5.44
242.4	84.58	68.93	5.44
242.6	85.11	70.4	5.44
242.8	85.99	72.39	5.42
243.0	87.02	74.39	5.41
243.2	88.13	76.17	5.39
243.4	89.32	77.5	5.37
243.6	90.66	77.94	5.36
243.8	91.81	77.8	5.34
244.0	92.59	77.06	5.32
244.2	92.44	75.34	5.31
244.4	91.38	72.78	5.29
244.6	89.96	69.95	5.28
244.8	88.39	67.13	5.26
245.0	87.41	65.51	5.24
245.2	86.94	64.92	5.23
245.4	86.61	64.75	5.21
245.6	86.38	64.88	5.2
245.8	86.17	65.19	5.18
246.0	85.96	65.58	5.16
246.2	85.4	65.15	5.15
246.4	84.74	64.64	5.13
246.6	84.03	64.24	5.12
246.8	83.27	64.0	5.1
247.0	82.47	63.99	5.08
247.2	81.6	64.75	5.07
247.4	80.7	65.99	5.05
247.6	79.81	67.34	5.04
247.8	78.96	68.67	5.02
248.0	78.17	69.86	5.0
248.2	77.57	70.3	4.99
248.4	77.05	70.52	4.97
248.6	76.58	70.65	4.95
248.8	76.15	70.74	4.94
249.0	75.77	71.31	4.93
249.2	75.39	71.94	4.93
249.4	75.0	72.39	4.93
249.6	74.59	72.52	4.93
249.8	74.04	71.55	4.92
250.0	73.4	69.87	4.92
250.2	72.74	67.92	4.92
250.4	72.09	65.9	4.92
250.6	71.48	64.05	4.91
250.8	71.05	63.28	4.91
251.0	70.67	62.76	4.91
251.2	70.34	62.44	4.91
251.4	70.05	62.26	4.9
251.6	69.79	62.17	4.9
251.8	69.5	61.9	4.9
252.0	69.21	61.59	4.9
252.2	68.96	61.32	4.89
252.4	68.76	61.12	4.89
252.6	68.6	60.99	4.89
252.8	68.55	60.99	4.89
253.0	68.61	61.15	4.88
253.2	68.71	61.38	4.88
253.4	68.84	61.67	4.88
253.6	68.98	62.0	4.89
253.8	69.06	62.34	4.89
254.0	68.98	62.61	4.9
254.2	68.95	62.93	4.91
254.4	69.03	63.31	4.92
254.6	69.27	63.78	4.94
254.8	69.73	64.34	4.95
255.0	70.45	65.01	4.96
255.2	71.44	65.81	4.97
255.4	72.73	66.78	4.98
255.6	74.46	67.9	4.99
255.8	76.67	69.2	5.0
256.0	79.13	70.77	5.01
256.2	81.75	72.63	5.02
256.4	84.71	75.76	5.04
256.6	87.67	79.21	5.05
256.8	90.27	81.97	5.06
257.0	92.04	82.81	5.08
257.2	92.33	80.05	5.1
257.4	92.01	76.07	5.12
257.6	91.26	71.44	5.15
257.8	90.7	68.07	5.16
258.0	90.69	67.1	5.18
258.2	90.72	66.84	5.19
258.4	90.77	67.14	5.2
258.6	90.79	67.87	5.21
258.8	90.77	68.88	5.22
259.0	90.67	70.04	5.22
259.2	90.23	70.65	5.23
259.4	89.6	70.97	5.24
259.6	88.92	71.31	5.26
259.8	88.22	71.65	5.26
260.0	87.54	72.0	5.27
260.2	86.91	72.37	5.28
260.4	86.43	72.83	5.29
260.6	86.01	73.24	5.29
260.8	85.67	73.58	5.29
261.0	85.42	73.83	5.29
261.2	85.42	73.98	5.28
261.4	85.51	73.98	5.27
261.6	85.56	73.76	5.25
261.8	85.49	73.27	5.24
262.0	84.94	72.02	5.22
262.2	84.13	70.41	5.2
262.4	83.18	68.72	5.19
262.6	82.17	67.11	5.17
262.8	81.12	65.94	5.15
263.0	80.11	65.55	5.13
263.2	79.19	65.48	5.12
263.4	78.4	65.72	5.1
263.6	77.8	66.23	5.08
263.8	77.61	67.19	5.06
264.0	77.8	68.47	5.05
264.2	78.16	69.73	5.03
264.4	78.66	70.84	5.02
264.6	79.26	71.38	5.01
264.8	79.91	71.31	5.01
265.0	80.55	70.97	5.01
265.2	81.12	70.43	5.01
265.4	81.46	70.02	5.02
265.6	81.62	69.56	5.02
265.8	81.67	68.84	5.02
266.0	81.6	67.8	5.02
266.2	81.35	65.5	5.02
266.4	81.02	62.77	5.02
266.6	80.67	60.21	5.02
266.8	80.37	58.13	5.02
267.0	80.31	58.07	5.02
267.2	80.39	59.19	5.02
267.4	80.54	60.74	5.02
267.6	80.7	62.42	5.03
267.8	80.89	63.82	5.03
268.0	81.04	64.78	5.05
268.2	81.1	65.13	5.06
268.4	81.01	64.68	5.08
268.6	80.53	61.47	5.09
268.8	79.87	57.59	5.11
269.0	79.15	54.0	5.12
269.2	78.42	51.95	5.13
269.4	77.74	53.18	5.15
269.6	77.21	55.33	5.16
269.8	76.91	57.93	5.18
270.0	77.1	59.9	5.19
270.2	77.64	61.5	5.2
270.4	78.39	62.97	5.22
270.6	79.35	64.6	5.23
270.8	80.46	66.34	5.25
271.0	81.44	67.47	5.26
271.2	82.07	67.41	5.28
271.4	81.98	64.89	5.29
271.6	81.51	61.68	5.31
271.8	80.7	58.28	5.32
272.0	79.48	56.11	5.34
272.2	78.06	54.52	5.35
272.4	76.6	53.2	5.37
272.6	75.38	51.86	5.39
272.8	74.54	50.4	5.4
273.0	73.77	49.26	5.41
273.2	73.02	48.58	5.43
273.4	72.12	49.22	5.44
273.6	71.11	50.43	5.46
273.8	70.03	51.78	5.47
274.0	68.77	52.78	5.49
274.2	67.18	52.74	5.5
274.4	65.69	52.61	5.52
274.6	64.44	52.59	5.53
274.8	63.92	53.32	5.54
275.0	63.91	54.5	5.54
275.2	64.17	55.84	5.54
275.4	64.58	57.14	5.54
275.6	65.0	58.23	5.54
275.8	65.53	59.33	5.53
276.0	66.15	60.48	5.52
276.2	66.88	61.96	5.51
276.4	67.67	63.45	5.51
276.6	68.48	64.8	5.5
276.8	69.27	65.65	5.49
277.0	70.03	66.09	5.48
277.2	70.75	66.41	5.48
277.4	71.4	66.86	5.47
277.6	71.96	67.6	5.46
277.8	72.51	68.19	5.45
278.0	73.09	68.44	5.45
278.2	73.83	67.68	5.44
278.4	74.61	66.74	5.43
278.6	75.42	65.85	5.42
278.8	76.23	65.79	5.42
279.0	77.02	66.24	5.41
279.2	77.74	66.79	5.4
279.4	78.37	67.21	5.39
279.6	78.83	67.16	5.39
279.8	79.17	66.93	5.38
280.0	79.38	66.54	5.37
280.2	79.39	65.99	5.36
280.4	79.23	65.3	5.36
280.6	79.04	64.55	5.35
280.8	78.88	63.79	5.34
281.0	78.9	63.0	5.33
281.2	79.04	62.31	5.32
281.4	79.29	61.82	5.32
281.6	79.65	61.76	5.31
281.8	80.19	62.63	5.31
282.0	80.79	63.59	5.31
282.2	81.42	64.39	5.32
282.4	82.01	64.34	5.32
282.6	82.51	63.26	5.33
282.8	83.0	61.87	5.34
283.0	83.47	60.37	5.35
283.2	83.97	59.0	5.36
283.4	84.48	57.88	5.36
283.6	84.94	57.09	5.37
283.8	85.35	56.77	5.38
284.0	85.47	57.57	5.39
284.2	85.43	59.21	5.39
284.4	85.49	61.16	5.4
284.6	85.74	63.24	5.41
284.8	86.62	65.12	5.42
285.0	87.95	66.71	5.42
285.2	89.45	67.96	5.43
285.4	91.01	68.75	5.44
285.6	92.57	68.53	5.45
285.8	93.99	67.79	5.46
286.0	95.15	66.67	5.46
286.2	95.78	65.22	5.47
286.4	95.69	63.53	5.48
286.6	95.3	61.84	5.49
286.8	94.75	60.31	5.5
287.0	94.42	59.6	5.51
287.2	94.26	59.55	5.52
287.4	94.07	59.81	5.53
287.6	93.82	60.26	5.54
287.8	93.47	60.79	5.55
