0.2	86.22	64.88	5.3
0.4	86.55	66.23	5.3
0.6	86.79	67.06	5.3
0.8	86.95	67.46	5.3
1.0	87.05	67.51	5.3
1.2	87.08	67.28	5.29
1.4	87.06	66.86	5.29
1.6	87.01	66.32	5.28
1.8	86.92	65.76	5.28
2.0	86.83	65.44	5.27
2.2	86.74	65.31	5.27
2.4	86.63	65.25	5.27
2.6	86.5	65.22	5.26
2.8	86.35	65.21	5.26
3.0	86.06	65.01	5.25
3.2	85.78	64.83	5.24
3.4	85.56	64.72	5.24
3.6	85.43	64.69	5.24
3.8	85.52	64.9	5.24
4.0	85.93	65.44	5.24
4.2	86.39	65.99	5.24
4.4	86.84	66.5	5.25
4.6	87.17	66.83	5.26
4.8	87.24	66.79	5.26
5.0	87.21	66.61	5.27
5.2	87.1	66.28	5.28
5.4	86.9	65.8	5.29
5.6	86.62	65.1	5.3
5.8	86.3	64.36	5.3
6.0	85.95	63.68	5.31
6.2	85.61	63.11	5.32
6.4	85.37	63.03	5.32
6.6	85.22	63.4	5.33
6.8	85.08	63.91	5.34
7.0	84.93	64.5	5.34
7.2	84.75	65.1	5.35
7.4	84.39	65.46	5.35
7.6	83.82	65.48	5.36
7.8	83.29	65.53	5.36
8.0	82.88	65.66	5.36
8.2	82.65	65.95	5.36
8.4	83.02	66.93	5.37
8.6	83.6	68.07	5.37
8.8	84.26	69.13	5.37
9.0	84.9	69.96	5.37
9.2	85.26	69.93	5.37
9.4	85.49	69.57	5.38
9.6	85.62	69.0	5.38
9.8	85.65	68.32	5.38
10.0	85.49	67.79	5.38
10.2	85.25	67.25	5.39
10.4	84.95	66.73	5.39
10.6	84.63	66.25	5.39
10.8	84.39	65.87	5.39
11.0	84.2	65.57	5.39
11.2	84.03	65.36	5.4
11.4	83.87	65.23	5.4
11.6	83.73	65.19	5.4
11.8	83.5	65.2	5.4
12.0	83.26	65.29	5.4
12.2	83.1	65.53	5.41
12.4	83.04	65.93	5.41
12.6	83.13	66.53	5.41
12.8	83.54	67.65	5.41
13.0	84.16	68.99	5.41
13.2	84.92	70.36	5.41
13.4	85.79	71.67	5.41
13.6	86.88	72.84	5.41
13.8	88.09	73.77	5.41
14.0	89.2	74.31	5.4
14.2	90.08	74.34	5.4
14.4	90.21	73.07	5.4
14.6	89.87	71.03	5.4
14.8	89.34	68.74	5.4
15.0	88.72	66.47	5.4
15.2	88.51	65.34	5.4
15.4	88.59	65.08	5.39
15.6	88.74	65.19	5.39
15.8	88.95	65.58	5.39
16.0	89.18	66.16	5.39
16.2	89.35	66.78	5.39
16.4	89.31	67.16	5.39
16.6	89.25	67.57	5.39
16.8	89.22	67.99	5.38
17.0	89.23	68.41	5.38
17.2	89.37	68.83	5.38
17.4	89.74	69.29	5.38
17.6	90.09	69.65	5.38
17.8	90.38	69.86	5.38
18.0	90.49	69.82	5.38
18.2	90.2	69.23	5.38
18.4	89.79	68.51	5.38
18.6	89.3	67.73	5.38
18.8	88.76	66.98	5.38
19.0	88.38	66.61	5.38
19.2	88.05	66.45	5.38
19.4	87.73	66.44	5.38
19.6	87.39	66.57	5.38
19.8	87.04	66.84	5.38
20.0	86.43	67.25	5.38
20.2	85.81	67.79	5.38
20.4	85.27	68.45	5.38
20.6	84.9	69.21	5.38
20.8	84.85	70.16	5.38
21.0	85.36	71.4	5.38
21.2	85.99	72.56	5.38
21.4	86.66	73.54	5.38
21.6	87.22	74.07	5.38
21.8	87.52	73.91	5.38
22.0	87.72	73.44	5.38
22.2	87.79	72.74	5.38
22.4	87.68	71.86	5.38
22.6	87.37	70.85	5.38
22.8	86.97	69.82	5.38
23.0	86.52	68.85	5.38
23.2	86.08	68.04	5.38
23.4	85.8	67.83	5.38
23.6	85.6	67.95	5.38
23.8	85.45	68.26	5.38
24.0	85.37	68.73	5.38
24.2	85.34	69.3	5.38
24.4	85.37	70.03	5.38
24.6	85.47	70.79	5.38
24.8	85.62	71.49	5.38
25.0	85.82	72.04	5.38
25.2	86.13	72.28	5.38
25.4	86.56	72.1	5.38
25.6	86.95	71.72	5.38
25.8	87.25	71.16	5.38
26.0	87.28	70.42	5.37
26.2	86.98	69.52	5.37
26.4	86.56	68.58	5.37
26.6	86.09	67.66	5.37
26.8	85.68	66.91	5.37
27.0	85.46	66.47	5.37
27.2	85.26	66.14	5.37
27.4	85.06	65.9	5.37
27.6	84.83	65.75	5.37
27.8	84.45	65.56	5.37
28.0	83.95	65.37	5.37
28.2	83.45	65.27	5.37
28.4	83.01	65.27	5.37
28.6	82.67	65.41	5.37
28.8	82.71	66.05	5.37
29.0	82.87	66.79	5.37
29.2	83.04	67.45	5.38
29.4	83.16	67.9	5.38
29.6	83.02	67.69	5.38
29.8	82.73	67.08	5.39
30.0	82.37	66.28	5.39
30.2	81.96	65.33	5.39
30.4	81.53	64.33	5.4
30.6	81.09	63.32	5.4
30.8	80.65	62.37	5.4
31.0	80.21	61.53	5.4
31.2	79.8	60.91	5.41
31.4	79.41	60.76	5.41
31.6	79.06	60.83	5.41
31.8	78.78	61.09	5.41
32.0	78.57	61.52	5.42
32.2	78.45	62.12	5.42
32.4	78.43	62.89	5.42
32.6	78.53	63.76	5.42
32.8	78.78	64.69	5.42
33.0	79.22	65.67	5.42
33.2	80.07	66.8	5.42
33.4	81.01	67.82	5.42
33.6	81.94	68.61	5.42
33.8	82.72	68.92	5.42
34.0	83.18	68.5	5.42
34.2	83.51	67.78	5.42
34.4	83.73	66.88	5.42
34.6	83.87	65.96	5.42
34.8	83.95	65.16	5.42
35.0	83.97	64.4	5.42
35.2	83.95	63.72	5.42
35.4	83.9	63.17	5.42
35.6	83.81	62.87	5.42
35.8	83.71	62.77	5.42
36.0	83.64	62.87	5.42
36.2	83.62	63.17	5.42
36.4	83.67	63.68	5.42
36.6	83.88	64.72	5.42
36.8	84.22	66.02	5.43
37.0	84.63	67.3	5.43
37.2	85.1	68.44	5.43
37.4	85.7	69.14	5.43
37.6	86.43	69.23	5.43
37.8	87.1	69.05	5.43
38.0	87.64	68.64	5.43
38.2	87.82	68.04	5.43
38.4	87.55	67.3	5.43
38.6	87.12	66.46	5.43
38.8	86.58	65.55	5.43
39.0	86.06	64.62	5.44
39.2	85.72	63.71	5.44
39.4	85.42	62.86	5.44
39.6	85.14	62.11	5.44
39.8	84.89	61.51	5.44
40.0	84.64	61.13	5.44
40.2	84.3	61.22	5.44
40.4	84.02	61.51	5.44
40.6	83.82	61.98	5.44
40.8	83.75	62.61	5.44
41.0	83.83	63.39	5.44
41.2	84.16	64.24	5.44
41.4	84.68	65.2	5.44
41.6	85.41	66.28	5.45
41.8	86.36	67.45	5.45
42.0	87.73	68.95	5.45
42.2	89.39	70.58	5.45
42.4	91.09	72.04	5.45
42.6	92.73	73.18	5.45
42.8	93.91	73.21	5.45
43.0	94.83	72.66	5.45
43.2	95.61	71.94	5.45
43.4	96.28	71.25	5.45
43.6	97.01	71.59	5.45
43.8	97.72	72.38	5.45
44.0	98.38	73.31	5.46
44.2	98.98	74.26	5.46
44.4	99.52	75.08	5.46
44.6	100.09	75.44	5.46
44.8	100.53	75.58	5.46
45.0	100.82	75.47	5.46
45.2	100.9	75.1	5.46
45.4	100.45	74.06	5.46
45.6	99.8	72.81	5.46
45.8	99.07	71.52	5.46
46.0	98.35	70.33	5.46
46.2	98.01	69.93	5.46
46.4	97.81	69.78	5.46
46.6	97.65	69.75	5.46
46.8	97.53	69.74	5.45
47.0	97.44	69.59	5.45
47.2	97.33	69.27	5.45
47.4	97.1	68.8	5.45
47.6	96.71	68.17	5.45
47.8	95.89	67.16	5.44
48.0	94.65	65.79	5.44
48.2	93.26	64.33	5.44
48.4	91.81	62.88	5.44
48.6	90.43	61.59	5.44
48.8	89.54	60.89	5.43
49.0	88.76	60.4	5.43
49.2	88.07	60.09	5.43
49.4	87.43	59.94	5.43
49.6	86.84	59.94	5.43
49.8	86.17	60.04	5.43
50.0	85.46	60.21	5.42
50.2	84.76	60.5	5.42
50.4	84.11	60.88	5.42
50.6	83.49	61.35	5.42
50.8	82.89	61.86	5.42
51.0	82.28	62.38	5.41
51.2	81.81	63.03	5.41
51.4	81.5	63.84	5.41
51.6	81.4	64.83	5.41
51.8	81.98	66.53	5.41
52.0	82.72	68.31	5.4
52.2	83.45	69.97	5.4
52.4	84.05	71.31	5.39
52.6	83.96	71.57	5.39
52.8	83.65	71.42	5.38
53.0	83.22	71.0	5.38
53.2	82.76	70.46	5.38
53.4	82.51	70.08	5.37
53.6	82.28	69.69	5.37
53.8	82.06	69.31	5.36
54.0	81.84	68.97	5.36
54.2	81.6	68.7	5.35
54.4	81.29	68.63	5.35
54.6	80.97	68.64	5.34
54.8	80.64	68.7	5.34
55.0	80.29	68.81	5.33
55.2	79.95	68.96	5.33
55.4	79.5	69.07	5.33
55.6	79.05	69.19	5.32
55.8	78.66	69.36	5.32
56.0	78.36	69.6	5.31
56.2	78.2	69.9	5.31
56.4	78.52	70.68	5.31
56.6	78.95	71.45	5.31
56.8	79.36	72.03	5.32
57.0	79.68	72.31	5.32
57.2	79.55	71.62	5.32
57.4	79.17	70.37	5.32
57.6	78.68	68.92	5.33
57.8	78.14	67.41	5.33
58.0	77.76	66.39	5.33
58.2	77.5	65.76	5.33
58.4	77.26	65.3	5.34
58.6	77.04	64.99	5.34
58.8	76.82	64.81	5.34
59.0	76.55	64.72	5.34
59.2	76.22	64.69	5.34
59.4	75.88	64.76	5.34
59.6	75.56	64.9	5.35
59.8	75.26	65.11	5.35
60.0	74.99	65.37	5.35
60.2	74.69	65.66	5.35
60.4	74.47	66.0	5.35
60.6	74.38	66.4	5.36
60.8	74.43	66.86	5.36
61.0	74.87	67.58	5.36
61.2	75.65	68.48	5.36
61.4	76.44	69.2	5.37
61.6	77.15	69.62	5.37
61.8	77.45	69.21	5.37
62.0	77.31	67.96	5.38
62.2	77.02	66.43	5.38
62.4	76.66	64.82	5.38
62.6	76.46	63.68	5.39
62.8	76.46	63.13	5.39
63.0	76.51	62.8	5.39
63.2	76.57	62.64	5.39
63.4	76.65	62.63	5.4
63.6	76.71	62.74	5.4
63.8	76.62	62.85	5.4
64.0	76.5	63.01	5.4
64.2	76.35	63.22	5.41
64.4	76.19	63.45	5.41
64.6	76.03	63.68	5.41
64.8	75.83	63.83	5.41
65.0	75.54	63.76	5.41
65.2	75.31	63.74	5.41
65.4	75.2	63.82	5.41
65.6	75.24	64.04	5.41
65.8	75.7	64.76	5.41
66.0	76.57	65.97	5.41
66.2	77.46	67.08	5.41
66.4	78.25	67.91	5.41
66.6	78.66	67.96	5.4
66.8	78.47	66.84	5.4
67.0	78.11	65.41	5.4
67.2	77.66	63.83	5.4
67.4	77.34	62.56	5.4
67.6	77.34	62.02	5.4
67.8	77.41	61.7	5.4
68.0	77.51	61.58	5.39
68.2	77.63	61.62	5.39
68.4	77.75	61.8	5.39
68.6	77.64	61.92	5.39
68.8	77.49	62.13	5.39
69.0	77.34	62.45	5.39
69.2	77.23	62.89	5.38
69.4	77.19	63.46	5.38
69.6	77.26	64.27	5.38
69.8	77.46	65.3	5.38
70.0	77.76	66.39	5.38
70.2	78.17	67.48	5.38
70.4	78.69	68.54	5.38
70.6	79.54	69.62	5.37
70.8	80.45	70.53	5.37
71.0	81.31	71.16	5.37
71.2	82.04	71.4	5.37
71.4	82.23	70.62	5.37
71.6	82.24	69.44	5.37
71.8	82.12	68.04	5.36
72.0	81.93	66.54	5.36
72.2	81.89	65.45	5.36
72.4	81.88	64.53	5.36
72.6	81.85	63.77	5.36
72.8	81.81	63.17	5.36
73.0	81.73	62.76	5.36
73.2	81.48	62.7	5.35
73.4	81.11	62.93	5.35
73.6	80.77	63.33	5.35
73.8	80.48	63.87	5.35
74.0	80.28	64.51	5.35
74.2	80.36	65.32	5.35
74.4	80.74	66.25	5.34
74.6	81.17	67.09	5.34
74.8	81.59	67.75	5.34
75.0	81.95	68.08	5.34
75.2	82.08	67.75	5.34
75.4	82.12	67.15	5.34
75.6	82.06	66.35	5.34
75.8	81.88	65.42	5.34
76.0	81.51	64.39	5.33
76.2	81.06	63.35	5.33
76.4	80.53	62.36	5.33
76.6	79.97	61.47	5.33
76.8	79.4	60.88	5.33
77.0	78.87	60.78	5.33
77.2	78.35	60.86	5.33
77.4	77.87	61.12	5.32
77.6	77.42	61.52	5.32
77.8	77.04	62.04	5.32
78.0	76.74	62.58	5.32
78.2	76.52	63.2	5.32
78.4	76.38	63.9	5.32
78.6	76.35	64.66	5.32
78.8	76.47	65.56	5.31
79.0	76.77	66.64	5.31
79.2	77.14	67.65	5.31
79.4	77.54	68.52	5.31
79.6	77.89	69.07	5.3
79.8	78.12	68.97	5.3
80.0	78.31	68.67	5.3
80.2	78.48	68.25	5.29
80.4	78.63	67.79	5.29
80.6	78.82	67.63	5.29
80.8	79.01	67.55	5.29
81.0	79.17	67.52	5.28
81.2	79.3	67.53	5.28
81.4	79.37	67.55	5.28
81.6	79.24	67.53	5.27
81.8	79.1	67.55	5.27
82.0	79.0	67.62	5.27
82.2	78.96	67.75	5.27
82.4	79.19	68.09	5.27
82.6	79.63	68.58	5.28
82.8	80.09	69.03	5.28
83.0	80.53	69.39	5.29
83.2	80.82	69.46	5.29
83.4	80.9	69.17	5.3
83.6	80.89	68.73	5.31
83.8	80.77	68.2	5.31
84.0	80.57	67.65	5.32
84.2	80.26	67.16	5.32
84.4	79.89	66.69	5.33
84.6	79.47	66.25	5.34
84.8	79.02	65.87	5.34
85.0	78.55	65.56	5.34
85.2	78.07	65.35	5.35
85.4	77.6	65.25	5.35
85.6	77.17	65.26	5.35
85.8	76.8	65.4	5.36
86.0	76.5	65.7	5.36
86.2	76.34	66.4	5.36
86.4	76.28	67.2	5.36
86.6	76.32	68.04	5.35
86.8	76.46	68.85	5.35
87.0	76.78	69.47	5.35
87.2	77.24	69.91	5.35
87.4	77.73	70.26	5.34
87.6	78.22	70.55	5.34
87.8	78.58	70.76	5.34
88.0	78.78	70.93	5.33
88.2	78.94	71.05	5.33
88.4	79.06	71.13	5.33
88.6	79.15	71.18	5.32
88.8	79.25	71.18	5.32
89.0	79.35	71.19	5.31
89.2	79.47	71.23	5.31
89.4	79.62	71.32	5.31
89.6	79.82	71.6	5.31
89.8	80.09	72.05	5.3
90.0	80.4	72.5	5.3
90.2	80.74	72.9	5.31
90.4	81.17	73.2	5.31
90.6	81.71	73.33	5.31
90.8	82.21	73.26	5.32
91.0	82.61	72.93	5.32
91.2	82.76	72.07	5.33
91.4	82.57	70.6	5.34
91.6	82.24	68.95	5.34
91.8	81.83	67.27	5.35
92.0	81.4	65.75	5.35
92.2	81.16	65.08	5.36
92.4	80.94	64.66	5.36
92.6	80.73	64.45	5.37
92.8	80.52	64.41	5.37
93.0	80.29	64.49	5.38
93.2	79.95	64.58	5.38
93.4	79.6	64.74	5.38
93.6	79.27	64.95	5.38
93.8	79.01	65.19	5.38
94.0	78.85	65.47	5.38
94.2	78.97	65.84	5.38
94.4	79.15	66.16	5.39
94.6	79.33	66.38	5.39
94.8	79.48	66.44	5.39
95.0	79.37	65.9	5.39
95.2	79.15	65.15	5.39
95.4	78.9	64.34	5.39
95.6	78.63	63.59	5.39
95.8	78.4	63.11	5.39
96.0	78.29	63.25	5.39
96.2	78.21	63.58	5.39
96.4	78.17	64.08	5.4
96.6	78.16	64.71	5.4
96.8	78.15	65.4	5.4
97.0	77.99	65.99	5.4
97.2	77.94	66.68	5.4
97.4	78.05	67.51	5.4
97.6	78.38	68.49	5.4
97.8	79.25	69.96	5.4
98.0	80.55	71.76	5.4
98.2	81.96	73.43	5.39
98.4	83.36	74.83	5.39
98.6	84.51	75.34	5.38
98.8	85.43	75.17	5.38
99.0	86.21	74.68	5.37
99.2	86.84	73.98	5.36
99.4	87.23	73.32	5.36
99.6	87.47	72.66	5.35
99.8	87.6	72.03	5.34
100.0	87.66	71.47	5.33
100.2	87.67	71.08	5.33
100.4	87.65	71.06	5.32
100.6	87.66	71.2	5.31
100.8	87.71	71.49	5.31
101.0	87.86	71.9	5.3
101.2	88.25	72.54	5.29
101.4	89.02	73.52	5.29
101.6	89.81	74.4	5.29
101.8	90.52	75.04	5.29
102.0	91.05	75.24	5.29
102.2	91.05	74.32	5.29
102.4	90.87	73.08	5.29
102.6	90.53	71.65	5.29
102.8	90.08	70.23	5.3
103.0	89.6	69.3	5.3
103.2	89.06	68.49	5.3
103.4	88.48	67.82	5.3
103.6	87.87	67.27	5.31
103.8	87.25	66.85	5.31
104.0	86.6	66.53	5.31
104.2	85.99	66.37	5.31
104.4	85.45	66.37	5.31
104.6	85.02	66.53	5.32
104.8	84.72	66.91	5.32
105.0	84.81	67.95	5.32
105.2	85.0	69.0	5.32
105.4	85.24	69.92	5.32
105.6	85.5	70.58	5.32
105.8	85.73	70.36	5.32
106.0	85.9	69.7	5.32
106.2	85.98	68.84	5.32
106.4	85.94	67.86	5.32
106.6	85.55	67.05	5.32
106.8	85.02	66.28	5.32
107.0	84.41	65.56	5.32
107.2	83.76	64.92	5.32
107.4	83.19	64.48	5.32
107.6	82.67	64.18	5.32
107.8	82.17	64.0	5.32
108.0	81.68	63.93	5.32
108.2	81.21	63.96	5.32
108.4	80.63	64.12	5.32
108.6	80.11	64.36	5.33
108.8	79.68	64.67	5.33
109.0	79.39	65.03	5.33
109.2	79.5	65.59	5.33
109.4	79.86	66.21	5.33
109.6	80.25	66.67	5.33
109.8	80.56	66.86	5.33
110.0	80.44	66.25	5.34
110.2	80.05	65.13	5.34
110.4	79.54	63.82	5.34
110.6	78.96	62.44	5.34
110.8	78.5	61.38	5.35
111.0	78.07	60.54	5.35
111.2	77.67	59.88	5.35
111.4	77.28	59.45	5.35
111.6	76.92	59.27	5.35
111.8	76.55	59.74	5.35
112.0	76.21	60.51	5.36
112.2	75.92	61.46	5.36
112.4	75.7	62.51	5.36
112.6	75.56	63.59	5.36
112.8	75.5	64.37	5.36
113.0	75.55	65.01	5.36
113.2	75.74	65.68	5.37
113.4	76.08	66.41	5.37
113.6	76.72	67.44	5.37
113.8	77.72	68.9	5.37
114.0	78.76	70.22	5.37
114.2	79.74	71.23	5.38
114.4	80.39	71.36	5.38
114.6	80.64	70.52	5.38
114.8	80.75	69.35	5.39
115.0	80.76	68.02	5.39
115.2	80.85	67.02	5.39
115.4	80.98	66.33	5.39
115.6	81.1	65.77	5.4
115.8	81.19	65.34	5.4
116.0	81.26	65.05	5.4
116.2	81.17	64.97	5.4
116.4	81.07	65.02	5.41
116.6	80.96	65.17	5.41
116.8	80.89	65.42	5.41
117.0	80.87	65.72	5.41
117.2	80.97	66.04	5.41
117.4	81.14	66.42	5.41
117.6	81.41	66.85	5.41
117.8	81.78	67.34	5.41
118.0	82.47	68.15	5.41
118.2	83.22	68.94	5.41
118.4	83.92	69.51	5.41
118.6	84.46	69.73	5.41
118.8	84.47	68.86	5.41
119.0	84.31	67.68	5.41
119.2	84.03	66.35	5.41
119.4	83.71	65.06	5.41
119.6	83.55	64.42	5.4
119.8	83.38	63.95	5.4
120.0	83.2	63.61	5.4
120.2	82.99	63.39	5.4
120.4	82.71	63.25	5.4
120.6	82.25	63.11	5.4
120.8	81.81	63.05	5.4
121.0	81.41	63.07	5.4
121.2	81.08	63.17	5.4
121.4	80.94	63.39	5.4
121.6	81.04	63.73	5.4
121.8	81.25	64.13	5.39
122.0	81.58	64.56	5.39
122.2	82.01	65.01	5.39
122.4	82.62	65.48	5.39
122.6	83.26	65.91	5.39
122.8	83.87	66.27	5.39
123.0	84.37	66.51	5.38
123.2	84.59	66.56	5.38
123.4	84.73	66.5	5.38
123.6	84.82	66.33	5.38
123.8	84.96	66.05	5.38
124.0	85.25	65.61	5.37
124.2	85.55	65.14	5.37
124.4	85.84	64.66	5.37
124.6	86.1	64.23	5.37
124.8	86.17	63.94	5.37
125.0	86.09	63.8	5.36
125.2	86.03	63.78	5.36
125.4	86.04	63.89	5.36
125.6	86.17	64.15	5.36
125.8	86.96	65.06	5.36
126.0	87.8	65.96	5.35
126.2	88.57	66.68	5.35
126.4	89.13	67.03	5.35
126.6	88.93	66.15	5.34
126.8	88.39	64.74	5.34
127.0	87.68	63.09	5.33
127.2	86.89	61.39	5.33
127.4	86.42	60.3	5.32
127.6	86.05	59.49	5.32
127.8	85.71	58.89	5.31
128.0	85.4	58.49	5.31
128.2	85.08	58.31	5.3
128.4	84.61	58.42	5.3
128.6	84.0	58.8	5.29
128.8	83.45	59.36	5.29
129.0	82.99	60.07	5.28
129.2	82.67	60.9	5.28
129.4	82.64	61.85	5.28
129.6	83.08	62.99	5.28
129.8	83.66	64.09	5.28
130.0	84.32	65.08	5.28
130.2	85.0	65.9	5.28
130.4	85.59	66.28	5.29
130.6	86.12	66.39	5.29
130.8	86.58	66.28	5.3
131.0	86.95	65.95	5.3
131.2	87.03	65.14	5.31
131.4	87.03	64.21	5.31
131.6	87.0	63.29	5.32
131.8	86.98	62.51	5.32
132.0	87.2	62.42	5.33
132.2	87.55	62.77	5.33
132.4	87.94	63.31	5.34
132.6	88.32	63.97	5.34
132.8	88.67	64.68	5.35
133.0	88.68	65.16	5.35
133.2	88.7	65.63	5.35
133.4	88.8	66.09	5.35
133.6	89.02	66.53	5.35
133.8	89.84	67.18	5.35
134.0	90.88	67.81	5.35
134.2	91.86	68.21	5.35
134.4	92.64	68.29	5.35
134.6	92.59	67.37	5.35
134.8	92.18	66.02	5.35
135.0	91.57	64.47	5.35
135.2	90.84	62.89	5.34
135.4	90.47	61.91	5.34
135.6	90.19	61.19	5.34
135.8	89.91	60.66	5.34
136.0	89.62	60.31	5.34
136.2	89.3	60.12	5.34
136.4	88.81	60.11	5.33
136.6	88.09	60.27	5.33
136.8	87.35	60.57	5.33
137.0	86.64	60.99	5.33
137.2	86.0	61.51	5.33
137.4	85.51	62.13	5.33
137.6	85.43	62.98	5.32
137.8	85.41	63.79	5.32
138.0	85.39	64.52	5.32
138.2	85.33	65.08	5.32
138.4	85.03	65.15	5.31
138.6	84.62	64.96	5.31
138.8	84.1	64.62	5.3
139.0	83.5	64.16	5.3
139.2	82.75	63.64	5.3
139.4	81.91	63.09	5.29
139.6	81.02	62.56	5.29
139.8	80.11	62.1	5.28
140.0	79.22	61.77	5.28
140.2	78.37	61.75	5.27
140.4	77.58	61.87	5.27
140.6	76.89	62.14	5.27
140.8	76.31	62.54	5.26
141.0	75.95	63.11	5.26
141.2	75.85	63.88	5.25
141.4	75.88	64.69	5.25
141.6	76.0	65.51	5.24
141.8	76.19	66.27	5.24
142.0	76.45	66.94	5.24
142.2	76.71	67.47	5.24
142.4	76.94	67.8	5.23
142.6	77.06	67.75	5.23
142.8	77.0	67.18	5.23
143.0	76.87	66.44	5.23
143.2	76.7	65.64	5.23
143.4	76.51	64.9	5.22
143.6	76.37	64.69	5.22
143.8	76.23	64.62	5.22
144.0	76.1	64.69	5.22
144.2	75.98	64.88	5.21
144.4	75.86	65.19	5.21
144.6	75.71	65.67	5.21
144.8	75.61	66.2	5.21
145.0	75.58	66.72	5.21
145.2	75.65	67.21	5.22
145.4	75.98	67.6	5.22
145.6	76.42	67.87	5.23
145.8	76.89	68.0	5.23
146.0	77.32	67.97	5.24
146.2	77.54	67.56	5.24
146.4	77.66	66.95	5.25
146.6	77.73	66.22	5.26
146.8	77.77	65.42	5.26
147.0	77.86	64.61	5.27
147.2	77.97	63.83	5.27
147.4	78.06	63.12	5.28
147.6	78.11	62.51	5.28
147.8	78.1	62.08	5.29
148.0	77.86	61.93	5.29
148.2	77.64	61.98	5.3
148.4	77.5	62.21	5.3
148.6	77.5	62.63	5.31
148.8	77.95	63.48	5.31
149.0	78.57	64.44	5.31
149.2	79.25	65.41	5.32
149.4	79.93	66.26	5.32
149.6	80.5	66.77	5.33
149.8	80.97	67.04	5.33
150.0	81.3	67.03	5.33
150.2	81.41	66.56	5.34
150.4	81.19	65.43	5.34
150.6	80.82	64.1	5.35
150.8	80.32	62.69	5.35
151.0	79.77	61.44	5.36
151.2	79.28	60.81	5.36
151.4	78.75	60.38	5.37
151.6	78.2	60.13	5.37
151.8	77.62	60.02	5.37
152.0	76.94	59.97	5.38
152.2	76.18	59.95	5.38
152.4	75.45	60.08	5.38
152.6	74.81	60.39	5.38
152.8	74.31	60.91	5.39
153.0	74.22	62.08	5.39
153.2	74.26	63.35	5.39
153.4	74.37	64.53	5.39
153.6	74.48	65.45	5.38
153.8	74.42	65.5	5.38
154.0	74.32	65.27	5.38
154.2	74.2	64.82	5.38
154.4	74.06	64.25	5.38
154.6	73.9	63.64	5.38
154.8	73.74	63.07	5.38
155.0	73.58	62.6	5.38
155.2	73.42	62.36	5.38
155.4	73.3	62.9	5.38
155.6	73.19	63.62	5.38
155.8	73.08	64.39	5.37
156.0	72.96	65.11	5.37
156.2	72.71	65.16	5.37
156.4	72.45	64.92	5.37
156.6	72.26	64.78	5.37
156.8	72.22	64.9	5.37
157.0	72.56	66.09	5.37
157.2	73.15	67.87	5.37
157.4	73.82	69.64	5.37
157.6	74.51	71.13	5.37
157.8	75.09	71.44	5.37
158.0	75.58	71.21	5.38
158.2	75.95	70.52	5.38
158.4	76.1	69.33	5.38
158.6	75.92	67.53	5.38
158.8	75.59	65.58	5.38
159.0	75.17	63.66	5.38
159.2	74.71	62.01	5.38
159.4	74.42	61.83	5.39
159.6	74.14	62.03	5.39
159.8	73.85	62.49	5.39
160.0	73.56	63.09	5.39
160.2	73.26	63.73	5.39
160.4	72.75	63.62	5.39
160.6	72.24	63.39	5.39
160.8	71.8	63.22	5.39
161.0	71.48	63.19	5.39
161.2	71.34	63.41	5.39
161.4	71.62	64.33	5.4
161.6	72.05	65.41	5.4
161.8	72.6	66.56	5.4
162.0	73.23	67.7	5.4
162.2	73.9	68.68	5.4
162.4	74.59	69.52	5.4
162.6	75.26	70.16	5.4
162.8	75.88	70.46	5.4
163.0	76.39	70.31	5.41
163.2	76.82	69.9	5.41
163.4	77.15	69.3	5.41
163.6	77.32	68.48	5.41
163.8	77.31	67.48	5.41
164.0	77.2	66.45	5.41
164.2	77.02	65.47	5.41
164.4	76.79	64.64	5.42
164.6	76.54	64.28	5.42
164.8	76.29	64.13	5.42
165.0	76.06	64.18	5.42
165.2	75.89	64.44	5.42
165.4	75.83	64.97	5.42
165.6	75.89	65.77	5.42
165.8	76.05	66.66	5.42
166.0	76.31	67.58	5.42
166.2	76.73	68.45	5.42
166.4	77.35	69.21	5.42
166.6	78.02	69.81	5.42
166.8	78.7	70.22	5.42
167.0	79.32	70.26	5.41
167.2	79.85	69.96	5.41
167.4	80.3	69.42	5.41
167.6	80.68	68.69	5.41
167.8	80.91	67.66	5.41
168.0	81.04	66.51	5.4
168.2	81.09	65.34	5.4
168.4	81.09	64.26	5.4
168.6	81.09	63.62	5.4
168.8	81.07	63.38	5.4
169.0	81.02	63.33	5.39
169.2	80.95	63.44	5.39
169.4	80.86	63.67	5.39
169.6	80.69	63.94	5.39
169.8	80.49	64.24	5.39
170.0	80.3	64.59	5.39
170.2	80.14	64.98	5.38
170.4	80.06	65.41	5.38
170.6	80.27	66.08	5.38
170.8	80.48	66.63	5.37
171.0	80.6	66.96	5.37
171.2	80.57	66.95	5.36
171.4	80.01	65.79	5.36
171.6	79.28	64.33	5.35
171.8	78.42	62.72	5.35
172.0	77.5	61.12	5.34
172.2	76.7	60.14	5.34
172.4	75.96	59.62	5.33
172.6	75.23	59.3	5.33
172.8	74.5	59.17	5.32
173.0	73.78	59.2	5.32
173.2	72.95	59.29	5.31
173.4	72.03	59.41	5.3
173.6	71.18	59.67	5.3
173.8	70.44	60.07	5.29
174.0	69.86	60.62	5.29
174.2	69.64	61.53	5.29
174.4	69.75	62.71	5.29
174.6	70.0	63.86	5.3
174.8	70.36	64.86	5.3
175.0	70.75	65.45	5.31
175.2	71.13	65.48	5.31
175.4	71.51	65.26	5.32
175.6	71.9	64.85	5.32
175.8	72.25	64.3	5.33
176.0	72.53	63.68	5.33
176.2	72.79	63.01	5.34
176.4	73.03	62.35	5.34
176.6	73.25	61.76	5.35
176.8	73.44	61.44	5.35
177.0	73.62	61.21	5.36
177.2	73.8	61.06	5.36
177.4	73.99	60.99	5.37
177.6	74.16	60.94	5.37
177.8	74.34	60.93	5.37
178.0	74.59	61.01	5.38
178.2	74.94	61.18	5.38
178.4	75.55	61.61	5.38
178.6	76.43	62.3	5.38
178.8	77.34	62.93	5.37
179.0	78.21	63.4	5.37
179.2	78.8	63.27	5.37
179.4	79.15	62.64	5.37
179.6	79.36	61.83	5.36
179.8	79.46	60.92	5.36
180.0	79.49	60.22	5.36
180.2	79.44	59.67	5.36
180.4	79.32	59.2	5.35
180.6	79.12	58.83	5.35
180.8	78.86	58.55	5.35
181.0	78.41	58.33	5.35
181.2	77.93	58.24	5.34
181.4	77.47	58.29	5.34
181.6	77.08	58.5	5.34
181.8	76.82	58.91	5.34
182.0	76.98	59.93	5.33
182.2	77.25	61.01	5.33
182.4	77.58	62.04	5.33
182.6	77.91	62.91	5.33
182.8	78.16	63.16	5.33
183.0	78.34	63.04	5.33
183.2	78.47	62.73	5.32
183.4	78.53	62.27	5.32
183.6	78.43	61.71	5.32
183.8	78.25	61.1	5.32
184.0	78.0	60.51	5.32
184.2	77.73	59.97	5.32
184.4	77.43	59.62	5.32
184.6	77.14	59.57	5.31
184.8	76.87	59.67	5.31
185.0	76.65	59.9	5.31
185.2	76.5	60.26	5.31
185.4	76.46	60.71	5.31
185.6	76.54	61.26	5.31
185.8	76.73	61.91	5.31
186.0	77.02	62.65	5.31
186.2	77.5	63.63	5.32
186.4	78.23	64.91	5.32
186.6	78.95	66.04	5.32
186.8	79.55	66.85	5.33
187.0	79.78	66.72	5.33
187.2	79.57	65.59	5.34
187.4	79.19	64.15	5.34
187.6	78.71	62.59	5.34
187.8	78.3	61.51	5.35
188.0	78.02	61.06	5.35
188.2	77.73	60.82	5.35
188.4	77.45	60.74	5.36
188.6	77.16	60.8	5.36
188.8	76.79	60.87	5.36
189.0	76.35	60.91	5.37
189.2	75.93	61.04	5.37
189.4	75.57	61.25	5.37
189.6	75.3	61.56	5.37
189.8	75.17	61.96	5.38
190.0	75.21	62.46	5.38
190.2	75.4	63.07	5.38
190.4	75.76	63.8	5.38
190.6	76.38	64.78	5.38
190.8	77.39	66.21	5.37
191.0	78.46	67.51	5.37
191.2	79.48	68.5	5.37
191.4	80.24	68.63	5.37
191.6	80.59	67.67	5.36
191.8	80.8	66.33	5.36
192.0	80.91	64.78	5.36
192.2	81.02	63.45	5.36
192.4	81.19	62.49	5.35
192.6	81.32	61.66	5.35
192.8	81.4	60.96	5.35
193.0	81.45	60.41	5.35
193.2	81.39	60.08	5.34
193.4	81.23	59.95	5.34
193.6	81.05	59.96	5.34
193.8	80.86	60.1	5.34
194.0	80.68	60.35	5.33
194.2	80.59	60.78	5.33
194.4	80.6	61.34	5.33
194.6	80.62	61.91	5.33
194.8	80.64	62.42	5.32
195.0	80.66	62.82	5.32
195.2	80.69	62.92	5.32
195.4	80.67	62.85	5.31
195.6	80.58	62.58	5.31
195.8	80.39	62.12	5.3
196.0	79.93	61.12	5.3
196.2	79.34	59.93	5.29
196.4	78.67	58.71	5.29
196.6	77.94	57.54	5.28
196.8	77.19	56.54	5.28
197.0	76.54	56.5	5.27
197.2	75.9	56.68	5.27
197.4	75.27	57.04	5.26
197.6	74.66	57.52	5.26
197.8	74.07	58.05	5.25
198.0	73.43	58.36	5.25
198.2	72.8	58.51	5.24
198.4	72.25	58.71	5.24
198.6	71.84	59.01	5.23
198.8	71.6	59.43	5.23
199.0	71.81	60.42	5.23
199.2	72.22	61.55	5.23
199.4	72.72	62.62	5.23
199.6	73.23	63.48	5.23
199.8	73.56	63.62	5.23
200.0	73.75	63.25	5.23
200.2	73.88	62.68	5.23
200.4	73.98	62.02	5.23
200.6	74.05	61.57	5.23
200.8	74.12	61.44	5.24
201.0	74.17	61.36	5.24
201.2	74.2	61.3	5.24
201.4	74.21	61.23	5.24
201.6	74.1	60.84	5.24
201.8	73.95	60.26	5.24
202.0	73.87	59.81	5.24
202.2	73.92	59.56	5.24
202.4	74.15	59.63	5.24
202.6	74.98	61.01	5.24
202.8	76.01	62.7	5.24
203.0	77.1	64.28	5.24
203.2	78.16	65.53	5.24
203.4	78.92	65.39	5.24
203.6	79.47	64.42	5.23
203.8	79.91	63.11	5.23
204.0	80.26	61.64	5.22
204.2	80.57	60.62	5.22
204.4	80.85	59.94	5.21
204.6	81.05	59.43	5.21
204.8	81.19	59.1	5.2
205.0	81.25	58.95	5.2
205.2	81.2	59.06	5.19
205.4	80.88	59.6	5.19
205.6	80.55	60.28	5.18
205.8	80.27	61.04	5.18
206.0	80.07	61.83	5.17
206.2	80.02	62.58	5.17
206.4	80.63	63.33	5.17
206.6	81.35	63.92	5.17
206.8	82.04	64.28	5.17
207.0	82.61	64.32	5.17
207.2	82.7	63.56	5.18
207.4	82.38	62.19	5.18
207.6	81.89	60.62	5.19
207.8	81.28	59.01	5.19
208.0	80.66	57.67	5.19
208.2	80.17	57.1	5.2
208.4	79.67	56.76	5.2
208.6	79.17	56.62	5.2
208.8	78.65	56.64	5.21
209.0	78.13	56.78	5.21
209.2	77.49	56.9	5.21
209.4	76.84	57.08	5.21
209.6	76.23	57.32	5.22
209.8	75.7	57.62	5.22
210.0	75.29	57.98	5.22
210.2	75.16	58.44	5.22
210.4	75.25	58.95	5.21
210.6	75.42	59.45	5.21
210.8	75.62	59.9	5.21
211.0	75.8	60.25	5.2
211.2	75.81	60.32	5.2
211.4	75.79	60.31	5.19
211.6	75.74	60.23	5.18
211.8	75.67	60.1	5.18
212.0	75.56	59.94	5.17
212.2	75.41	59.78	5.16
212.4	75.27	59.64	5.15
212.6	75.14	59.55	5.15
212.8	75.04	59.53	5.14
213.0	74.93	59.61	5.13
213.2	74.78	59.82	5.12
213.4	74.76	60.16	5.12
213.6	74.91	60.65	5.11
213.8	75.3	61.31	5.1
214.0	76.22	62.46	5.1
214.2	77.75	64.13	5.11
214.4	79.33	65.61	5.11
214.6	80.81	66.67	5.12
214.8	81.81	66.6	5.13
215.0	82.15	65.12	5.14
215.2	82.28	63.22	5.15
215.4	82.3	61.16	5.16
215.6	82.5	59.74	5.17
215.8	82.95	59.17	5.18
216.0	83.44	58.9	5.19
216.2	83.94	58.9	5.19
216.4	84.43	59.12	5.2
216.6	84.86	59.52	5.2
216.8	84.94	59.96	5.21
217.0	85.02	60.53	5.22
217.2	85.12	61.19	5.22
217.4	85.29	61.92	5.23
217.6	85.57	62.7	5.23
217.8	86.12	63.5	5.23
218.0	86.88	64.29	5.23
218.2	87.77	65.08	5.23
218.4	88.8	65.85	5.23
218.6	90.09	66.69	5.23
218.8	91.62	67.6	5.23
219.0	93.11	68.27	5.23
219.2	94.44	68.58	5.23
219.4	95.23	67.96	5.24
219.6	95.51	66.54	5.24
219.8	95.56	64.83	5.24
220.0	95.45	63.01	5.24
220.2	95.38	61.62	5.24
220.4	95.42	60.82	5.24
220.6	95.43	60.24	5.24
220.8	95.38	59.86	5.24
221.0	95.26	59.66	5.24
221.2	95.07	59.64	5.24
221.4	94.71	59.86	5.24
221.6	94.29	60.16	5.24
221.8	93.82	60.5	5.24
222.0	93.33	60.84	5.24
222.2	92.89	61.1	5.24
222.4	92.59	61.23	5.24
222.6	92.21	61.23	5.24
222.8	91.7	61.08	5.25
223.0	91.01	60.73	5.25
223.2	89.76	59.8	5.25
223.4	88.29	58.69	5.25
223.6	86.67	57.51	5.25
223.8	84.96	56.36	5.25
224.0	83.27	55.43	5.25
224.2	81.79	55.1	5.25
224.4	80.33	54.96	5.25
224.6	78.9	54.98	5.25
224.8	77.5	55.12	5.25
225.0	76.12	55.37	5.25
225.2	74.7	55.6	5.25
225.4	73.25	55.8	5.25
225.6	71.88	56.07	5.25
225.8	70.61	56.42	5.25
226.0	69.48	56.85	5.25
226.2	68.55	57.42	5.25
226.4	68.01	58.36	5.25
226.6	67.61	59.26	5.25
226.8	67.28	60.0	5.24
227.0	67.0	60.51	5.24
227.2	66.62	60.18	5.23
227.4	66.22	59.53	5.23
227.6	65.85	58.72	5.22
227.8	65.5	57.86	5.21
228.0	65.23	57.3	5.21
228.2	65.02	56.99	5.2
228.4	64.84	56.79	5.19
228.6	64.69	56.72	5.19
228.8	64.58	56.77	5.18
229.0	64.36	56.9	5.17
229.2	64.14	57.14	5.16
229.4	64.01	57.53	5.16
229.6	64.02	58.08	5.15
229.8	64.22	58.84	5.15
230.0	64.87	60.22	5.15
230.2	65.66	61.6	5.15
230.4	66.53	62.81	5.15
230.6	67.42	63.65	5.15
230.8	68.21	63.45	5.16
231.0	68.97	62.93	5.17
231.2	69.67	62.2	5.17
231.4	70.29	61.45	5.18
231.6	70.77	60.96	5.19
231.8	71.17	60.5	5.19
232.0	71.49	60.08	5.2
232.2	71.75	59.72	5.2
232.4	71.95	59.4	5.21
232.6	72.1	59.14	5.22
232.8	72.2	58.96	5.22
233.0	72.27	58.87	5.23
233.2	72.31	58.89	5.23
233.4	72.31	59.05	5.23
233.6	72.2	59.44	5.24
233.8	72.12	59.93	5.24
234.0	72.12	60.52	5.24
234.2	72.24	61.2	5.24
234.4	72.73	62.12	5.24
234.6	73.53	63.18	5.24
234.8	74.33	64.08	5.23
235.0	75.02	64.7	5.23
235.2	75.3	64.51	5.22
235.4	75.12	63.5	5.22
235.6	74.79	62.25	5.21
235.8	74.35	60.92	5.21
236.0	73.99	59.96	5.2
236.2	73.81	59.63	5.2
236.4	73.65	59.52	5.19
236.6	73.47	59.56	5.19
236.8	73.26	59.74	5.18
237.0	72.98	59.98	5.18
237.2	72.4	60.04	5.17
237.4	71.83	60.2	5.16
237.6	71.31	60.51	5.16
237.8	70.9	60.98	5.16
238.0	70.7	61.76	5.16
238.2	70.97	63.18	5.16
238.4	71.34	64.63	5.17
238.6	71.75	65.98	5.18
238.8	72.15	67.08	5.2
239.0	72.34	67.3	5.21
239.2	72.45	67.16	5.22
239.4	72.47	66.77	5.23
239.6	72.41	66.2	5.24
239.8	72.21	65.5	5.25
240.0	71.93	64.74	5.26
240.2	71.59	63.99	5.28
240.4	71.2	63.31	5.29
240.6	70.82	62.92	5.3
240.8	70.46	63.01	5.31
241.0	70.1	63.23	5.32
241.2	69.74	63.55	5.33
241.4	69.38	63.91	5.33
241.6	69.02	64.2	5.34
241.8	68.58	64.22	5.35
242.0	68.21	64.25	5.35
242.2	67.92	64.31	5.35
242.4	67.75	64.44	5.35
242.6	67.94	64.92	5.35
242.8	68.33	65.55	5.35
243.0	68.77	66.12	5.34
243.2	69.18	66.52	5.33
243.4	69.33	66.31	5.32
243.6	69.25	65.59	5.32
243.8	69.08	64.73	5.31
244.0	68.87	63.85	5.3
244.2	68.67	63.19	5.29
244.4	68.56	63.11	5.28
244.6	68.46	63.19	5.27
244.8	68.37	63.41	5.26
245.0	68.29	63.72	5.25
245.2	68.17	64.06	5.25
245.4	67.91	64.25	5.24
245.6	67.73	64.54	5.23
245.8	67.68	64.96	5.22
246.0	67.82	65.54	5.21
246.2	68.43	66.59	5.2
246.4	69.29	67.83	5.2
246.6	70.28	69.06	5.19
246.8	71.32	70.17	5.19
247.0	72.31	70.85	5.18
247.2	73.24	71.27	5.18
247.4	74.09	71.42	5.18
247.6	74.79	71.3	5.18
247.8	75.14	70.7	5.17
248.0	75.34	69.89	5.17
248.2	75.42	68.93	5.17
248.4	75.42	67.92	5.16
248.6	75.33	66.88	5.16
248.8	75.23	65.93	5.16
249.0	75.15	65.15	5.15
249.2	75.15	64.62	5.15
249.4	75.38	64.71	5.15
249.6	75.94	65.63	5.15
249.8	76.56	66.68	5.15
250.0	77.18	67.65	5.15
250.2	77.72	68.27	5.15
250.4	78.06	67.99	5.15
250.6	78.29	67.39	5.15
250.8	78.4	66.52	5.15
251.0	78.37	65.41	5.16
251.2	78.08	64.03	5.16
251.4	77.69	62.57	5.16
251.6	77.21	61.11	5.17
251.8	76.69	59.76	5.17
252.0	76.15	58.8	5.17
252.2	75.64	58.34	5.17
252.4	75.17	58.13	5.17
252.6	74.76	58.12	5.17
252.8	74.45	58.3	5.18
253.0	74.29	58.67	5.18
253.2	74.37	59.25	5.19
253.4	74.57	59.91	5.19
253.6	74.88	60.59	5.2
253.8	75.29	61.26	5.21
254.0	75.87	61.84	5.22
254.2	76.53	62.31	5.23
254.4	77.19	62.63	5.23
254.6	77.81	62.77	5.24
254.8	78.22	62.46	5.25
255.0	78.51	61.89	5.26
255.2	78.72	61.22	5.27
255.4	78.87	60.5	5.28
255.6	78.99	59.94	5.29
255.8	79.09	59.57	5.3
256.0	79.15	59.29	5.3
256.2	79.16	59.09	5.31
256.4	79.14	58.99	5.32
256.6	78.92	58.94	5.33
256.8	78.61	58.97	5.33
257.0	78.37	59.13	5.34
257.2	78.24	59.44	5.34
257.4	78.29	59.92	5.35
257.6	78.92	61.01	5.35
257.8	79.78	62.22	5.35
258.0	80.72	63.33	5.34
258.2	81.68	64.19	5.34
258.4	82.5	64.18	5.33
258.6	83.18	63.61	5.31
258.8	83.75	62.86	5.3
259.0	84.19	62.06	5.29
259.2	84.35	61.67	5.27
259.4	84.31	61.52	5.26
259.6	84.16	61.46	5.25
259.8	83.94	61.44	5.23
260.0	83.7	61.37	5.22
260.2	83.52	61.09	5.21
260.4	83.35	60.85	5.19
260.6	83.2	60.66	5.18
260.8	83.1	60.58	5.17
261.0	83.09	60.74	5.15
261.2	83.27	61.37	5.14
261.4	83.46	62.04	5.12
261.6	83.63	62.65	5.11
261.8	83.75	63.13	5.1
262.0	83.64	63.04	5.09
262.2	83.43	62.68	5.09
262.4	83.15	62.16	5.09
262.6	82.83	61.53	5.09
262.8	82.51	60.84	5.09
263.0	82.2	60.15	5.08
263.2	81.89	59.46	5.08
263.4	81.57	58.83	5.08
263.6	81.24	58.29	5.08
263.8	80.88	57.88	5.08
264.0	80.36	57.74	5.07
264.2	79.9	57.76	5.07
264.4	79.52	57.97	5.07
264.6	79.29	58.36	5.07
264.8	79.26	58.96	5.07
265.0	79.69	60.02	5.07
265.2	80.29	61.19	5.08
265.4	81.04	62.41	5.08
265.6	81.9	63.62	5.09
265.8	82.93	64.8	5.1
266.0	84.01	65.83	5.11
266.2	85.02	66.58	5.11
266.4	85.87	66.94	5.12
266.6	86.2	66.28	5.13
266.8	86.19	64.97	5.14
267.0	86.02	63.39	5.15
267.2	85.73	61.71	5.16
267.4	85.51	60.37	5.17
267.6	85.43	59.62	5.18
267.8	85.36	59.07	5.19
268.0	85.29	58.69	5.2
268.2	85.21	58.48	5.2
268.4	85.09	58.42	5.21
268.6	84.76	58.44	5.22
268.8	84.48	58.61	5.22
269.0	84.29	58.92	5.23
269.2	84.25	59.38	5.23
269.4	84.49	60.03	5.24
269.6	85.37	61.14	5.24
269.8	86.33	62.24	5.24
270.0	87.28	63.21	5.25
270.2	88.11	63.94	5.25
270.4	88.35	63.82	5.25
270.6	88.36	63.35	5.26
270.8	88.23	62.7	5.26
271.0	88.0	61.96	5.27
271.2	87.86	61.5	5.27
271.4	87.73	61.15	5.27
271.6	87.58	60.84	5.28
271.8	87.43	60.55	5.28
272.0	87.26	60.28	5.28
272.2	87.08	59.91	5.29
272.4	86.9	59.5	5.29
272.6	86.72	59.13	5.29
272.8	86.54	58.83	5.3
273.0	86.35	58.62	5.3
273.2	86.09	58.57	5.3
273.4	85.72	58.76	5.3
273.6	85.43	59.05	5.31
273.8	85.27	59.43	5.31
274.0	85.28	59.9	5.31
274.2	85.82	60.59	5.31
274.4	86.78	61.41	5.31
274.6	87.76	62.11	5.3
274.8	88.63	62.59	5.3
275.0	89.05	62.48	5.3
275.2	88.85	61.63	5.3
275.4	88.44	60.56	5.3
275.6	87.89	59.4	5.3
275.8	87.36	58.42	5.3
276.0	87.05	58.04	5.3
276.2	86.77	57.81	5.3
276.4	86.49	57.72	5.29
276.6	86.21	57.73	5.29
276.8	85.92	57.83	5.29
277.0	85.4	57.74	5.29
277.2	84.89	57.73	5.29
277.4	84.44	57.83	5.29
277.6	84.12	58.07	5.29
277.8	83.94	58.48	5.29
278.0	84.29	59.48	5.29
278.2	84.88	60.71	5.28
278.4	85.52	61.92	5.28
278.6	86.14	62.99	5.28
278.8	86.58	63.66	5.28
279.0	86.71	63.71	5.28
279.2	86.71	63.5	5.28
279.4	86.61	63.09	5.28
279.6	86.42	62.5	5.28
279.8	86.11	61.76	5.27
280.0	85.76	60.96	5.27
280.2	85.38	60.17	5.27
280.4	85.0	59.45	5.27
280.6	84.66	58.94	5.27
280.8	84.42	58.86	5.27
281.0	84.25	58.94	5.27
281.2	84.14	59.18	5.26
281.4	84.1	59.56	5.26
281.6	84.15	60.06	5.26
281.8	84.33	60.77	5.26
282.0	84.6	61.53	5.26
282.2	84.97	62.31	5.26
282.4	85.42	63.06	5.26
282.6	86.07	63.71	5.25
282.8	86.89	64.21	5.25
283.0	87.7	64.59	5.25
283.2	88.42	64.81	5.25
283.4	88.87	64.78	5.25
283.6	88.89	64.38	5.25
283.8	88.76	63.86	5.25
284.0	88.52	63.27	5.24
284.2	88.23	62.67	5.24
284.4	88.12	62.32	5.24
284.6	88.07	62.11	5.24
284.8	88.03	61.96	5.24
285.0	88.0	61.89	5.24
285.2	87.97	61.89	5.24
285.4	87.89	61.93	5.23
285.6	87.63	61.99	5.23
285.8	87.43	62.12	5.23
286.0	87.33	62.34	5.23
286.2	87.37	62.66	5.23
286.4	87.7	63.16	5.23
286.6	88.6	64.08	5.22
286.8	89.59	64.96	5.22
287.0	90.58	65.72	5.22
287.2	91.46	66.24	5.21
287.4	91.78	65.96	5.21
287.6	91.93	65.38	5.2
287.8	91.96	64.6	5.2
