0.2	138.06	88.2	5.91
0.4	139.25	90.37	5.91
0.6	140.62	92.24	5.91
0.8	142.1	93.79	5.91
1.0	143.6	95.0	5.91
1.2	145.05	95.86	5.9
1.4	146.36	96.33	5.9
1.6	147.36	96.21	5.9
1.8	148.1	95.77	5.9
2.0	148.62	95.21	5.89
2.2	148.93	94.98	5.89
2.4	149.01	94.79	5.89
2.6	148.86	94.43	5.89
2.8	148.38	93.44	5.88
3.0	147.66	92.09	5.88
3.2	146.83	90.66	5.88
3.4	146.04	89.46	5.88
3.6	145.37	88.64	5.87
3.8	144.68	87.97	5.87
4.0	143.94	87.43	5.87
4.2	143.04	86.95	5.87
4.4	142.05	86.54	5.86
4.6	141.06	86.19	5.86
4.8	140.09	85.88	5.86
5.0	139.26	85.57	5.86
5.2	138.49	85.3	5.85
5.4	137.76	85.07	5.85
5.6	137.08	84.85	5.85
5.8	136.43	84.66	5.85
6.0	135.83	84.6	5.84
6.2	135.27	84.73	5.84
6.4	134.74	85.5	5.84
6.6	134.27	86.36	5.84
6.8	133.86	87.07	5.83
7.0	133.4	86.84	5.83
7.2	133.02	86.05	5.83
7.4	132.95	85.5	5.83
7.6	133.47	86.09	5.82
7.8	134.63	87.9	5.82
8.0	136.2	90.13	5.82
8.2	138.14	92.36	5.82
8.4	140.37	94.43	5.82
8.6	142.71	96.35	5.82
8.8	145.05	98.12	5.82
9.0	147.26	99.56	5.82
9.2	149.18	100.46	5.82
9.4	150.65	100.47	5.82
9.6	151.55	99.63	5.83
9.8	151.76	97.96	5.83
10.0	150.52	94.83	5.83
10.2	148.59	91.06	5.83
10.4	146.45	87.22	5.83
10.6	145.32	84.75	5.83
10.8	145.12	83.57	5.83
11.0	145.22	83.02	5.83
11.2	145.47	82.96	5.83
11.4	145.72	83.25	5.83
11.6	145.27	83.63	5.83
11.8	144.65	84.1	5.83
12.0	143.94	84.59	5.83
12.2	143.14	84.99	5.83
12.4	142.33	84.94	5.83
12.6	141.51	84.47	5.83
12.8	140.65	83.89	5.83
13.0	139.77	83.27	5.84
13.2	138.83	82.7	5.84
13.4	137.85	82.26	5.84
13.6	136.89	81.95	5.84
13.8	135.99	81.83	5.84
14.0	135.22	82.11	5.84
14.2	134.57	82.68	5.84
14.4	133.98	83.35	5.84
14.6	133.44	84.03	5.84
14.8	132.85	84.44	5.84
15.0	132.32	84.79	5.84
15.2	131.88	85.09	5.84
15.4	131.42	85.16	5.84
15.6	131.05	85.15	5.84
15.8	131.04	85.4	5.84
16.0	131.67	86.27	5.84
16.2	133.24	88.16	5.84
16.4	135.17	90.33	5.84
16.6	137.27	92.51	5.84
16.8	139.26	94.35	5.84
17.0	141.23	96.0	5.84
17.2	143.11	97.47	5.84
17.4	144.87	98.79	5.83
17.6	146.33	99.57	5.83
17.8	147.34	99.42	5.83
18.0	147.7	97.88	5.83
18.2	147.52	95.66	5.82
18.4	146.67	93.01	5.82
18.6	144.83	90.15	5.82
18.8	142.64	87.3	5.82
19.0	140.37	84.67	5.81
19.2	138.99	83.11	5.81
19.4	138.33	82.47	5.81
19.6	137.92	82.29	5.81
19.8	137.65	82.45	5.81
20.0	137.39	82.84	5.8
20.2	136.59	83.1	5.8
20.4	135.6	83.36	5.8
20.6	134.57	83.64	5.8
20.8	133.51	83.9	5.79
21.0	132.49	84.07	5.79
21.2	131.58	84.03	5.79
21.4	130.73	83.93	5.79
21.6	129.95	83.78	5.78
21.8	129.25	83.6	5.78
22.0	128.73	83.38	5.78
22.2	128.31	83.16	5.78
22.4	127.92	83.0	5.78
22.6	127.53	82.94	5.77
22.8	127.0	83.21	5.77
23.0	126.44	83.6	5.77
23.2	125.9	83.98	5.77
23.4	125.41	84.21	5.76
23.6	124.99	83.92	5.76
23.8	124.67	83.66	5.76
24.0	124.47	83.59	5.76
24.2	124.39	84.09	5.75
24.4	124.48	85.11	5.75
24.6	124.82	86.43	5.75
24.8	125.53	88.0	5.75
25.0	126.76	89.78	5.75
25.2	128.16	91.69	5.75
25.4	129.6	93.67	5.76
25.6	130.86	95.84	5.76
25.8	132.03	97.74	5.76
26.0	133.1	99.17	5.76
26.2	134.12	99.31	5.77
26.4	134.9	98.92	5.77
26.6	135.37	98.19	5.78
26.8	135.14	97.5	5.78
27.0	134.51	96.73	5.78
27.2	133.65	95.89	5.79
27.4	132.74	95.05	5.79
27.6	131.86	94.21	5.79
27.8	130.96	93.36	5.8
28.0	130.08	92.49	5.8
28.2	129.2	91.34	5.8
28.4	128.4	90.2	5.8
28.6	127.74	89.32	5.81
28.8	127.3	88.87	5.81
29.0	127.35	89.78	5.81
29.2	127.58	90.93	5.82
29.4	127.93	92.04	5.82
29.6	128.3	92.27	5.82
29.8	128.67	91.84	5.83
30.0	128.99	91.33	5.83
30.2	129.22	91.14	5.83
30.4	129.28	91.71	5.84
30.6	129.23	92.4	5.84
30.8	129.06	93.07	5.84
31.0	128.73	93.27	5.85
31.2	128.3	93.26	5.85
31.4	127.8	93.14	5.85
31.6	127.24	92.97	5.86
31.8	126.66	92.8	5.86
32.0	126.06	92.6	5.86
32.2	125.45	92.39	5.87
32.4	124.87	92.2	5.87
32.6	124.3	92.03	5.87
32.8	123.74	91.85	5.88
33.0	123.17	91.67	5.88
33.2	122.49	91.4	5.88
33.4	121.84	91.16	5.89
33.6	121.25	90.97	5.89
33.8	120.75	90.87	5.89
34.0	120.37	90.87	5.89
34.2	120.19	91.06	5.9
34.4	120.26	91.5	5.9
34.6	120.77	92.52	5.9
34.8	121.59	93.84	5.91
35.0	122.64	95.23	5.91
35.2	123.9	96.52	5.91
35.4	125.3	97.58	5.92
35.6	126.68	98.33	5.92
35.8	127.88	98.63	5.92
36.0	128.68	98.15	5.93
36.2	129.25	97.3	5.93
36.4	129.59	96.2	5.93
36.6	129.67	95.05	5.94
36.8	129.56	93.84	5.94
37.0	129.31	92.6	5.94
37.2	129.0	91.44	5.95
37.4	128.67	90.46	5.95
37.6	128.27	89.49	5.95
37.8	127.82	88.51	5.96
38.0	127.29	87.34	5.96
38.2	126.7	86.07	5.96
38.4	126.05	84.82	5.97
38.6	125.35	83.65	5.97
38.8	124.4	82.56	5.97
39.0	123.49	81.68	5.98
39.2	122.73	81.08	5.98
39.4	122.32	80.95	5.98
39.6	122.41	81.42	5.98
39.8	122.79	82.17	5.98
40.0	123.43	83.11	5.98
40.2	124.3	84.0	5.98
40.4	125.37	84.97	5.98
40.6	126.61	86.07	5.97
40.8	127.95	87.52	5.97
41.0	129.38	89.14	5.96
41.2	130.93	90.6	5.96
41.4	132.67	91.58	5.96
41.6	134.56	91.94	5.95
41.8	136.4	91.86	5.95
42.0	137.98	91.33	5.94
42.2	139.17	90.35	5.94
42.4	140.11	89.05	5.93
42.6	140.81	87.5	5.93
42.8	141.23	85.75	5.93
43.0	141.44	83.94	5.92
43.2	141.49	82.16	5.92
43.4	141.42	80.55	5.91
43.6	141.31	79.38	5.91
43.8	141.11	78.45	5.9
44.0	140.83	77.79	5.9
44.2	140.45	77.39	5.9
44.4	139.97	77.48	5.89
44.6	139.42	77.89	5.89
44.8	138.81	78.44	5.88
45.0	138.16	79.04	5.88
45.2	137.4	79.42	5.87
45.4	136.55	79.48	5.87
45.6	135.82	79.62	5.87
45.8	135.29	79.95	5.86
46.0	135.3	80.93	5.86
46.2	135.78	82.42	5.85
46.4	136.37	83.86	5.85
46.6	136.92	84.95	5.85
46.8	137.14	84.85	5.84
47.0	137.19	84.48	5.84
47.2	137.04	84.03	5.84
47.4	136.51	84.11	5.84
47.6	135.71	84.59	5.84
47.8	134.82	85.07	5.84
48.0	133.99	85.35	5.84
48.2	133.46	85.03	5.84
48.4	133.02	84.59	5.84
48.6	132.62	84.14	5.83
48.8	132.18	83.79	5.83
49.0	131.75	83.64	5.83
49.2	131.37	83.77	5.83
49.4	131.06	84.37	5.83
49.6	130.83	85.77	5.83
49.8	130.74	87.43	5.83
50.0	130.83	89.16	5.83
50.2	131.21	90.53	5.83
50.4	131.83	91.74	5.82
50.6	132.65	92.96	5.82
50.8	133.7	94.43	5.82
51.0	134.95	96.07	5.82
51.2	136.31	97.57	5.82
51.4	137.75	98.68	5.82
51.6	139.23	99.26	5.82
51.8	140.55	99.46	5.82
52.0	141.48	99.15	5.81
52.2	141.87	98.28	5.81
52.4	141.98	97.23	5.81
52.6	141.89	96.25	5.81
52.8	141.73	95.87	5.81
53.0	141.48	95.64	5.81
53.2	141.16	95.47	5.81
53.4	140.86	95.2	5.81
53.6	140.64	94.69	5.81
53.8	140.42	94.19	5.8
54.0	140.19	93.77	5.8
54.2	139.9	93.52	5.8
54.4	139.42	93.57	5.8
54.6	139.04	93.79	5.8
54.8	138.84	94.17	5.8
55.0	139.01	94.81	5.8
55.2	139.62	95.7	5.8
55.4	140.49	96.55	5.79
55.6	141.59	97.25	5.79
55.8	142.97	97.36	5.79
56.0	144.45	97.29	5.79
56.2	145.94	97.13	5.79
56.4	147.35	97.27	5.79
56.6	148.6	97.38	5.79
56.8	149.57	97.16	5.79
57.0	150.03	96.03	5.79
57.2	149.99	94.14	5.79
57.4	149.65	92.01	5.79
57.6	149.08	90.03	5.79
57.8	148.39	88.69	5.79
58.0	147.54	87.49	5.79
58.2	146.56	86.37	5.79
58.4	145.47	85.11	5.79
58.6	144.31	83.69	5.79
58.8	143.1	82.31	5.79
59.0	141.9	81.05	5.79
59.2	140.81	80.01	5.79
59.4	139.84	79.24	5.79
59.6	138.88	78.7	5.79
59.8	137.89	78.38	5.79
60.0	136.65	78.36	5.79
60.2	135.25	78.63	5.79
60.4	133.95	79.09	5.79
60.6	132.89	79.72	5.79
60.8	132.28	80.35	5.79
61.0	132.07	81.16	5.79
61.2	132.29	82.23	5.79
61.4	133.17	84.0	5.79
61.6	134.59	86.19	5.79
61.8	136.27	88.19	5.79
62.0	137.99	89.21	5.79
62.2	139.63	89.09	5.79
62.4	141.28	88.79	5.79
62.6	142.95	89.05	5.79
62.8	144.63	90.13	5.79
63.0	146.14	91.22	5.79
63.2	147.36	91.82	5.79
63.4	148.21	91.69	5.79
63.6	148.73	91.2	5.79
63.8	148.85	90.39	5.79
64.0	148.53	89.31	5.79
64.2	147.97	88.09	5.79
64.4	147.25	86.81	5.8
64.6	146.6	85.6	5.8
64.8	145.91	84.5	5.8
65.0	145.21	83.58	5.8
65.2	144.51	82.98	5.8
65.4	143.91	83.19	5.8
65.6	143.3	83.54	5.8
65.8	142.65	83.85	5.8
66.0	141.93	83.88	5.8
66.2	141.04	82.98	5.8
66.4	140.08	81.85	5.8
66.6	139.09	80.61	5.8
66.8	138.07	79.35	5.8
67.0	137.05	78.18	5.8
67.2	136.04	77.2	5.8
67.4	135.05	76.48	5.8
67.6	133.97	76.44	5.8
67.8	132.92	76.89	5.8
68.0	132.1	77.48	5.8
68.2	131.68	77.92	5.8
68.4	132.0	77.66	5.8
68.6	132.64	77.52	5.8
68.8	133.49	77.7	5.8
69.0	134.45	79.1	5.8
69.2	135.43	80.96	5.8
69.4	136.35	82.92	5.8
69.6	137.02	84.59	5.8
69.8	137.45	85.86	5.8
70.0	137.67	86.66	5.8
70.2	137.58	86.39	5.8
70.4	137.23	85.3	5.81
70.6	136.76	84.0	5.81
70.8	136.31	83.11	5.81
71.0	136.0	83.12	5.81
71.2	135.64	83.23	5.81
71.4	135.17	83.27	5.81
71.6	134.36	82.49	5.81
71.8	133.37	81.34	5.81
72.0	132.35	80.23	5.81
72.2	131.39	79.5	5.81
72.4	130.64	79.73	5.81
72.6	130.01	80.21	5.81
72.8	129.54	80.8	5.81
73.0	129.21	81.07	5.81
73.2	129.07	81.15	5.81
73.4	129.13	81.3	5.81
73.6	129.47	81.66	5.81
73.8	130.14	82.41	5.81
74.0	131.02	83.34	5.81
74.2	132.07	84.43	5.81
74.4	133.26	85.67	5.81
74.6	134.55	86.98	5.81
74.8	135.92	88.26	5.82
75.0	137.35	89.38	5.82
75.2	138.77	90.4	5.82
75.4	140.15	91.34	5.82
75.6	141.37	92.32	5.82
75.8	142.45	93.22	5.82
76.0	143.41	93.91	5.82
76.2	144.26	94.18	5.82
76.4	144.97	94.03	5.82
76.6	145.52	93.64	5.82
76.8	145.89	93.09	5.82
77.0	145.91	92.59	5.82
77.2	145.76	92.0	5.82
77.4	145.51	91.32	5.82
77.6	145.25	90.46	5.82
77.8	145.11	89.32	5.82
78.0	144.95	88.19	5.82
78.2	144.75	87.17	5.82
78.4	144.47	86.56	5.82
78.6	144.09	86.48	5.82
78.8	143.66	86.51	5.82
79.0	143.18	86.55	5.82
79.2	142.62	86.14	5.83
79.4	142.03	85.49	5.83
79.6	141.45	84.89	5.83
79.8	140.9	84.46	5.83
80.0	140.36	84.71	5.83
80.2	139.95	85.11	5.83
80.4	139.73	85.55	5.83
80.6	139.94	85.73	5.83
80.8	140.49	85.73	5.83
81.0	141.13	85.75	5.83
81.2	141.72	85.94	5.83
81.4	142.12	86.43	5.83
81.6	142.41	86.93	5.83
81.8	142.54	87.35	5.84
82.0	142.43	87.44	5.84
82.2	142.19	87.44	5.84
82.4	141.84	87.43	5.84
82.6	141.52	87.69	5.84
82.8	141.11	87.95	5.84
83.0	140.56	88.05	5.84
83.2	139.7	87.64	5.84
83.4	138.57	86.74	5.84
83.6	137.33	85.74	5.84
83.8	136.09	84.82	5.85
84.0	135.06	84.5	5.85
84.2	134.09	84.35	5.85
84.4	133.15	84.33	5.85
84.6	132.13	84.32	5.85
84.8	131.02	84.25	5.85
85.0	130.09	84.32	5.85
85.2	129.44	84.55	5.85
85.4	129.41	84.92	5.85
85.6	129.78	85.6	5.85
85.8	130.49	86.71	5.85
86.0	131.58	88.81	5.86
86.2	132.96	91.54	5.86
86.4	134.51	94.25	5.86
86.6	136.12	96.32	5.86
86.8	137.71	97.59	5.86
87.0	139.23	98.34	5.86
87.2	140.56	98.48	5.86
87.4	141.65	98.06	5.86
87.6	142.5	97.35	5.86
87.8	143.04	96.58	5.86
88.0	143.26	95.86	5.87
88.2	143.29	95.07	5.87
88.4	143.19	94.18	5.87
88.6	143.1	93.14	5.87
88.8	142.91	92.09	5.87
89.0	142.62	91.07	5.87
89.2	142.18	90.27	5.87
89.4	141.59	89.72	5.87
89.6	140.9	89.24	5.87
89.8	140.13	88.75	5.87
90.0	139.19	87.95	5.88
90.2	138.13	86.81	5.88
90.4	137.13	85.83	5.88
90.6	136.29	85.2	5.88
90.8	135.91	85.59	5.88
91.0	135.93	86.85	5.88
91.2	136.09	88.3	5.88
91.4	136.29	89.7	5.88
91.6	136.27	90.3	5.88
91.8	136.2	90.61	5.88
92.0	136.1	90.74	5.88
92.2	136.02	90.75	5.89
92.4	135.94	90.7	5.89
92.6	135.82	90.56	5.89
92.8	135.61	90.36	5.89
93.0	135.21	90.08	5.89
93.2	134.7	89.78	5.89
93.4	134.13	89.49	5.89
93.6	133.52	89.25	5.89
93.8	132.88	89.08	5.89
94.0	132.26	89.03	5.89
94.2	131.67	89.15	5.9
94.4	131.14	89.64	5.9
94.6	130.69	90.43	5.9
94.8	130.38	91.31	5.9
95.0	130.24	92.16	5.9
95.2	130.28	92.6	5.9
95.4	130.61	93.03	5.9
95.6	131.29	93.55	5.9
95.8	132.68	94.37	5.9
96.0	134.47	95.42	5.9
96.2	136.39	96.62	5.9
96.4	138.11	98.09	5.91
96.6	139.61	99.65	5.91
96.8	140.98	101.02	5.91
97.0	142.33	101.93	5.91
97.2	143.53	102.27	5.91
97.4	144.31	102.01	5.91
97.6	144.13	100.73	5.91
97.8	143.06	98.57	5.91
98.0	141.71	96.12	5.91
98.2	140.59	93.91	5.92
98.4	140.21	92.45	5.92
98.6	140.03	91.32	5.92
98.8	139.97	90.52	5.92
99.0	139.97	90.03	5.92
99.2	139.76	90.23	5.92
99.4	139.52	90.64	5.92
99.6	139.26	91.14	5.92
99.8	138.97	91.59	5.92
100.0	138.54	91.52	5.92
100.2	138.0	90.88	5.93
100.4	137.54	90.29	5.93
100.6	137.22	89.89	5.93
100.8	137.12	90.15	5.93
101.0	137.31	91.09	5.93
101.2	137.82	92.25	5.93
101.4	138.72	93.51	5.93
101.6	140.22	94.41	5.93
101.8	142.14	95.31	5.93
102.0	144.43	96.38	5.93
102.2	147.23	98.01	5.93
102.4	150.33	100.05	5.93
102.6	153.31	101.99	5.93
102.8	155.72	103.43	5.93
103.0	157.4	104.23	5.93
103.2	158.59	104.54	5.93
103.4	159.37	104.37	5.93
103.6	159.68	103.68	5.92
103.8	159.3	102.4	5.92
104.0	157.69	100.16	5.92
104.2	154.78	96.98	5.92
104.4	151.44	93.52	5.92
104.6	148.01	90.13	5.92
104.8	146.34	88.24	5.91
105.0	145.23	86.99	5.91
105.2	144.43	86.21	5.91
105.4	143.78	85.83	5.91
105.6	143.14	85.77	5.91
105.8	141.69	86.04	5.9
106.0	140.07	86.47	5.9
106.2	138.46	86.96	5.9
106.4	136.92	87.4	5.9
106.6	135.63	87.46	5.9
106.8	134.73	86.92	5.9
107.0	133.96	86.35	5.89
107.2	133.27	85.86	5.89
107.4	132.62	85.65	5.89
107.6	131.89	86.23	5.89
107.8	131.19	86.94	5.89
108.0	130.54	87.66	5.88
108.2	129.9	88.04	5.88
108.4	129.31	88.0	5.88
108.6	128.86	88.01	5.88
108.8	128.6	88.23	5.88
109.0	128.65	89.24	5.88
109.2	128.98	90.47	5.87
109.4	129.61	91.77	5.87
109.6	130.74	92.85	5.87
109.8	132.15	93.81	5.87
110.0	133.7	94.75	5.87
110.2	135.18	95.8	5.87
110.4	136.59	96.84	5.87
110.6	137.94	97.77	5.87
110.8	139.21	98.53	5.88
111.0	140.37	99.04	5.88
111.2	141.39	99.24	5.88
111.4	142.22	98.85	5.88
111.6	142.86	98.13	5.88
111.8	143.28	97.21	5.88
112.0	143.41	96.28	5.88
112.2	143.35	95.27	5.88
112.4	143.13	94.19	5.88
112.6	142.8	92.99	5.88
112.8	142.39	91.84	5.88
113.0	141.9	90.83	5.88
113.2	141.4	90.28	5.88
113.4	140.87	89.94	5.89
113.6	140.33	89.68	5.89
113.8	139.82	89.36	5.89
114.0	139.32	88.95	5.89
114.2	138.77	88.52	5.89
114.4	138.08	88.09	5.89
114.6	137.17	87.69	5.89
114.8	136.19	87.21	5.89
115.0	135.19	86.59	5.89
115.2	134.31	85.46	5.89
115.4	133.45	84.26	5.89
115.6	132.57	83.21	5.89
115.8	131.47	82.7	5.89
116.0	130.29	82.72	5.9
116.2	129.31	83.07	5.9
116.4	128.82	83.81	5.9
116.6	128.93	84.9	5.9
116.8	129.36	86.02	5.9
117.0	130.03	86.8	5.9
117.2	130.85	87.05	5.9
117.4	131.76	87.4	5.9
117.6	132.68	88.43	5.9
117.8	133.53	90.24	5.9
118.0	134.39	92.06	5.9
118.2	135.27	93.27	5.9
118.4	136.14	93.81	5.9
118.6	136.93	93.96	5.9
118.8	137.56	93.76	5.9
119.0	138.01	93.31	5.9
119.2	138.28	92.73	5.9
119.4	138.3	92.25	5.9
119.6	138.11	91.79	5.9
119.8	137.77	91.26	5.9
120.0	137.3	90.56	5.9
120.2	136.73	89.73	5.9
120.4	136.09	88.83	5.9
120.6	135.41	87.83	5.9
120.8	134.73	86.79	5.9
121.0	134.0	85.83	5.9
121.2	133.21	85.07	5.9
121.4	132.32	84.8	5.9
121.6	131.41	84.61	5.9
121.8	130.5	84.38	5.9
122.0	129.71	83.65	5.9
122.2	128.96	82.75	5.9
122.4	128.22	81.88	5.9
122.6	127.4	81.23	5.9
122.8	126.53	80.86	5.9
123.0	125.71	80.67	5.9
123.2	124.94	80.66	5.9
123.4	124.29	80.83	5.89
123.6	123.86	81.21	5.89
123.8	123.8	81.86	5.9
124.0	124.25	82.83	5.9
124.2	124.98	83.93	5.9
124.4	125.92	85.07	5.91
124.6	127.02	86.13	5.91
124.8	128.22	87.19	5.91
125.0	129.49	88.24	5.92
125.2	130.77	89.26	5.92
125.4	132.0	90.23	5.92
125.6	133.02	91.13	5.93
125.8	133.87	91.93	5.93
126.0	134.66	92.59	5.93
126.2	135.59	93.19	5.94
126.4	136.53	93.54	5.94
126.6	137.34	93.47	5.94
126.8	137.83	92.27	5.95
127.0	138.11	90.67	5.95
127.2	138.27	89.12	5.95
127.4	138.4	88.69	5.96
127.6	138.45	88.59	5.96
127.8	138.4	88.54	5.97
128.0	138.19	88.04	5.97
128.2	137.91	87.35	5.97
128.4	137.58	86.53	5.98
128.6	137.35	85.48	5.98
128.8	137.12	84.39	5.98
129.0	136.85	83.4	5.99
129.2	136.46	82.91	5.99
129.4	135.94	82.84	5.99
129.6	135.35	82.79	6.0
129.8	134.7	82.34	6.0
130.0	133.99	81.23	6.0
130.2	133.28	80.23	6.01
130.4	132.6	79.81	6.01
130.6	131.91	80.68	6.01
130.8	131.46	81.86	6.02
131.0	131.42	82.96	6.02
131.2	132.2	83.12	6.02
131.4	133.32	83.39	6.02
131.6	134.64	84.21	6.02
131.8	135.98	86.55	6.02
132.0	137.32	88.99	6.02
132.2	138.53	90.78	6.02
132.4	139.48	91.03	6.02
132.6	140.29	90.86	6.02
132.8	140.98	90.75	6.02
133.0	141.59	91.05	6.02
133.2	142.06	91.27	6.02
133.4	142.31	91.18	6.02
133.6	142.35	90.7	6.02
133.8	142.25	90.07	6.02
134.0	142.1	89.45	6.02
134.2	141.91	88.91	6.02
134.4	141.63	88.37	6.03
134.6	141.27	87.76	6.03
134.8	140.78	87.07	6.03
135.0	140.22	86.45	6.03
135.2	139.59	85.97	6.03
135.4	138.91	86.06	6.03
135.6	138.18	86.25	6.03
135.8	137.4	86.39	6.03
136.0	136.57	86.06	6.03
136.2	135.7	85.34	6.03
136.4	134.82	84.64	6.03
136.6	133.9	84.19	6.03
136.8	132.95	84.25	6.03
137.0	132.09	84.55	6.03
137.2	131.39	85.05	6.03
137.4	130.93	85.73	6.03
137.6	130.77	86.52	6.03
137.8	131.01	87.37	6.03
138.0	132.01	88.08	6.03
138.2	133.39	88.82	6.03
138.4	134.95	89.71	6.03
138.6	136.44	91.01	6.03
138.8	137.88	92.46	6.03
139.0	139.2	93.91	6.03
139.2	140.28	95.34	6.03
139.4	141.16	96.49	6.03
139.6	141.84	97.14	6.02
139.8	142.31	96.92	6.02
140.0	142.5	96.08	6.02
140.2	142.33	94.56	6.02
140.4	141.53	91.95	6.02
140.6	140.54	89.25	6.02
140.8	139.53	86.89	6.02
141.0	139.14	86.84	6.02
141.2	138.89	87.5	6.02
141.4	138.65	88.41	6.02
141.6	138.27	88.92	6.02
141.8	137.52	88.09	6.02
142.0	136.63	87.04	6.02
142.2	135.62	85.94	6.02
142.4	134.48	85.17	6.02
142.6	133.24	84.84	6.01
142.8	131.98	84.62	6.01
143.0	130.73	84.46	6.01
143.2	129.63	84.28	6.01
143.4	128.61	84.07	6.01
143.6	127.65	83.78	6.01
143.8	126.71	83.33	6.01
144.0	125.73	82.45	6.01
144.2	124.82	81.59	6.01
144.4	124.0	80.9	6.01
144.6	123.18	80.57	6.01
144.8	122.51	80.7	6.01
145.0	122.2	81.33	6.01
145.2	122.5	82.76	6.01
145.4	123.61	85.23	6.01
145.6	125.13	87.93	6.0
145.8	126.93	90.42	6.0
146.0	128.88	92.0	6.0
146.2	130.9	93.41	6.0
146.4	132.89	94.89	6.0
146.6	134.7	96.86	5.99
146.8	136.34	98.7	5.99
147.0	137.74	100.11	5.99
147.2	138.83	100.8	5.99
147.4	139.64	100.94	5.98
147.6	140.16	100.37	5.98
147.8	140.36	98.97	5.98
148.0	140.32	97.23	5.97
148.2	140.06	95.4	5.97
148.4	139.6	94.21	5.97
148.6	139.02	93.18	5.97
148.8	138.34	92.31	5.96
149.0	137.66	91.58	5.96
149.2	137.09	91.03	5.96
149.4	136.51	90.56	5.96
149.6	135.93	90.12	5.95
149.8	135.32	89.68	5.95
150.0	134.65	88.88	5.95
150.2	133.97	88.08	5.95
150.4	133.27	87.39	5.94
150.6	132.57	86.89	5.94
150.8	131.93	87.02	5.94
151.0	131.29	87.44	5.93
151.2	130.65	87.92	5.93
151.4	130.0	88.35	5.93
151.6	129.01	88.02	5.93
151.8	128.13	87.7	5.92
152.0	127.54	87.64	5.92
152.2	127.53	88.34	5.92
152.4	128.18	89.85	5.92
152.6	129.33	91.71	5.91
152.8	131.03	93.77	5.91
153.0	133.35	95.92	5.91
153.2	135.91	97.97	5.91
153.4	138.49	99.71	5.92
153.6	140.81	100.86	5.92
153.8	142.99	101.71	5.92
154.0	144.96	102.35	5.92
154.2	146.66	102.86	5.92
154.4	148.2	103.15	5.93
154.6	149.78	103.32	5.93
154.8	151.45	103.37	5.93
155.0	152.67	102.89	5.93
155.2	152.79	101.25	5.93
155.4	151.53	98.23	5.94
155.6	149.87	94.87	5.94
155.8	148.27	91.71	5.94
156.0	148.48	90.65	5.94
156.2	149.1	90.21	5.95
156.4	149.92	90.21	5.95
156.6	150.75	90.48	5.95
156.8	151.26	90.72	5.95
157.0	150.77	90.39	5.95
157.2	150.06	90.06	5.95
157.4	149.2	89.76	5.95
157.6	148.26	89.51	5.96
157.8	147.42	89.5	5.96
158.0	146.58	89.52	5.96
158.2	145.74	89.5	5.96
158.4	144.92	89.37	5.96
158.6	144.11	88.63	5.96
158.8	143.35	87.84	5.97
159.0	142.63	87.2	5.97
159.2	142.03	87.07	5.97
159.4	141.6	87.82	5.97
159.6	141.17	88.72	5.97
159.8	140.69	89.58	5.97
160.0	139.71	89.63	5.98
160.2	138.71	89.44	5.98
160.4	137.96	89.34	5.98
160.6	137.91	89.69	5.98
160.8	138.6	90.55	5.98
161.0	139.71	91.75	5.98
161.2	141.19	93.42	5.98
161.4	142.97	95.53	5.98
161.6	144.91	97.54	5.98
161.8	146.94	98.92	5.97
162.0	148.94	99.55	5.97
162.2	150.76	99.83	5.97
162.4	152.13	99.98	5.97
162.6	153.09	100.02	5.96
162.8	153.77	99.82	5.96
163.0	154.4	99.27	5.96
163.2	154.78	98.48	5.95
163.4	154.75	97.56	5.95
163.6	153.72	96.75	5.95
163.8	152.19	95.9	5.94
164.0	150.52	94.94	5.94
164.2	149.43	93.46	5.94
164.4	148.83	91.66	5.94
164.6	148.32	89.95	5.93
164.8	147.78	88.52	5.93
165.0	146.77	88.2	5.93
165.2	145.57	88.43	5.92
165.4	144.34	88.94	5.92
165.6	143.17	89.59	5.92
165.8	142.25	90.19	5.92
166.0	141.4	90.71	5.91
166.2	140.61	91.03	5.91
166.4	139.88	90.78	5.91
166.6	139.18	90.06	5.9
166.8	138.47	89.27	5.9
167.0	137.64	88.56	5.9
167.2	136.4	88.05	5.89
167.4	135.42	88.03	5.89
167.6	134.97	88.76	5.89
167.8	135.84	91.44	5.89
168.0	137.25	94.35	5.88
168.2	139.02	96.79	5.88
168.4	140.88	97.0	5.87
168.6	142.83	96.93	5.87
168.8	144.77	97.44	5.86
169.0	146.58	99.56	5.86
169.2	148.23	101.66	5.85
169.4	149.61	102.7	5.85
169.6	150.67	102.36	5.84
169.8	151.41	101.52	5.84
170.0	151.66	100.66	5.83
170.2	151.56	99.81	5.83
170.4	151.33	98.88	5.82
170.6	151.4	97.93	5.82
170.8	151.54	96.95	5.81
171.0	151.53	95.94	5.81
171.2	151.0	94.87	5.8
171.4	150.03	93.79	5.8
171.6	148.87	92.81	5.79
171.8	147.69	92.08	5.79
172.0	146.61	91.74	5.78
172.2	145.54	91.49	5.77
172.4	144.48	91.23	5.77
172.6	143.27	90.45	5.76
172.8	142.19	89.69	5.76
173.0	141.36	89.15	5.75
173.2	141.14	89.28	5.75
173.4	141.36	89.89	5.75
173.6	141.75	90.74	5.76
173.8	142.14	91.75	5.76
174.0	142.46	92.78	5.77
174.2	142.72	93.65	5.77
174.4	142.88	94.04	5.78
174.6	142.9	93.91	5.79
174.8	142.8	93.49	5.79
175.0	142.52	92.85	5.8
175.2	142.07	92.03	5.81
175.4	141.54	91.04	5.82
175.6	141.01	89.8	5.82
175.8	140.53	88.36	5.83
176.0	140.01	86.95	5.84
176.2	139.43	85.81	5.84
176.4	138.76	85.21	5.85
176.6	138.05	84.79	5.86
176.8	137.32	84.47	5.86
177.0	136.6	84.03	5.87
177.2	135.87	83.62	5.87
177.4	135.12	83.24	5.88
177.6	134.34	82.86	5.89
177.8	133.54	82.53	5.89
178.0	132.75	82.3	5.9
178.2	132.0	82.31	5.91
178.4	131.3	82.56	5.91
178.6	130.6	82.82	5.92
178.8	129.84	82.87	5.93
179.0	128.88	82.34	5.93
179.2	128.05	81.9	5.94
179.4	127.51	81.83	5.94
179.6	127.53	82.77	5.95
179.8	127.95	84.07	5.96
180.0	128.83	85.53	5.96
180.2	130.33	86.81	5.96
180.4	132.07	88.21	5.96
180.6	133.87	89.9	5.95
180.8	135.51	92.1	5.94
181.0	137.02	94.07	5.94
181.2	138.2	95.02	5.93
181.4	139.04	94.79	5.92
181.6	139.89	94.48	5.91
181.8	141.16	95.33	5.91
182.0	142.75	96.92	5.9
182.2	144.43	98.36	5.89
182.4	146.26	98.71	5.88
182.6	147.87	98.34	5.88
182.8	148.92	97.42	5.87
183.0	148.64	95.9	5.86
183.2	147.84	94.1	5.85
183.4	146.84	92.24	5.84
183.6	146.12	90.63	5.84
183.8	145.39	89.17	5.83
184.0	144.65	87.94	5.82
184.2	143.94	87.2	5.81
184.4	143.21	86.81	5.81
184.6	142.45	86.64	5.8
184.8	141.61	86.62	5.79
185.0	140.63	86.69	5.78
185.2	139.55	86.79	5.78
185.4	138.39	86.86	5.77
185.6	137.15	86.85	5.76
185.8	135.78	86.51	5.75
186.0	134.37	86.06	5.75
186.2	132.99	85.53	5.74
186.4	131.67	84.94	5.73
186.6	130.51	84.32	5.72
186.8	129.45	83.74	5.72
187.0	128.48	83.22	5.71
187.2	127.62	82.9	5.7
187.4	126.86	82.77	5.69
187.6	126.24	82.74	5.69
187.8	125.77	82.81	5.68
188.0	125.44	83.02	5.67
188.2	125.32	83.23	5.66
188.4	125.45	83.39	5.66
188.6	125.9	83.0	5.65
188.8	126.65	82.63	5.64
189.0	127.71	82.68	5.63
189.2	129.18	84.21	5.63
189.4	130.94	86.5	5.63
189.6	132.82	88.77	5.63
189.8	134.67	90.04	5.64
190.0	136.45	90.51	5.64
190.2	138.13	90.45	5.64
190.4	139.64	89.91	5.64
190.6	140.95	88.99	5.65
190.8	142.0	87.79	5.65
191.0	142.69	86.39	5.65
191.2	143.06	84.91	5.65
191.4	143.16	83.45	5.65
191.6	143.0	82.27	5.66
191.8	142.59	81.41	5.66
192.0	142.02	80.66	5.66
192.2	141.32	79.99	5.66
192.4	140.63	79.1	5.66
192.6	139.88	78.26	5.67
192.8	139.08	77.56	5.67
193.0	138.25	77.15	5.67
193.2	137.41	77.32	5.67
193.4	136.54	77.57	5.67
193.6	135.66	77.77	5.68
193.8	134.74	77.45	5.68
194.0	133.8	76.58	5.68
194.2	132.91	75.72	5.68
194.4	132.13	75.05	5.68
194.6	131.51	75.18	5.69
194.8	131.07	75.71	5.69
195.0	130.82	76.45	5.69
195.2	130.83	77.21	5.69
195.4	131.12	77.91	5.69
195.6	131.58	78.7	5.7
195.8	132.17	79.61	5.7
196.0	132.85	80.79	5.7
196.2	133.59	81.97	5.7
196.4	134.34	83.08	5.7
196.6	134.99	83.85	5.71
196.8	135.63	84.46	5.71
197.0	136.27	84.96	5.71
197.2	137.01	85.52	5.71
197.4	137.74	85.96	5.71
197.6	138.38	86.16	5.72
197.8	138.82	85.78	5.72
198.0	139.11	85.13	5.72
198.2	139.28	84.44	5.72
198.4	139.42	84.13	5.72
198.6	139.43	84.0	5.73
198.8	139.26	83.87	5.73
199.0	138.71	83.51	5.73
199.2	137.87	82.98	5.73
199.4	136.88	82.35	5.74
199.6	135.85	81.65	5.74
199.8	134.89	80.85	5.74
200.0	133.94	80.12	5.74
200.2	133.02	79.53	5.74
200.4	132.19	79.37	5.75
200.6	131.44	79.58	5.75
200.8	130.71	79.92	5.75
201.0	130.01	80.27	5.75
201.2	129.22	80.34	5.75
201.4	128.42	80.26	5.76
201.6	127.68	80.16	5.76
201.8	127.04	80.09	5.76
202.0	126.63	80.16	5.76
202.2	126.35	80.31	5.76
202.4	126.21	80.51	5.77
202.6	126.18	80.78	5.77
202.8	126.28	81.12	5.77
203.0	126.52	81.48	5.77
203.2	126.94	81.81	5.77
203.4	127.58	82.03	5.78
203.6	128.3	82.3	5.78
203.8	129.05	82.71	5.78
204.0	129.67	83.48	5.78
204.2	130.27	84.34	5.78
204.4	130.82	85.2	5.79
204.6	131.21	85.85	5.79
204.8	131.64	86.45	5.79
205.0	132.19	87.04	5.79
205.2	133.06	87.5	5.79
205.4	134.13	88.11	5.79
205.6	135.38	89.01	5.79
205.8	137.01	90.95	5.79
206.0	138.65	92.94	5.8
206.2	140.1	94.6	5.8
206.4	141.07	95.23	5.8
206.6	141.69	95.22	5.8
206.8	141.92	94.51	5.8
207.0	141.64	92.89	5.8
207.2	141.07	90.87	5.8
207.4	140.31	88.71	5.8
207.6	139.57	86.91	5.8
207.8	138.76	85.27	5.8
208.0	137.86	83.87	5.8
208.2	136.87	82.94	5.8
208.4	135.81	82.48	5.8
208.6	134.73	82.25	5.8
208.8	133.67	82.19	5.8
209.0	132.71	82.09	5.8
209.2	131.83	81.98	5.8
209.4	131.0	81.94	5.81
209.6	130.21	81.96	5.81
209.8	129.48	82.13	5.81
210.0	128.77	82.37	5.81
210.2	128.06	82.58	5.81
210.4	127.34	82.71	5.81
210.6	126.46	82.44	5.81
210.8	125.58	82.08	5.81
211.0	124.74	81.75	5.81
211.2	123.95	81.55	5.81
211.4	123.25	81.53	5.81
211.6	122.76	81.86	5.81
211.8	122.59	82.63	5.81
212.0	122.96	84.33	5.81
212.2	123.73	86.52	5.81
212.4	124.86	88.98	5.81
212.6	126.46	91.53	5.81
212.8	128.35	94.09	5.81
213.0	130.33	96.55	5.81
213.2	132.2	98.86	5.82
213.4	133.89	100.86	5.82
213.6	135.39	102.35	5.82
213.8	136.71	102.89	5.82
214.0	137.71	102.61	5.82
214.2	138.25	101.77	5.82
214.4	137.83	100.4	5.82
214.6	136.67	98.68	5.82
214.8	135.3	96.85	5.82
215.0	134.32	95.24	5.82
215.2	134.29	94.18	5.82
215.4	134.43	93.36	5.82
215.6	134.6	92.73	5.82
215.8	134.44	92.28	5.82
216.0	133.67	91.99	5.82
216.2	132.84	91.81	5.82
216.4	132.06	91.7	5.82
216.6	131.5	91.39	5.83
216.8	131.22	91.09	5.83
217.0	131.27	91.04	5.83
217.2	131.84	91.57	5.83
217.4	133.07	92.99	5.83
217.6	134.66	94.54	5.83
217.8	136.52	95.93	5.83
218.0	138.61	96.56	5.83
218.2	140.75	96.86	5.84
218.4	142.82	96.85	5.84
218.6	144.61	96.55	5.84
218.8	146.13	96.0	5.84
219.0	147.34	95.21	5.84
219.2	148.07	94.31	5.85
219.4	148.41	93.2	5.85
219.6	148.4	91.85	5.85
219.8	147.95	89.96	5.85
220.0	147.2	87.76	5.85
220.2	146.3	85.56	5.86
220.4	145.43	83.62	5.86
220.6	144.93	82.44	5.86
220.8	144.45	81.57	5.86
221.0	143.92	80.96	5.86
221.2	143.23	80.55	5.87
221.4	142.23	80.28	5.87
221.6	141.1	80.13	5.87
221.8	139.9	80.05	5.87
222.0	138.63	79.94	5.87
222.2	137.32	79.76	5.87
222.4	136.03	79.64	5.88
222.6	134.81	79.57	5.88
222.8	133.59	79.61	5.88
223.0	132.55	79.75	5.88
223.2	131.79	80.01	5.88
223.4	131.52	80.32	5.88
223.6	131.75	80.76	5.88
223.8	132.38	81.55	5.88
224.0	133.48	83.09	5.88
224.2	135.03	85.51	5.88
224.4	136.73	88.03	5.88
224.6	138.37	90.08	5.87
224.8	139.79	91.3	5.87
225.0	140.99	92.23	5.87
225.2	141.8	93.14	5.86
225.4	142.16	94.15	5.86
225.6	142.25	94.88	5.86
225.8	142.17	95.01	5.85
226.0	141.99	94.32	5.85
226.2	141.67	93.34	5.85
226.4	141.2	92.28	5.85
226.6	140.44	91.74	5.84
226.8	139.65	91.27	5.84
227.0	138.9	90.79	5.84
227.2	138.34	89.93	5.83
227.4	138.04	88.89	5.83
227.6	138.01	88.17	5.83
227.8	138.4	88.27	5.82
228.0	139.33	89.72	5.82
228.2	140.51	91.44	5.82
228.4	141.81	92.99	5.82
228.6	143.08	93.7	5.81
228.8	144.33	94.02	5.81
229.0	145.53	93.95	5.81
229.2	146.64	93.31	5.8
229.4	147.59	92.42	5.8
229.6	148.34	91.41	5.8
229.8	148.74	90.78	5.79
230.0	148.88	90.13	5.79
230.2	148.78	89.31	5.79
230.4	148.43	87.83	5.79
230.6	147.85	85.83	5.78
230.8	147.11	83.81	5.78
231.0	146.26	82.0	5.78
231.2	145.39	81.32	5.77
231.4	144.47	81.0	5.77
231.6	143.51	80.92	5.77
231.8	142.56	80.97	5.76
232.0	141.65	81.0	5.76
232.2	140.73	81.01	5.76
232.4	139.78	80.93	5.76
232.6	138.73	80.46	5.75
232.8	137.62	79.7	5.75
233.0	136.56	78.95	5.75
233.2	135.6	78.36	5.74
233.4	134.74	78.21	5.74
233.6	134.13	78.37	5.74
233.8	133.85	78.88	5.73
234.0	134.22	79.95	5.73
234.2	135.04	81.4	5.74
234.4	136.08	83.05	5.74
234.6	137.15	84.73	5.74
234.8	138.17	86.35	5.74
235.0	139.21	87.82	5.74
235.2	140.25	88.94	5.75
235.4	141.28	89.66	5.75
235.6	142.26	90.18	5.75
235.8	143.19	90.6	5.75
236.0	144.05	90.98	5.76
236.2	144.75	91.24	5.76
236.4	145.15	91.39	5.76
236.6	145.2	91.41	5.76
236.8	145.12	91.2	5.77
237.0	145.06	90.57	5.77
237.2	145.19	89.26	5.77
237.4	145.3	87.85	5.77
237.6	145.34	86.55	5.78
237.8	145.15	86.19	5.78
238.0	144.82	86.14	5.78
238.2	144.37	86.18	5.78
238.4	143.81	86.03	5.79
238.6	143.15	85.53	5.79
238.8	142.43	84.91	5.79
239.0	141.69	84.21	5.79
239.2	141.02	83.28	5.8
239.4	140.37	82.37	5.8
239.6	139.72	81.62	5.8
239.8	138.98	81.33	5.8
240.0	138.16	81.56	5.8
240.2	137.49	81.99	5.81
240.4	137.15	82.48	5.81
240.6	137.47	82.8	5.81
240.8	138.02	83.17	5.81
241.0	138.68	83.6	5.82
241.2	139.17	84.23	5.82
241.4	139.67	84.92	5.82
241.6	140.19	85.64	5.82
241.8	140.83	86.48	5.82
242.0	141.43	87.21	5.83
242.2	141.9	87.72	5.83
242.4	142.02	87.5	5.83
242.6	141.92	87.03	5.83
242.8	141.68	86.55	5.84
243.0	141.33	86.71	5.84
243.2	140.88	87.05	5.84
243.4	140.37	87.25	5.84
243.6	139.83	86.75	5.85
243.8	139.27	85.71	5.85
244.0	138.68	84.5	5.85
244.2	138.06	83.31	5.85
244.4	137.43	82.33	5.86
244.6	136.76	81.56	5.86
244.8	136.05	81.11	5.86
245.0	135.17	81.43	5.86
245.2	134.28	82.07	5.86
245.4	133.44	82.83	5.87
245.6	132.75	83.4	5.87
245.8	132.23	83.73	5.87
246.0	131.86	83.95	5.87
246.2	131.67	83.99	5.88
246.4	131.68	83.79	5.88
246.6	131.83	83.65	5.88
246.8	132.12	83.77	5.88
247.0	132.58	84.52	5.88
247.2	133.09	85.47	5.89
247.4	133.56	86.54	5.89
247.6	133.65	87.4	5.89
247.8	133.8	88.32	5.89
248.0	134.16	89.36	5.9
248.2	135.15	90.97	5.9
248.4	136.42	92.51	5.9
248.6	137.91	93.7	5.9
248.8	139.58	93.61	5.9
249.0	141.3	93.29	5.9
249.2	142.96	93.17	5.9
249.4	144.39	94.14	5.9
249.6	145.67	95.16	5.9
249.8	146.81	95.84	5.9
250.0	147.79	95.71	5.9
250.2	148.58	95.12	5.9
250.4	149.16	93.99	5.9
250.6	149.49	92.29	5.9
250.8	149.62	90.42	5.9
251.0	149.55	88.69	5.9
251.2	149.32	87.45	5.9
251.4	148.9	86.41	5.9
251.6	148.29	85.54	5.9
251.8	147.43	84.81	5.9
252.0	146.41	84.21	5.9
252.2	145.27	83.74	5.9
252.4	144.06	83.37	5.9
252.6	142.86	83.14	5.9
252.8	141.64	82.96	5.9
253.0	140.41	82.83	5.9
253.2	139.2	82.69	5.9
253.4	138.05	82.46	5.9
253.6	136.92	82.21	5.9
253.8	135.78	81.96	5.9
254.0	134.56	81.67	5.9
254.2	133.1	81.24	5.9
254.4	131.79	80.96	5.9
254.6	130.8	80.95	5.9
254.8	130.61	81.57	5.9
255.0	130.97	82.64	5.9
255.2	131.54	83.96	5.9
255.4	132.08	85.46	5.9
255.6	132.46	87.04	5.9
255.8	132.77	88.55	5.9
256.0	132.93	89.79	5.9
256.2	132.83	90.5	5.9
256.4	132.68	90.98	5.9
256.6	132.54	91.3	5.9
256.8	132.58	91.48	5.9
257.0	132.7	91.66	5.9
257.2	132.89	91.92	5.9
257.4	133.13	92.53	5.9
257.6	133.45	93.33	5.9
257.8	133.84	94.25	5.9
258.0	134.16	95.24	5.9
258.2	134.6	96.25	5.9
258.4	135.38	97.2	5.9
258.6	136.95	97.87	5.9
258.8	139.08	98.38	5.9
259.0	141.47	98.91	5.89
259.2	143.98	99.93	5.89
259.4	146.39	101.04	5.89
259.6	148.49	101.81	5.88
259.8	150.15	101.76	5.87
260.0	151.06	100.95	5.87
260.2	150.94	99.35	5.86
260.4	148.37	96.18	5.86
260.6	144.91	92.46	5.85
260.8	141.15	88.64	5.85
261.0	139.23	86.3	5.84
261.2	138.35	84.87	5.84
261.4	137.95	83.95	5.83
261.6	137.82	83.4	5.83
261.8	137.79	83.12	5.82
262.0	136.97	82.68	5.82
262.2	136.09	82.34	5.81
262.4	135.19	82.1	5.81
262.6	134.32	81.91	5.8
262.8	133.57	81.7	5.8
263.0	132.94	81.46	5.79
263.2	132.33	81.25	5.79
263.4	131.7	81.06	5.78
263.6	130.96	80.83	5.78
263.8	130.08	80.59	5.77
264.0	129.25	80.48	5.77
264.2	128.5	80.55	5.76
264.4	127.88	80.88	5.76
264.6	127.47	81.51	5.75
264.8	127.35	82.52	5.75
265.0	127.69	84.3	5.74
265.2	128.51	86.71	5.74
265.4	129.62	89.06	5.74
265.6	130.94	90.72	5.74
265.8	132.43	91.13	5.74
266.0	133.99	91.39	5.74
266.2	135.57	92.11	5.74
266.4	137.09	93.86	5.74
266.6	138.51	95.63	5.74
266.8	139.82	96.92	5.74
267.0	140.97	97.28	5.74
267.2	141.82	97.16	5.74
267.4	142.18	96.61	5.74
267.6	141.87	95.64	5.74
267.8	141.22	94.46	5.74
268.0	140.36	93.19	5.74
268.2	139.52	92.12	5.74
268.4	138.6	91.08	5.74
268.6	137.64	90.09	5.74
268.8	136.71	89.14	5.74
269.0	135.84	88.24	5.74
269.2	134.98	87.46	5.74
269.4	134.13	86.83	5.74
269.6	133.22	86.41	5.74
269.8	132.26	86.27	5.74
270.0	131.36	86.32	5.74
270.2	130.58	86.54	5.74
270.4	129.92	86.85	5.74
270.6	129.48	87.31	5.74
270.8	129.33	88.02	5.75
271.0	129.61	89.14	5.75
271.2	130.49	90.88	5.75
271.4	131.7	92.68	5.75
271.6	133.16	94.31	5.75
271.8	134.83	95.11	5.75
272.0	136.58	95.75	5.75
272.2	138.29	96.4	5.76
272.4	139.76	97.92	5.76
272.6	141.06	99.27	5.76
272.8	142.17	100.07	5.76
273.0	143.08	98.95	5.76
273.2	143.76	97.19	5.77
273.4	144.17	95.2	5.77
273.6	144.18	93.9	5.77
273.8	143.89	92.98	5.77
274.0	143.43	92.23	5.77
274.2	142.85	91.55	5.77
274.4	142.23	90.86	5.78
274.6	141.62	90.3	5.78
274.8	141.08	89.9	5.78
275.0	140.79	89.85	5.78
275.2	140.68	89.99	5.78
275.4	140.7	90.2	5.78
275.6	140.85	90.35	5.79
275.8	141.14	90.32	5.79
276.0	141.44	90.26	5.79
276.2	141.65	90.22	5.79
276.4	141.57	90.42	5.79
276.6	141.37	90.55	5.79
276.8	141.07	90.5	5.8
277.0	140.75	89.9	5.8
277.2	140.37	88.95	5.8
277.4	139.89	87.81	5.8
277.6	139.25	86.52	5.8
277.8	138.44	85.18	5.8
278.0	137.55	83.92	5.81
278.2	136.61	82.84	5.81
278.4	135.7	82.4	5.81
278.6	134.8	82.17	5.81
278.8	133.89	82.04	5.81
279.0	133.01	81.83	5.81
279.2	132.15	81.5	5.82
279.4	131.27	81.06	5.82
279.6	130.34	80.42	5.82
279.8	129.22	79.24	5.82
280.0	128.16	78.14	5.82
280.2	127.27	77.35	5.82
280.4	126.78	77.56	5.83
280.6	126.6	78.35	5.83
280.8	126.66	79.45	5.83
281.0	127.01	80.63	5.83
281.2	127.6	81.83	5.83
281.4	128.33	83.07	5.83
281.6	129.16	84.3	5.82
281.8	130.03	85.49	5.82
282.0	130.93	86.61	5.82
282.2	131.8	87.76	5.82
282.4	132.61	88.82	5.82
282.6	133.37	89.49	5.82
282.8	134.11	89.19	5.82
283.0	134.78	88.06	5.81
283.2	135.25	86.75	5.81
283.4	135.33	86.0	5.81
283.6	135.03	85.86	5.81
283.8	134.55	85.75	5.81
284.0	134.06	85.18	5.81
284.2	133.64	83.91	5.81
284.4	133.22	82.65	5.81
284.6	132.8	81.64	5.8
284.8	132.23	81.61	5.8
285.0	131.8	82.0	5.8
285.2	131.62	82.74	5.8
285.4	132.11	83.85	5.8
285.6	132.97	85.16	5.8
285.8	133.94	86.51	5.8
286.0	134.77	87.82	5.79
286.2	135.46	88.91	5.79
286.4	136.07	89.61	5.79
286.6	136.63	89.37	5.79
286.8	137.1	88.42	5.79
287.0	137.41	87.34	5.79
287.2	137.44	86.79	5.79
287.4	137.19	86.81	5.79
287.6	136.83	86.88	5.78
287.8	136.42	86.67	5.78
