0.2	114.51	47.83	4.65
0.4	115.75	49.39	4.64
0.6	116.74	50.5	4.64
0.8	117.5	51.22	4.64
1.0	118.05	51.6	4.63
1.2	118.41	51.68	4.62
1.4	118.6	51.53	4.62
1.6	118.65	51.18	4.61
1.8	118.58	50.69	4.6
2.0	118.41	50.1	4.6
2.2	118.11	49.49	4.59
2.4	117.71	48.89	4.59
2.6	117.31	48.34	4.58
2.8	116.99	47.89	4.58
3.0	116.79	47.57	4.58
3.2	117.22	47.8	4.58
3.4	117.91	48.28	4.58
3.6	118.62	48.83	4.58
3.8	119.25	49.35	4.59
4.0	119.7	49.77	4.59
4.2	119.13	49.52	4.59
4.4	118.2	49.01	4.59
4.6	117.18	48.45	4.6
4.8	116.21	47.9	4.6
5.0	115.39	47.43	4.6
5.2	115.51	47.56	4.6
5.4	115.86	47.81	4.61
5.6	116.31	48.09	4.61
5.8	116.8	48.33	4.61
6.0	117.08	48.33	4.62
6.2	117.06	47.99	4.62
6.4	116.95	47.56	4.62
6.6	116.79	47.07	4.62
6.8	116.58	46.55	4.63
7.0	116.31	46.07	4.63
7.2	116.01	45.64	4.63
7.4	115.75	45.29	4.63
7.6	115.59	45.02	4.64
7.8	115.54	44.86	4.64
8.0	116.1	45.07	4.64
8.2	116.78	45.41	4.65
8.4	117.48	45.82	4.65
8.6	118.11	46.25	4.65
8.8	118.57	46.65	4.65
9.0	118.08	46.73	4.66
9.2	117.43	46.77	4.66
9.4	116.73	46.8	4.66
9.6	116.08	46.87	4.66
9.8	115.7	47.03	4.66
10.0	116.04	47.46	4.66
10.2	116.52	47.93	4.66
10.4	117.06	48.39	4.66
10.6	117.59	48.82	4.66
10.8	117.78	49.05	4.66
11.0	117.66	49.1	4.66
11.2	117.48	49.09	4.66
11.4	117.26	49.03	4.66
11.6	117.04	48.94	4.66
11.8	116.98	48.9	4.66
12.0	117.08	48.92	4.66
12.2	117.23	48.91	4.66
12.4	117.42	48.88	4.66
12.6	117.64	48.8	4.66
12.8	117.97	48.62	4.66
13.0	118.31	48.35	4.66
13.2	118.62	48.05	4.66
13.4	118.84	47.7	4.66
13.6	118.95	47.33	4.66
13.8	118.51	46.82	4.66
14.0	117.86	46.3	4.66
14.2	117.2	45.83	4.66
14.4	116.62	45.47	4.66
14.6	116.23	45.26	4.66
14.8	116.76	45.69	4.66
15.0	117.56	46.29	4.66
15.2	118.42	46.92	4.66
15.4	119.22	47.48	4.66
15.6	119.78	47.8	4.66
15.8	119.48	47.29	4.66
16.0	118.99	46.64	4.66
16.2	118.37	45.92	4.66
16.4	117.7	45.23	4.66
16.6	117.07	44.74	4.66
16.8	116.64	44.7	4.66
17.0	116.29	44.8	4.66
17.2	116.06	45.03	4.66
17.4	115.97	45.4	4.65
17.6	116.32	45.99	4.65
17.8	116.93	46.72	4.65
18.0	117.56	47.44	4.65
18.2	118.12	48.1	4.65
18.4	118.53	48.63	4.65
18.6	118.03	48.49	4.65
18.8	117.26	48.14	4.65
19.0	116.46	47.76	4.65
19.2	115.74	47.41	4.65
19.4	115.3	47.25	4.64
19.6	115.83	47.78	4.64
19.8	116.52	48.41	4.64
20.0	117.26	49.06	4.64
20.2	117.94	49.67	4.64
20.4	118.09	49.94	4.64
20.6	117.8	49.9	4.64
20.8	117.38	49.75	4.64
21.0	116.88	49.5	4.64
21.2	116.35	49.17	4.64
21.4	115.96	48.8	4.64
21.6	115.65	48.42	4.63
21.8	115.42	48.04	4.63
22.0	115.29	47.69	4.63
22.2	115.42	47.51	4.63
22.4	115.83	47.51	4.63
22.6	116.28	47.53	4.62
22.8	116.72	47.54	4.62
23.0	117.07	47.5	4.62
23.2	116.92	47.13	4.61
23.4	116.58	46.64	4.61
23.6	116.16	46.14	4.6
23.8	115.73	45.66	4.6
24.0	115.33	45.27	4.6
24.2	115.12	45.17	4.6
24.4	115.02	45.18	4.6
24.6	115.03	45.28	4.6
24.8	115.18	45.47	4.61
25.0	115.71	45.85	4.61
25.2	116.51	46.35	4.62
25.4	117.34	46.83	4.62
25.6	118.09	47.21	4.63
25.8	118.67	47.42	4.63
26.0	118.36	46.83	4.64
26.2	117.9	46.13	4.64
26.4	117.42	45.44	4.65
26.6	117.03	44.89	4.65
26.8	117.12	44.94	4.66
27.0	117.75	45.62	4.67
27.2	118.51	46.46	4.67
27.4	119.34	47.35	4.68
27.6	120.16	48.18	4.69
27.8	120.7	48.5	4.69
28.0	121.14	48.68	4.7
28.2	121.48	48.76	4.71
28.4	121.7	48.75	4.71
28.6	121.74	48.63	4.72
28.8	121.61	48.44	4.73
29.0	121.35	48.24	4.73
29.2	120.97	48.08	4.74
29.4	120.48	47.99	4.75
29.6	119.67	48.16	4.75
29.8	118.77	48.47	4.75
30.0	117.91	48.87	4.76
30.2	117.19	49.36	4.76
30.4	116.79	49.96	4.76
30.6	117.04	50.77	4.75
30.8	117.45	51.52	4.74
31.0	117.93	52.15	4.74
31.2	118.41	52.54	4.73
31.4	118.6	52.19	4.72
31.6	118.68	51.6	4.71
31.8	118.66	50.85	4.69
32.0	118.51	49.99	4.68
32.2	118.12	49.15	4.67
32.4	117.52	48.37	4.66
32.6	116.85	47.69	4.64
32.8	116.15	47.14	4.63
33.0	115.47	46.78	4.62
33.2	114.96	47.05	4.62
33.4	114.54	47.54	4.61
33.6	114.19	48.11	4.61
33.8	113.91	48.68	4.61
34.0	113.8	48.95	4.61
34.2	113.84	48.88	4.61
34.4	113.9	48.72	4.61
34.6	113.92	48.52	4.62
34.8	113.86	48.3	4.62
35.0	113.32	48.11	4.63
35.2	112.51	47.98	4.63
35.4	111.72	47.97	4.63
35.6	111.01	48.12	4.64
35.8	110.49	48.46	4.64
36.0	110.7	49.58	4.64
36.2	111.22	50.91	4.64
36.4	111.86	52.22	4.64
36.6	112.54	53.35	4.64
36.8	113.09	53.85	4.64
37.0	113.4	53.47	4.64
37.2	113.62	52.81	4.65
37.4	113.75	51.99	4.65
37.6	113.77	51.11	4.65
37.8	113.5	50.51	4.65
38.0	113.12	50.06	4.65
38.2	112.78	49.7	4.66
38.4	112.53	49.44	4.66
38.6	112.59	49.36	4.67
38.8	113.22	49.58	4.67
39.0	113.96	49.83	4.68
39.2	114.73	50.02	4.68
39.4	115.44	50.1	4.69
39.6	115.74	49.55	4.69
39.8	115.88	48.83	4.7
40.0	115.87	48.04	4.7
40.2	115.71	47.25	4.71
40.4	115.3	46.55	4.71
40.6	114.55	46.06	4.71
40.8	113.77	45.72	4.72
41.0	113.08	45.56	4.72
41.2	112.55	45.62	4.72
41.4	112.73	46.29	4.72
41.6	113.32	47.29	4.73
41.8	114.03	48.32	4.73
42.0	114.76	49.28	4.73
42.2	115.33	49.85	4.73
42.4	115.39	49.49	4.73
42.6	115.34	48.96	4.73
42.8	115.21	48.35	4.73
43.0	115.04	47.8	4.74
43.2	114.77	47.65	4.74
43.4	114.51	47.87	4.74
43.6	114.39	48.28	4.74
43.8	114.51	48.85	4.74
44.0	115.08	49.65	4.74
44.2	116.55	50.84	4.73
44.4	118.22	52.03	4.73
44.6	119.93	53.1	4.73
44.8	121.53	53.93	4.72
45.0	122.39	53.76	4.72
45.2	122.91	53.21	4.72
45.4	123.15	52.44	4.71
45.6	123.14	51.54	4.71
45.8	122.81	50.67	4.7
46.0	122.07	50.0	4.7
46.2	121.2	49.42	4.69
46.4	120.32	48.95	4.69
46.6	119.52	48.63	4.69
46.8	119.23	48.74	4.69
47.0	119.28	49.12	4.69
47.2	119.42	49.55	4.7
47.4	119.59	49.96	4.7
47.6	119.69	50.19	4.7
47.8	119.58	49.92	4.71
48.0	119.36	49.53	4.71
48.2	119.03	49.05	4.71
48.4	118.58	48.52	4.72
48.6	117.9	47.98	4.72
48.8	116.8	47.45	4.72
49.0	115.66	47.01	4.72
49.2	114.59	46.68	4.72
49.4	113.65	46.52	4.72
49.6	113.27	46.83	4.72
49.8	113.4	47.55	4.72
50.0	113.68	48.36	4.72
50.2	114.03	49.17	4.71
50.4	114.38	49.89	4.71
50.6	114.34	49.94	4.7
50.8	114.17	49.76	4.7
51.0	113.91	49.49	4.7
51.2	113.59	49.16	4.69
51.4	113.2	48.85	4.69
51.6	112.62	48.73	4.68
51.8	112.06	48.68	4.68
52.0	111.56	48.73	4.67
52.2	111.2	48.9	4.67
52.4	111.17	49.35	4.67
52.6	111.49	50.05	4.67
52.8	111.97	50.79	4.67
53.0	112.56	51.5	4.67
53.2	113.23	52.06	4.67
53.4	113.94	52.23	4.68
53.6	114.64	52.25	4.68
53.8	115.32	52.14	4.68
54.0	115.93	51.92	4.68
54.2	116.34	51.55	4.68
54.4	116.54	51.08	4.68
54.6	116.64	50.59	4.69
54.8	116.65	50.13	4.69
55.0	116.57	49.74	4.69
55.2	116.29	49.65	4.69
55.4	115.96	49.7	4.69
55.6	115.68	49.86	4.69
55.8	115.5	50.12	4.69
56.0	115.63	50.52	4.69
56.2	116.24	51.1	4.69
56.4	116.93	51.66	4.69
56.6	117.63	52.13	4.69
56.8	118.23	52.45	4.69
57.0	118.36	52.16	4.7
57.2	118.29	51.63	4.7
57.4	118.06	50.99	4.7
57.6	117.69	50.3	4.7
57.8	117.19	49.64	4.7
58.0	116.52	49.14	4.7
58.2	115.8	48.74	4.7
58.4	115.09	48.47	4.7
58.6	114.43	48.36	4.71
58.8	113.98	48.63	4.71
59.0	113.7	49.14	4.71
59.2	113.5	49.74	4.72
59.4	113.41	50.39	4.72
59.6	113.44	50.98	4.73
59.8	113.62	51.44	4.73
60.0	113.83	51.82	4.74
60.2	114.01	52.11	4.74
60.4	114.14	52.29	4.74
60.6	113.93	52.12	4.75
60.8	113.54	51.77	4.75
61.0	113.1	51.4	4.75
61.2	112.66	51.07	4.76
61.4	112.27	50.85	4.76
61.6	112.06	51.13	4.76
61.8	111.96	51.57	4.76
62.0	111.98	52.09	4.76
62.2	112.15	52.66	4.76
62.4	112.56	53.22	4.76
62.6	113.27	53.74	4.75
62.8	114.05	54.19	4.75
63.0	114.84	54.53	4.75
63.2	115.59	54.71	4.75
63.4	116.05	54.48	4.74
63.6	116.41	54.1	4.74
63.8	116.66	53.62	4.74
64.0	116.79	53.07	4.73
64.2	116.75	52.5	4.73
64.4	116.53	51.97	4.73
64.6	116.24	51.48	4.72
64.8	115.91	51.06	4.72
65.0	115.6	50.74	4.72
65.2	115.36	50.69	4.72
65.4	115.19	50.79	4.73
65.6	115.12	50.99	4.74
65.8	115.16	51.28	4.74
66.0	115.47	51.67	4.75
66.2	116.11	52.15	4.76
66.4	116.8	52.62	4.76
66.6	117.46	53.03	4.77
66.8	118.03	53.31	4.77
67.0	118.12	53.12	4.78
67.2	117.98	52.73	4.79
67.4	117.71	52.27	4.79
67.6	117.33	51.81	4.8
67.8	116.89	51.45	4.8
68.0	116.37	51.37	4.8
68.2	115.86	51.38	4.8
68.4	115.42	51.48	4.8
68.6	115.09	51.66	4.8
68.8	115.19	52.0	4.8
69.0	115.48	52.41	4.8
69.2	115.82	52.83	4.79
69.4	116.15	53.21	4.79
69.6	116.33	53.43	4.78
69.8	116.26	53.41	4.78
70.0	116.08	53.34	4.78
70.2	115.82	53.23	4.77
70.4	115.48	53.12	4.77
70.6	115.0	53.12	4.77
70.8	114.43	53.19	4.76
71.0	113.86	53.31	4.76
71.2	113.32	53.47	4.76
71.4	112.86	53.67	4.76
71.6	112.77	54.0	4.76
71.8	112.74	54.34	4.77
72.0	112.73	54.67	4.78
72.2	112.7	54.96	4.78
72.4	112.51	55.08	4.79
72.6	112.19	55.06	4.79
72.8	111.76	54.99	4.8
73.0	111.22	54.89	4.8
73.2	110.57	54.77	4.81
73.4	109.54	54.67	4.81
73.6	108.41	54.59	4.82
73.8	107.3	54.55	4.82
74.0	106.31	54.55	4.82
74.2	105.61	54.65	4.83
74.4	105.65	55.02	4.83
74.6	105.84	55.38	4.83
74.8	106.08	55.69	4.84
75.0	106.27	55.88	4.84
75.2	106.02	55.62	4.84
75.4	105.37	54.98	4.84
75.6	104.62	54.26	4.85
75.8	103.84	53.53	4.85
76.0	103.07	52.87	4.85
76.2	102.43	52.62	4.85
76.4	101.92	52.57	4.85
76.6	101.58	52.66	4.85
76.8	101.45	52.87	4.85
77.0	101.78	53.24	4.85
77.2	102.7	53.81	4.85
77.4	103.74	54.39	4.84
77.6	104.8	54.9	4.84
77.8	105.75	55.29	4.83
78.0	105.97	55.15	4.83
78.2	105.79	54.72	4.82
78.4	105.5	54.18	4.82
78.6	105.18	53.61	4.82
78.8	104.96	53.1	4.81
79.0	105.18	52.95	4.81
79.2	105.51	52.85	4.81
79.4	105.92	52.77	4.8
79.6	106.37	52.67	4.8
79.8	106.88	52.43	4.8
80.0	107.4	52.08	4.8
80.2	107.87	51.72	4.79
80.4	108.24	51.37	4.79
80.6	108.49	51.04	4.79
80.8	108.21	50.76	4.79
81.0	107.78	50.56	4.79
81.2	107.31	50.45	4.79
81.4	106.89	50.46	4.78
81.6	106.65	50.69	4.78
81.8	106.78	51.25	4.78
82.0	107.05	51.88	4.78
82.2	107.44	52.54	4.78
82.4	107.96	53.17	4.78
82.6	108.7	53.53	4.78
82.8	109.52	53.76	4.78
83.0	110.33	53.89	4.78
83.2	111.09	53.92	4.78
83.4	111.67	53.84	4.78
83.6	111.74	53.54	4.78
83.8	111.71	53.2	4.78
84.0	111.61	52.86	4.78
84.2	111.52	52.57	4.78
84.4	111.59	52.49	4.78
84.6	111.87	52.67	4.78
84.8	112.18	52.9	4.78
85.0	112.5	53.11	4.79
85.2	112.8	53.27	4.79
85.4	113.04	53.14	4.79
85.6	113.2	52.93	4.8
85.8	113.27	52.65	4.8
86.0	113.22	52.32	4.8
86.2	112.89	51.96	4.8
86.4	112.27	51.57	4.81
86.6	111.58	51.2	4.81
86.8	110.88	50.86	4.81
87.0	110.24	50.59	4.82
87.2	109.98	50.53	4.82
87.4	109.9	50.58	4.82
87.6	109.87	50.67	4.83
87.8	109.85	50.78	4.83
88.0	109.79	50.85	4.83
88.2	109.57	50.79	4.84
88.4	109.3	50.72	4.84
88.6	108.96	50.63	4.84
88.8	108.54	50.54	4.85
89.0	107.96	50.43	4.85
89.2	107.16	50.3	4.85
89.4	106.36	50.23	4.85
89.6	105.64	50.23	4.85
89.8	105.03	50.34	4.85
90.0	104.84	50.74	4.85
90.2	104.94	51.33	4.85
90.4	105.18	52.0	4.85
90.6	105.5	52.68	4.85
90.8	105.87	53.34	4.84
91.0	106.22	53.89	4.84
91.2	106.56	54.36	4.84
91.4	106.85	54.72	4.83
91.6	107.08	54.94	4.83
91.8	107.1	54.87	4.83
92.0	106.8	54.38	4.82
92.2	106.47	53.82	4.82
92.4	106.19	53.29	4.82
92.6	106.0	52.86	4.81
92.8	106.34	53.03	4.81
93.0	107.04	53.63	4.81
93.2	107.78	54.28	4.8
93.4	108.46	54.89	4.8
93.6	109.0	55.35	4.8
93.8	108.63	54.8	4.79
94.0	108.02	54.01	4.79
94.2	107.32	53.17	4.79
94.4	106.64	52.42	4.78
94.6	106.1	51.9	4.78
94.8	106.23	52.52	4.78
95.0	106.53	53.32	4.77
95.2	106.96	54.2	4.77
95.4	107.49	55.05	4.76
95.6	107.99	55.49	4.74
95.8	108.45	55.5	4.72
96.0	108.97	55.4	4.7
96.2	109.58	55.27	4.68
96.4	110.36	55.28	4.65
96.6	111.41	55.62	4.63
96.8	112.49	55.95	4.61
97.0	113.53	56.19	4.59
97.2	114.45	56.29	4.57
97.4	114.91	55.69	4.55
97.6	115.15	54.85	4.52
97.8	115.22	53.92	4.5
98.0	115.14	52.96	4.48
98.2	114.91	52.07	4.46
98.4	114.51	51.68	4.43
98.6	114.03	51.4	4.41
98.8	113.5	51.21	4.39
99.0	112.95	51.07	4.37
99.2	112.47	50.97	4.35
99.4	112.15	50.84	4.34
99.6	111.85	50.73	4.33
99.8	111.57	50.65	4.32
100.0	111.28	50.58	4.31
100.2	111.0	50.55	4.31
100.4	110.69	50.54	4.31
100.6	110.33	50.51	4.31
100.8	109.89	50.45	4.32
101.0	109.33	50.33	4.32
101.2	108.39	49.99	4.32
101.4	107.38	49.62	4.32
101.6	106.36	49.24	4.32
101.8	105.37	48.87	4.33
102.0	104.5	48.57	4.33
102.2	103.92	48.45	4.33
102.4	103.47	48.38	4.34
102.6	103.14	48.36	4.35
102.8	102.93	48.38	4.35
103.0	102.88	48.55	4.36
103.2	102.94	48.76	4.36
103.4	103.08	48.91	4.37
103.6	103.26	48.94	4.38
103.8	103.43	48.62	4.38
104.0	103.55	47.8	4.39
104.2	103.67	46.87	4.39
104.4	103.77	45.91	4.4
104.6	103.86	44.99	4.4
104.8	103.8	44.41	4.41
105.0	103.66	44.14	4.41
105.2	103.58	44.01	4.41
105.4	103.61	44.01	4.42
105.6	103.84	44.12	4.42
105.8	104.73	44.42	4.43
106.0	105.74	44.77	4.43
106.2	106.78	45.13	4.43
106.4	107.74	45.46	4.44
106.6	108.33	45.59	4.44
106.8	108.56	45.56	4.44
107.0	108.63	45.47	4.45
107.2	108.54	45.33	4.45
107.4	108.33	45.16	4.45
107.6	107.88	44.86	4.46
107.8	107.38	44.6	4.46
108.0	106.88	44.44	4.47
108.2	106.44	44.44	4.48
108.4	106.19	44.83	4.48
108.6	106.26	45.8	4.49
108.8	106.46	46.87	4.49
109.0	106.77	47.93	4.5
109.2	107.19	48.87	4.51
109.4	107.78	49.23	4.51
109.6	108.43	49.32	4.52
109.8	109.08	49.24	4.53
110.0	109.69	49.03	4.53
110.2	110.1	48.69	4.54
110.4	110.33	48.27	4.55
110.6	110.47	47.82	4.55
110.8	110.52	47.39	4.56
111.0	110.48	47.01	4.56
111.2	110.3	46.83	4.57
111.4	110.08	46.76	4.57
111.6	109.87	46.79	4.57
111.8	109.71	46.92	4.58
112.0	109.73	47.28	4.58
112.2	109.92	47.79	4.58
112.4	110.18	48.33	4.58
112.6	110.47	48.84	4.58
112.8	110.81	49.21	4.59
113.0	111.19	49.32	4.59
113.2	111.52	49.32	4.59
113.4	111.75	49.23	4.59
113.6	111.82	49.06	4.59
113.8	111.41	48.78	4.59
114.0	110.75	48.44	4.6
114.2	109.96	48.08	4.6
114.4	109.1	47.75	4.6
114.6	108.24	47.47	4.61
114.8	107.47	47.34	4.61
115.0	106.77	47.29	4.63
115.2	106.18	47.31	4.64
115.4	105.72	47.41	4.65
115.6	105.67	47.71	4.66
115.8	105.91	48.14	4.67
116.0	106.22	48.57	4.68
116.2	106.52	48.97	4.69
116.4	106.74	49.28	4.7
116.6	106.32	49.11	4.71
116.8	105.79	48.84	4.72
117.0	105.23	48.53	4.73
117.2	104.69	48.24	4.74
117.4	104.33	48.08	4.75
117.6	104.39	48.27	4.75
117.8	104.55	48.51	4.75
118.0	104.78	48.78	4.75
118.2	105.03	49.04	4.75
118.4	105.21	49.13	4.74
118.6	105.34	49.12	4.74
118.8	105.42	49.05	4.74
119.0	105.44	48.94	4.74
119.2	105.4	48.79	4.74
119.4	105.04	48.55	4.74
119.6	104.61	48.29	4.74
119.8	104.22	48.07	4.74
120.0	103.94	47.92	4.74
120.2	103.89	47.89	4.74
120.4	104.47	48.28	4.74
120.6	105.19	48.71	4.73
120.8	105.99	49.11	4.73
121.0	106.78	49.42	4.73
121.2	107.3	49.28	4.73
121.4	107.63	48.82	4.72
121.6	107.87	48.29	4.72
121.8	108.05	47.74	4.72
122.0	108.19	47.26	4.71
122.2	108.31	47.18	4.71
122.4	108.42	47.2	4.7
122.6	108.52	47.31	4.7
122.8	108.61	47.48	4.7
123.0	108.7	47.67	4.7
123.2	108.8	47.87	4.71
123.4	108.94	48.1	4.72
123.6	109.11	48.36	4.74
123.8	109.35	48.64	4.75
124.0	109.84	49.02	4.77
124.2	110.38	49.4	4.78
124.4	110.89	49.77	4.8
124.6	111.34	50.08	4.82
124.8	111.55	50.23	4.83
125.0	111.39	50.13	4.85
125.2	111.13	50.0	4.86
125.4	110.81	49.88	4.87
125.6	110.48	49.81	4.88
125.8	110.16	49.95	4.89
126.0	109.91	50.26	4.89
126.2	109.79	50.66	4.88
126.4	109.86	51.15	4.88
126.6	110.33	51.8	4.88
126.8	111.39	52.67	4.87
127.0	112.58	53.5	4.87
127.2	113.8	54.21	4.86
127.4	114.93	54.71	4.85
127.6	115.49	54.47	4.85
127.8	115.8	53.93	4.84
128.0	115.98	53.24	4.83
128.2	116.05	52.49	4.83
128.4	116.05	51.84	4.83
128.6	116.0	51.38	4.83
128.8	115.96	51.01	4.84
129.0	115.96	50.76	4.84
129.2	116.04	50.64	4.85
129.4	116.47	50.94	4.87
129.6	116.97	51.32	4.88
129.8	117.5	51.7	4.89
130.0	118.01	52.01	4.91
130.2	118.41	51.89	4.92
130.4	118.7	51.54	4.94
130.6	118.89	51.13	4.95
130.8	118.94	50.68	4.97
131.0	118.8	50.35	4.98
131.2	118.39	50.29	4.99
131.4	117.84	50.27	5.0
131.6	117.18	50.24	5.01
131.8	116.45	50.19	5.02
132.0	115.65	49.9	5.02
132.2	114.82	49.43	5.02
132.4	114.02	48.99	5.02
132.6	113.28	48.63	5.01
132.8	112.65	48.44	5.01
133.0	112.43	48.9	5.0
133.2	112.32	49.5	4.99
133.4	112.25	50.17	4.98
133.6	112.19	50.84	4.97
133.8	112.04	51.35	4.96
134.0	111.6	51.34	4.95
134.2	111.1	51.25	4.94
134.4	110.56	51.12	4.93
134.6	109.99	51.0	4.93
134.8	109.4	50.97	4.92
135.0	108.77	51.22	4.91
135.2	108.2	51.54	4.91
135.4	107.73	51.93	4.91
135.6	107.39	52.37	4.9
135.8	107.34	52.86	4.9
136.0	107.6	53.4	4.91
136.2	108.01	53.94	4.91
136.4	108.52	54.44	4.91
136.6	109.1	54.88	4.91
136.8	109.65	55.11	4.92
137.0	110.21	55.25	4.92
137.2	110.76	55.33	4.92
137.4	111.29	55.37	4.92
137.6	111.74	55.39	4.93
137.8	112.0	55.43	4.93
138.0	112.24	55.46	4.93
138.2	112.48	55.47	4.93
138.4	112.74	55.48	4.93
138.6	113.13	55.51	4.93
138.8	113.63	55.57	4.93
139.0	114.18	55.59	4.93
139.2	114.75	55.55	4.93
139.4	115.34	55.42	4.93
139.6	116.0	55.1	4.92
139.8	116.62	54.69	4.92
140.0	117.15	54.21	4.92
140.2	117.56	53.66	4.92
140.4	117.63	53.0	4.91
140.6	117.43	52.27	4.91
140.8	117.12	51.57	4.91
141.0	116.74	50.94	4.9
141.2	116.36	50.45	4.9
141.4	116.11	50.3	4.91
141.6	115.89	50.31	4.91
141.8	115.7	50.45	4.92
142.0	115.57	50.71	4.92
142.2	115.46	51.09	4.93
142.4	115.4	51.59	4.93
142.6	115.42	52.13	4.93
142.8	115.55	52.69	4.94
143.0	115.83	53.24	4.94
143.2	116.42	53.74	4.95
143.4	117.09	54.18	4.95
143.6	117.8	54.52	4.96
143.8	118.49	54.74	4.96
144.0	119.04	54.69	4.97
144.2	119.49	54.49	4.97
144.4	119.83	54.2	4.98
144.6	120.06	53.82	4.98
144.8	120.05	53.34	4.99
145.0	119.83	52.82	4.99
145.2	119.52	52.31	5.0
145.4	119.16	51.86	5.0
145.6	118.8	51.54	5.01
145.8	118.57	51.56	5.02
146.0	118.36	51.69	5.02
146.2	118.18	51.92	5.03
146.4	118.03	52.22	5.04
146.6	118.0	52.55	5.05
146.8	118.03	52.9	5.05
147.0	118.01	53.25	5.06
147.2	117.92	53.58	5.07
147.4	117.71	53.89	5.07
147.6	117.0	54.05	5.08
147.8	116.15	54.16	5.09
148.0	115.23	54.24	5.09
148.2	114.31	54.32	5.1
148.4	113.44	54.39	5.1
148.6	112.8	54.41	5.1
148.8	112.27	54.48	5.1
149.0	111.88	54.64	5.09
149.2	111.66	54.93	5.09
149.4	111.75	55.56	5.08
149.6	112.18	56.59	5.07
149.8	112.72	57.66	5.05
150.0	113.28	58.7	5.04
150.2	113.81	59.61	5.02
150.4	114.02	59.9	5.01
150.6	114.05	59.88	4.99
150.8	113.98	59.71	4.98
151.0	113.81	59.43	4.96
151.2	113.54	59.1	4.95
151.4	113.05	58.82	4.94
151.6	112.53	58.57	4.92
151.8	112.03	58.37	4.91
152.0	111.6	58.26	4.91
152.2	111.37	58.35	4.9
152.4	111.38	58.65	4.91
152.6	111.52	59.07	4.91
152.8	111.79	59.59	4.92
153.0	112.19	60.22	4.93
153.2	112.87	61.12	4.93
153.4	113.59	62.01	4.94
153.6	114.29	62.8	4.94
153.8	114.88	63.4	4.95
154.0	115.11	63.43	4.95
154.2	115.0	62.94	4.95
154.4	114.75	62.25	4.96
154.6	114.42	61.41	4.96
154.8	114.03	60.51	4.97
155.0	113.81	59.78	4.98
155.2	113.58	59.08	4.99
155.4	113.33	58.43	5.0
155.6	113.05	57.84	5.01
155.8	112.69	57.37	5.02
156.0	112.21	57.08	5.03
156.2	111.73	56.87	5.04
156.4	111.31	56.71	5.05
156.6	110.97	56.58	5.06
156.8	110.93	56.48	5.07
157.0	111.05	56.38	5.09
157.2	111.23	56.27	5.1
157.4	111.44	56.12	5.11
157.6	111.58	55.84	5.12
157.8	111.59	55.34	5.13
158.0	111.56	54.84	5.14
158.2	111.51	54.41	5.15
158.4	111.43	54.09	5.16
158.6	111.25	54.13	5.17
158.8	111.02	54.51	5.17
159.0	110.85	55.01	5.18
159.2	110.78	55.56	5.18
159.4	110.88	56.14	5.18
159.6	111.6	56.67	5.18
159.8	112.46	57.12	5.17
160.0	113.34	57.45	5.16
160.2	114.15	57.62	5.16
160.4	114.58	57.33	5.15
160.6	114.64	56.66	5.14
160.8	114.54	55.89	5.13
161.0	114.31	55.09	5.13
161.2	114.01	54.37	5.12
161.4	113.67	54.13	5.11
161.6	113.31	54.03	5.1
161.8	112.95	54.05	5.09
162.0	112.61	54.17	5.08
162.2	112.33	54.37	5.08
162.4	112.15	54.62	5.08
162.6	112.05	54.95	5.09
162.8	112.03	55.35	5.09
163.0	112.11	55.81	5.1
163.2	112.51	56.45	5.1
163.4	113.01	57.14	5.11
163.6	113.51	57.82	5.11
163.8	113.93	58.45	5.12
164.0	114.15	58.95	5.12
164.2	113.85	59.15	5.12
164.4	113.44	59.25	5.13
164.6	112.94	59.28	5.13
164.8	112.43	59.25	5.13
165.0	111.99	59.14	5.13
165.2	111.67	59.0	5.13
165.4	111.43	58.91	5.13
165.6	111.32	58.93	5.13
165.8	111.36	59.1	5.13
166.0	111.8	59.87	5.12
166.2	112.39	60.78	5.11
166.4	113.05	61.73	5.1
166.6	113.75	62.64	5.09
166.8	114.38	63.24	5.09
167.0	114.92	63.53	5.08
167.2	115.4	63.73	5.07
167.4	115.8	63.85	5.06
167.6	116.08	63.98	5.05
167.8	116.21	64.2	5.05
168.0	116.23	64.39	5.04
168.2	116.12	64.54	5.03
168.4	115.9	64.64	5.02
168.6	115.47	64.57	5.01
168.8	114.89	64.39	5.01
169.0	114.23	64.18	5.0
169.2	113.52	63.99	4.99
169.4	112.79	63.84	4.98
169.6	112.05	63.86	4.98
169.8	111.36	64.01	4.97
170.0	110.75	64.24	4.96
170.2	110.29	64.55	4.95
170.4	110.05	64.98	4.94
170.6	110.36	65.69	4.93
170.8	110.79	66.4	4.92
171.0	111.25	67.04	4.91
171.2	111.65	67.54	4.9
171.4	111.66	67.52	4.89
171.6	111.43	67.19	4.88
171.8	111.06	66.72	4.87
172.0	110.59	66.16	4.86
172.2	110.04	65.58	4.84
172.4	109.32	65.21	4.83
172.6	108.59	64.9	4.82
172.8	107.9	64.62	4.81
173.0	107.31	64.39	4.8
173.2	106.93	64.22	4.79
173.4	107.01	64.19	4.79
173.6	107.21	64.17	4.79
173.8	107.46	64.12	4.78
174.0	107.7	64.0	4.78
174.2	107.73	63.64	4.79
174.4	107.62	63.12	4.79
174.6	107.45	62.53	4.79
174.8	107.21	61.9	4.8
175.0	106.93	61.25	4.8
175.2	106.42	60.6	4.8
175.4	105.91	59.97	4.8
175.6	105.47	59.41	4.81
175.8	105.18	58.95	4.81
176.0	105.21	58.69	4.81
176.2	105.8	58.79	4.81
176.4	106.53	58.96	4.8
176.6	107.32	59.12	4.8
176.8	108.09	59.23	4.8
177.0	108.48	58.9	4.8
177.2	108.65	58.34	4.8
177.4	108.72	57.71	4.8
177.6	108.71	57.08	4.8
177.8	108.63	56.48	4.8
178.0	108.5	56.16	4.8
178.2	108.34	56.02	4.79
178.4	108.17	55.97	4.79
178.6	108.01	56.0	4.79
178.8	107.87	56.12	4.79
179.0	107.84	56.34	4.79
179.2	107.91	56.65	4.79
179.4	108.02	56.97	4.79
179.6	108.14	57.3	4.79
179.8	108.27	57.59	4.79
180.0	108.4	57.7	4.79
180.2	108.52	57.74	4.79
180.4	108.62	57.73	4.79
180.6	108.69	57.69	4.79
180.8	108.72	57.64	4.79
181.0	108.63	57.65	4.8
181.2	108.49	57.67	4.8
181.4	108.31	57.68	4.81
181.6	108.13	57.66	4.82
181.8	107.94	57.62	4.83
182.0	107.72	57.41	4.84
182.2	107.52	57.17	4.86
182.4	107.4	56.96	4.87
182.6	107.38	56.81	4.88
182.8	107.53	56.8	4.9
183.0	108.13	57.25	4.91
183.2	108.83	57.76	4.92
183.4	109.56	58.28	4.94
183.6	110.27	58.73	4.95
183.8	110.81	58.97	4.96
184.0	110.99	58.74	4.97
184.2	111.07	58.39	4.99
184.4	111.06	57.98	5.0
184.6	111.0	57.54	5.01
184.8	110.87	57.17	5.01
185.0	110.68	56.92	5.02
185.2	110.53	56.74	5.02
185.4	110.44	56.64	5.02
185.6	110.45	56.63	5.02
185.8	110.82	56.86	5.02
186.0	111.46	57.28	5.03
186.2	112.17	57.72	5.03
186.4	112.88	58.12	5.03
186.6	113.52	58.43	5.04
186.8	113.71	58.21	5.04
187.0	113.72	57.79	5.04
187.2	113.66	57.32	5.04
187.4	113.56	56.87	5.05
187.6	113.47	56.5	5.05
187.8	113.5	56.58	5.05
188.0	113.61	56.86	5.05
188.2	113.81	57.27	5.05
188.4	114.11	57.76	5.05
188.6	114.55	58.34	5.05
188.8	115.38	59.0	5.04
189.0	116.29	59.68	5.03
189.2	117.23	60.34	5.02
189.4	118.14	60.94	5.01
189.6	118.84	61.34	5.01
189.8	119.3	61.54	5.0
190.0	119.65	61.65	4.99
190.2	119.9	61.68	4.98
190.4	120.05	61.65	4.97
190.6	120.11	61.59	4.96
190.8	120.09	61.5	4.95
191.0	120.0	61.42	4.94
191.2	119.85	61.36	4.93
191.4	119.66	61.35	4.93
191.6	119.4	61.51	4.93
191.8	119.12	61.72	4.93
192.0	118.84	61.99	4.93
192.2	118.58	62.29	4.94
192.4	118.45	62.64	4.94
192.6	118.46	63.03	4.94
192.8	118.46	63.41	4.95
193.0	118.42	63.75	4.95
193.2	118.31	64.05	4.95
193.4	117.81	64.11	4.96
193.6	117.15	64.06	4.96
193.8	116.46	63.99	4.96
194.0	115.81	63.93	4.97
194.2	115.24	63.93	4.97
194.4	115.3	64.29	4.97
194.6	115.45	64.71	4.98
194.8	115.6	65.11	4.98
195.0	115.66	65.44	4.98
195.2	115.43	65.58	4.98
195.4	114.49	65.24	4.99
195.6	113.45	64.84	4.99
195.8	112.39	64.43	4.99
196.0	111.41	64.08	4.99
196.2	110.84	64.05	5.0
196.4	110.73	64.35	5.0
196.6	110.76	64.74	5.0
196.8	110.87	65.15	5.0
197.0	111.02	65.53	5.01
197.2	111.03	65.58	5.01
197.4	111.01	65.58	5.01
197.6	110.96	65.55	5.02
197.8	110.86	65.51	5.02
198.0	110.61	65.55	5.02
198.2	110.21	65.67	5.02
198.4	109.83	65.83	5.02
198.6	109.5	65.99	5.02
198.8	109.3	66.15	5.02
199.0	109.55	66.29	5.02
199.2	109.92	66.42	5.02
199.4	110.38	66.54	5.01
199.6	110.87	66.65	5.01
199.8	111.3	66.78	5.0
200.0	111.64	66.91	5.0
200.2	111.91	67.02	4.99
200.4	112.11	67.11	4.99
200.6	112.19	67.15	4.98
200.8	112.02	67.07	4.98
201.0	111.6	66.87	4.97
201.2	111.13	66.67	4.97
201.4	110.68	66.53	4.96
201.6	110.3	66.46	4.96
201.8	110.26	66.76	4.95
202.0	110.38	67.2	4.95
202.2	110.58	67.63	4.94
202.4	110.83	68.02	4.94
202.6	111.12	68.13	4.93
202.8	111.41	67.92	4.93
203.0	111.68	67.6	4.93
203.2	111.89	67.21	4.92
203.4	112.04	66.79	4.92
203.6	111.97	66.51	4.92
203.8	111.77	66.28	4.91
204.0	111.49	66.05	4.91
204.2	111.12	65.83	4.91
204.4	110.68	65.61	4.9
204.6	110.1	65.38	4.9
204.8	109.48	65.15	4.89
205.0	108.87	64.9	4.89
205.2	108.3	64.63	4.89
205.4	107.87	64.34	4.89
205.6	107.67	64.04	4.88
205.8	107.49	63.7	4.88
206.0	107.31	63.3	4.88
206.2	107.09	62.85	4.88
206.4	106.64	62.18	4.88
206.6	106.08	61.43	4.88
206.8	105.45	60.67	4.88
207.0	104.76	59.92	4.88
207.2	104.01	59.23	4.88
207.4	103.13	58.81	4.87
207.6	102.21	58.52	4.87
207.8	101.33	58.3	4.88
208.0	100.53	58.12	4.88
208.2	99.86	57.96	4.88
208.4	99.59	57.75	4.88
208.6	99.53	57.51	4.88
208.8	99.59	57.28	4.89
209.0	99.71	57.05	4.89
209.2	99.86	56.81	4.89
209.4	99.89	56.55	4.9
209.6	99.9	56.29	4.9
209.8	99.88	56.05	4.9
210.0	99.84	55.84	4.91
210.2	99.74	55.65	4.91
210.4	99.43	55.48	4.91
210.6	99.07	55.37	4.92
210.8	98.73	55.32	4.92
211.0	98.47	55.36	4.92
211.2	98.31	55.51	4.93
211.4	98.54	55.96	4.93
211.6	98.93	56.52	4.93
211.8	99.4	57.11	4.94
212.0	99.93	57.68	4.94
212.2	100.45	58.14	4.95
212.4	100.87	58.22	4.95
212.6	101.27	58.24	4.95
212.8	101.67	58.24	4.96
213.0	102.05	58.28	4.96
213.2	102.38	58.43	4.96
213.4	102.53	58.93	4.97
213.6	102.72	59.52	4.97
213.8	103.0	60.15	4.97
214.0	103.43	60.82	4.98
214.2	104.17	61.51	4.98
214.4	105.63	62.25	4.99
214.6	107.17	62.91	4.99
214.8	108.65	63.43	4.99
215.0	109.97	63.76	5.0
215.2	110.6	63.55	5.0
215.4	110.7	62.94	5.01
215.6	110.53	62.19	5.01
215.8	110.17	61.37	5.01
216.0	109.67	60.56	5.02
216.2	109.05	60.1	5.02
216.4	108.4	59.77	5.02
216.6	107.8	59.51	5.02
216.8	107.31	59.33	5.02
217.0	107.12	59.26	5.02
217.2	107.46	59.31	5.01
217.4	107.9	59.38	5.0
217.6	108.38	59.42	4.99
217.8	108.82	59.38	4.98
218.0	108.86	58.99	4.96
218.2	108.72	58.45	4.95
218.4	108.46	57.86	4.94
218.6	108.09	57.26	4.93
218.8	107.64	56.67	4.91
219.0	106.98	56.23	4.9
219.2	106.31	55.87	4.89
219.4	105.68	55.6	4.88
219.6	105.15	55.45	4.87
219.8	104.89	55.49	4.87
220.0	105.09	55.83	4.88
220.2	105.41	56.24	4.88
220.4	105.79	56.68	4.89
220.6	106.17	57.09	4.9
220.8	106.32	57.18	4.91
221.0	106.33	57.12	4.91
221.2	106.29	57.02	4.92
221.4	106.21	56.92	4.92
221.6	106.1	56.87	4.93
221.8	105.83	57.04	4.93
222.0	105.57	57.32	4.93
222.2	105.41	57.66	4.93
222.4	105.42	58.03	4.93
222.6	105.77	58.48	4.94
222.8	106.86	59.07	4.94
223.0	108.08	59.62	4.94
223.2	109.31	60.04	4.94
223.4	110.44	60.28	4.94
223.6	110.96	59.96	4.94
223.8	111.08	59.28	4.94
224.0	111.0	58.45	4.94
224.2	110.77	57.55	4.94
224.4	110.42	56.65	4.94
224.6	109.93	55.99	4.94
224.8	109.44	55.42	4.94
225.0	109.01	54.98	4.94
225.2	108.7	54.69	4.94
225.4	108.82	54.76	4.94
225.6	109.39	55.18	4.94
225.8	110.06	55.68	4.93
226.0	110.74	56.15	4.93
226.2	111.35	56.53	4.92
226.4	111.44	56.27	4.92
226.6	111.33	55.81	4.91
226.8	111.07	55.24	4.91
227.0	110.67	54.61	4.91
227.2	110.14	53.97	4.9
227.4	109.26	53.4	4.9
227.6	108.34	52.93	4.9
227.8	107.48	52.6	4.89
228.0	106.77	52.46	4.89
228.2	106.31	52.57	4.9
228.4	106.72	53.49	4.9
228.6	107.36	54.57	4.91
228.8	108.14	55.7	4.93
229.0	108.99	56.77	4.94
229.2	109.79	57.54	4.95
229.4	110.42	57.79	4.96
229.6	110.97	57.86	4.97
229.8	111.42	57.77	4.98
230.0	111.75	57.56	5.0
230.2	111.84	57.24	5.01
230.4	111.8	56.86	5.02
230.6	111.64	56.43	5.03
230.8	111.36	56.0	5.04
231.0	110.8	55.61	5.06
231.2	110.17	55.27	5.07
231.4	109.59	55.0	5.08
231.6	109.12	54.85	5.09
231.8	109.23	55.07	5.11
232.0	109.67	55.48	5.12
232.2	110.19	55.91	5.13
232.4	110.71	56.28	5.14
232.6	111.07	56.41	5.15
232.8	110.92	55.86	5.17
233.0	110.63	55.22	5.18
233.2	110.27	54.57	5.19
233.4	109.86	54.03	5.19
233.6	109.4	53.94	5.2
233.8	108.95	54.24	5.2
234.0	108.6	54.69	5.2
234.2	108.41	55.23	5.19
234.4	108.57	55.82	5.19
234.6	109.31	56.4	5.18
234.8	110.2	56.96	5.18
235.0	111.13	57.45	5.17
235.2	112.03	57.84	5.16
235.4	112.5	57.91	5.16
235.6	112.74	57.81	5.15
235.8	112.82	57.61	5.15
236.0	112.74	57.34	5.14
236.2	112.52	57.02	5.13
236.4	112.01	56.74	5.13
236.6	111.41	56.46	5.12
236.8	110.78	56.19	5.11
237.0	110.15	55.96	5.11
237.2	109.71	55.83	5.1
237.4	109.51	55.83	5.1
237.6	109.36	55.85	5.1
237.8	109.21	55.87	5.1
238.0	109.03	55.88	5.1
238.2	108.64	55.7	5.1
238.4	108.17	55.48	5.1
238.6	107.65	55.25	5.09
238.8	107.09	55.04	5.09
239.0	106.5	54.85	5.09
239.2	105.77	54.79	5.09
239.4	105.04	54.79	5.09
239.6	104.39	54.85	5.09
239.8	103.84	54.96	5.08
240.0	103.49	55.15	5.08
240.2	103.64	55.54	5.08
240.4	103.92	55.94	5.07
240.6	104.26	56.27	5.06
240.8	104.61	56.5	5.06
241.0	104.75	56.28	5.05
241.2	104.74	55.78	5.04
241.4	104.67	55.21	5.04
241.6	104.56	54.67	5.03
241.8	104.4	54.22	5.02
242.0	104.06	54.21	5.02
242.2	103.76	54.36	5.01
242.4	103.55	54.64	5.0
242.6	103.49	55.04	5.0
242.8	103.89	55.65	4.99
243.0	104.67	56.4	4.99
243.2	105.56	57.16	4.98
243.4	106.48	57.86	4.98
243.6	107.29	58.36	4.98
243.8	107.81	58.47	4.97
244.0	108.22	58.43	4.97
244.2	108.52	58.29	4.97
244.4	108.73	58.06	4.97
244.6	108.78	57.77	4.97
244.8	108.74	57.46	4.97
245.0	108.64	57.16	4.98
245.2	108.5	56.93	4.99
245.4	108.35	56.86	5.0
245.6	108.17	57.04	5.01
245.8	108.05	57.32	5.03
246.0	108.03	57.68	5.05
246.2	108.13	58.1	5.06
246.4	108.67	58.61	5.08
246.6	109.42	59.15	5.1
246.8	110.21	59.64	5.11
247.0	110.98	60.06	5.13
247.2	111.56	60.31	5.15
247.4	111.81	60.3	5.16
247.6	111.93	60.15	5.18
247.8	111.9	59.87	5.2
248.0	111.75	59.48	5.21
248.2	111.28	58.77	5.22
248.4	110.71	57.99	5.23
248.6	110.17	57.25	5.24
248.8	109.71	56.63	5.24
249.0	109.6	56.43	5.24
249.2	109.99	56.83	5.24
249.4	110.49	57.35	5.24
249.6	111.01	57.89	5.24
249.8	111.46	58.35	5.24
250.0	111.43	58.2	5.23
250.2	111.26	57.87	5.23
250.4	111.01	57.46	5.23
250.6	110.71	57.0	5.23
250.8	110.46	56.61	5.23
251.0	110.27	56.33	5.24
251.2	110.1	56.1	5.25
251.4	109.94	55.95	5.24
251.6	109.8	55.87	5.22
251.8	109.65	55.96	5.16
252.0	109.53	56.15	5.08
252.2	109.44	56.39	4.98
252.4	109.38	56.67	4.87
252.6	109.4	56.98	4.75
252.8	109.48	57.31	4.61
253.0	109.59	57.61	4.47
253.2	109.72	57.86	4.32
253.4	109.85	58.04	4.17
253.6	109.91	57.91	4.02
253.8	109.98	57.74	3.88
254.0	110.04	57.57	3.74
254.2	110.12	57.45	3.59
254.4	110.26	57.59	3.44
254.6	110.42	57.9	3.29
254.8	110.58	58.27	3.14
255.0	110.73	58.68	3.01
255.2	110.83	59.08	2.87
255.4	110.81	59.39	2.74
255.6	110.81	59.71	2.64
255.8	110.83	60.02	2.57
256.0	110.9	60.34	2.54
256.2	111.21	60.68	2.62
256.4	111.6	61.03	2.75
256.6	112.01	61.37	2.9
256.8	112.42	61.69	3.08
257.0	112.76	61.94	3.23
257.2	113.0	62.13	3.37
257.4	113.22	62.33	3.51
257.6	113.43	62.57	3.65
257.8	113.65	62.89	3.8
258.0	113.88	63.4	3.95
258.2	114.13	63.95	4.11
258.4	114.42	64.49	4.26
258.6	114.76	65.0	4.42
258.8	115.34	65.35	4.58
259.0	115.92	65.64	4.73
259.2	116.44	65.9	4.88
259.4	116.85	66.13	5.02
259.6	116.85	66.34	5.15
259.8	116.58	66.54	5.28
260.0	116.21	66.74	5.39
260.2	115.8	66.96	5.48
260.4	115.43	67.22	5.54
260.6	115.26	67.59	5.56
260.8	115.14	67.96	5.56
261.0	115.08	68.33	5.55
261.2	115.07	68.67	5.53
261.4	115.28	68.9	5.52
261.6	115.52	69.08	5.52
261.8	115.72	69.2	5.51
262.0	115.82	69.26	5.5
262.2	115.64	69.24	5.5
262.4	115.01	69.13	5.49
262.6	114.27	68.99	5.48
262.8	113.5	68.85	5.47
263.0	112.74	68.74	5.47
263.2	112.22	68.73	5.46
263.4	111.82	68.79	5.45
263.6	111.52	68.9	5.45
263.8	111.31	69.09	5.44
264.0	111.28	69.41	5.43
264.2	111.4	69.84	5.42
264.4	111.57	70.3	5.41
264.6	111.74	70.76	5.4
264.8	111.87	71.18	5.39
265.0	111.66	71.35	5.37
265.2	111.41	71.48	5.36
265.4	111.2	71.61	5.35
265.6	111.05	71.77	5.34
265.8	111.22	72.1	5.33
266.0	111.66	72.6	5.32
266.2	112.15	73.09	5.31
266.4	112.63	73.53	5.3
266.6	112.97	73.83	5.29
266.8	112.99	73.86	5.28
267.0	112.88	73.76	5.27
267.2	112.66	73.55	5.26
267.4	112.33	73.23	5.25
267.6	111.76	72.74	5.24
267.8	111.09	72.16	5.23
268.0	110.46	71.58	5.22
268.2	109.95	71.05	5.22
268.4	109.8	70.73	5.22
268.6	110.2	70.77	5.23
268.8	110.74	70.86	5.23
269.0	111.33	70.96	5.24
269.2	111.89	71.0	5.25
269.4	112.07	70.72	5.26
269.6	112.05	70.27	5.27
269.8	111.94	69.73	5.28
270.0	111.75	69.14	5.29
270.2	111.48	68.51	5.29
270.4	111.04	67.81	5.3
270.6	110.65	67.17	5.3
270.8	110.4	66.62	5.3
271.0	110.35	66.22	5.3
271.2	111.03	66.4	5.3
271.4	111.99	66.76	5.3
271.6	113.05	67.13	5.3
271.8	114.13	67.42	5.3
272.0	114.95	67.22	5.31
272.2	115.5	66.56	5.31
272.4	115.9	65.8	5.31
272.6	116.14	64.99	5.31
272.8	116.16	64.26	5.31
273.0	115.83	63.84	5.31
273.2	115.42	63.5	5.31
273.4	114.98	63.24	5.31
273.6	114.6	63.06	5.31
273.8	114.69	63.02	5.31
274.0	114.86	63.03	5.31
274.2	115.05	63.04	5.3
274.4	115.21	63.03	5.3
274.6	115.13	62.84	5.3
274.8	114.92	62.56	5.29
275.0	114.61	62.26	5.29
275.2	114.2	61.95	5.29
275.4	113.7	61.69	5.28
275.6	113.09	61.55	5.28
275.8	112.42	61.44	5.28
276.0	111.72	61.34	5.28
276.2	111.01	61.23	5.28
276.4	110.31	61.05	5.28
276.6	109.65	60.83	5.28
276.8	109.05	60.62	5.29
277.0	108.54	60.46	5.29
277.2	108.2	60.4	5.3
277.4	108.15	60.54	5.3
277.6	108.18	60.72	5.31
277.8	108.23	60.91	5.31
278.0	108.26	61.07	5.31
278.2	108.09	61.07	5.32
278.4	107.69	60.91	5.32
278.6	107.24	60.71	5.33
278.8	106.78	60.52	5.33
279.0	106.32	60.34	5.33
279.2	105.91	60.27	5.33
279.4	105.57	60.27	5.34
279.6	105.31	60.33	5.34
279.8	105.16	60.47	5.34
280.0	105.19	60.73	5.34
280.2	105.52	61.17	5.34
280.4	105.94	61.64	5.35
280.6	106.41	62.11	5.35
280.8	106.89	62.55	5.35
281.0	107.27	62.79	5.35
281.2	107.56	62.9	5.35
281.4	107.79	62.92	5.36
281.6	107.94	62.86	5.36
281.8	108.0	62.74	5.36
282.0	107.72	62.39	5.36
282.2	107.4	62.04	5.36
282.4	107.13	61.76	5.36
282.6	106.97	61.61	5.36
282.8	107.23	61.94	5.36
283.0	107.9	62.71	5.36
283.2	108.67	63.56	5.37
283.4	109.46	64.39	5.37
283.6	110.2	65.08	5.37
283.8	110.61	65.11	5.37
284.0	110.88	64.96	5.37
284.2	111.0	64.67	5.37
284.4	110.97	64.28	5.37
284.6	110.64	63.84	5.37
284.8	110.0	63.36	5.38
285.0	109.3	62.93	5.38
285.2	108.62	62.57	5.38
285.4	108.04	62.34	5.39
285.6	108.07	62.62	5.39
285.8	108.22	63.02	5.4
286.0	108.44	63.48	5.4
286.2	108.66	63.94	5.41
286.4	108.74	64.22	5.41
286.6	108.65	64.3	5.42
286.8	108.47	64.29	5.42
287.0	108.19	64.2	5.43
287.2	107.82	64.02	5.43
287.4	107.18	63.64	5.44
287.6	106.43	63.19	5.44
287.8	105.69	62.74	5.44
