0.2	83.83	70.81	5.58
0.4	83.12	70.6	5.58
0.6	83.0	70.94	5.58
0.8	83.36	71.69	5.58
1.0	84.06	72.7	5.58
1.2	84.99	73.82	5.58
1.4	86.01	74.89	5.58
1.6	87.0	75.78	5.57
1.8	87.83	76.31	5.57
2.0	88.18	76.02	5.56
2.2	87.79	74.59	5.55
2.4	87.16	72.8	5.55
2.6	86.38	70.85	5.54
2.8	85.62	69.09	5.53
3.0	85.24	68.25	5.52
3.2	84.92	67.68	5.51
3.4	84.66	67.35	5.5
3.6	84.46	67.23	5.49
3.8	84.3	67.32	5.48
4.0	84.12	67.58	5.48
4.2	83.95	68.0	5.47
4.4	83.83	68.53	5.46
4.6	83.79	69.16	5.45
4.8	83.82	69.84	5.44
5.0	83.99	70.58	5.43
5.2	84.34	71.34	5.43
5.4	84.76	72.07	5.42
5.6	85.24	72.74	5.42
5.8	85.77	73.3	5.42
6.0	86.39	73.71	5.42
6.2	87.02	73.96	5.42
6.4	87.56	74.01	5.43
6.6	87.96	73.85	5.44
6.8	87.96	73.19	5.44
7.0	87.64	72.17	5.45
7.2	87.19	71.03	5.45
7.4	86.64	69.86	5.46
7.6	86.05	68.76	5.46
7.8	85.64	68.26	5.46
8.0	85.28	67.98	5.47
8.2	84.97	67.86	5.47
8.4	84.72	67.87	5.48
8.6	84.54	68.01	5.48
8.8	84.51	68.26	5.48
9.0	84.67	68.64	5.48
9.2	84.87	69.04	5.48
9.4	85.07	69.43	5.48
9.6	85.25	69.76	5.48
9.8	85.33	69.91	5.48
10.0	85.28	69.85	5.47
10.2	85.16	69.71	5.46
10.4	84.99	69.5	5.45
10.6	84.75	69.25	5.45
10.8	84.39	68.95	5.44
11.0	83.99	68.64	5.43
11.2	83.57	68.34	5.42
11.4	83.16	68.08	5.42
11.6	82.79	67.86	5.41
11.8	82.53	67.7	5.4
12.0	82.34	67.63	5.39
12.2	82.23	67.69	5.39
12.4	82.21	67.9	5.38
12.6	82.28	68.31	5.37
12.8	82.62	69.33	5.36
13.0	83.1	70.67	5.36
13.2	83.58	71.96	5.35
13.4	84.0	73.06	5.34
13.6	84.25	73.69	5.34
13.8	84.14	73.32	5.34
14.0	83.91	72.64	5.33
14.2	83.59	71.76	5.33
14.4	83.21	70.76	5.33
14.6	82.85	70.0	5.33
14.8	82.48	69.33	5.33
15.0	82.13	68.73	5.33
15.2	81.79	68.22	5.32
15.4	81.5	67.84	5.32
15.6	81.26	67.65	5.32
15.8	81.1	67.65	5.32
16.0	81.02	67.82	5.31
16.2	81.04	68.15	5.31
16.4	81.16	68.65	5.31
16.6	81.51	69.55	5.31
16.8	82.12	70.89	5.32
17.0	82.74	72.15	5.32
17.2	83.33	73.19	5.33
17.4	83.82	73.86	5.34
17.6	83.89	73.18	5.35
17.8	83.83	72.14	5.35
18.0	83.67	70.89	5.36
18.2	83.43	69.57	5.37
18.4	83.2	68.78	5.38
18.6	82.96	68.22	5.39
18.8	82.69	67.79	5.4
19.0	82.43	67.48	5.4
19.2	82.17	67.3	5.41
19.4	81.96	67.29	5.42
19.6	81.8	67.41	5.43
19.8	81.66	67.61	5.43
20.0	81.56	67.85	5.44
20.2	81.49	68.12	5.44
20.4	81.48	68.36	5.45
20.6	81.54	68.48	5.45
20.8	81.63	68.6	5.45
21.0	81.74	68.71	5.45
21.2	81.84	68.82	5.44
21.4	81.96	69.02	5.44
21.6	82.06	69.27	5.43
21.8	82.13	69.47	5.43
22.0	82.13	69.6	5.42
22.2	82.06	69.61	5.41
22.4	81.72	69.12	5.41
22.6	81.28	68.51	5.4
22.8	80.81	67.84	5.39
23.0	80.34	67.19	5.39
23.2	79.88	66.62	5.38
23.4	79.56	66.41	5.37
23.6	79.33	66.39	5.37
23.8	79.19	66.52	5.36
24.0	79.15	66.8	5.35
24.2	79.22	67.22	5.35
24.4	79.53	67.97	5.34
24.6	80.03	68.95	5.34
24.8	80.59	69.94	5.33
25.0	81.19	70.85	5.33
25.2	81.76	71.59	5.33
25.4	82.23	71.83	5.33
25.6	82.63	71.86	5.33
25.8	82.95	71.7	5.33
26.0	83.19	71.36	5.33
26.2	83.21	70.75	5.33
26.4	83.08	69.97	5.33
26.6	82.89	69.12	5.34
26.8	82.65	68.27	5.34
27.0	82.4	67.46	5.34
27.2	82.27	67.0	5.34
27.4	82.2	66.74	5.34
27.6	82.16	66.61	5.35
27.8	82.15	66.59	5.35
28.0	82.17	66.67	5.35
28.2	82.21	66.84	5.36
28.4	82.21	67.03	5.37
28.6	82.26	67.32	5.37
28.8	82.39	67.7	5.38
29.0	82.6	68.19	5.39
29.2	82.91	68.79	5.4
29.4	83.63	69.87	5.4
29.6	84.42	70.97	5.41
29.8	85.18	71.97	5.42
30.0	85.86	72.74	5.43
30.2	86.24	72.91	5.44
30.4	86.26	72.37	5.45
30.6	86.13	71.58	5.46
30.8	85.89	70.64	5.47
31.0	85.59	69.63	5.48
31.2	85.32	68.94	5.49
31.4	85.04	68.35	5.5
31.6	84.76	67.86	5.51
31.8	84.47	67.49	5.51
32.0	84.21	67.26	5.52
32.2	83.97	67.28	5.52
32.4	83.76	67.56	5.52
32.6	83.62	67.98	5.52
32.8	83.54	68.52	5.52
33.0	83.55	69.17	5.52
33.2	83.71	69.95	5.52
33.4	84.17	70.96	5.51
33.6	84.67	71.93	5.51
33.8	85.15	72.79	5.51
34.0	85.57	73.44	5.5
34.2	85.72	73.51	5.5
34.4	85.64	73.1	5.49
34.6	85.48	72.53	5.49
34.8	85.27	71.88	5.49
35.0	85.08	71.33	5.48
35.2	84.99	71.15	5.48
35.4	84.92	71.06	5.48
35.6	84.87	71.06	5.47
35.8	84.84	71.15	5.47
36.0	84.83	71.31	5.47
36.2	84.85	71.58	5.46
36.4	84.9	71.92	5.46
36.6	84.96	72.29	5.46
36.8	85.02	72.68	5.45
37.0	85.08	73.05	5.45
37.2	85.12	73.38	5.45
37.4	85.15	73.65	5.44
37.6	85.16	73.85	5.44
37.8	85.15	74.0	5.44
38.0	85.1	74.08	5.43
38.2	84.99	73.97	5.43
38.4	84.84	73.77	5.43
38.6	84.67	73.52	5.43
38.8	84.48	73.25	5.43
39.0	84.29	73.0	5.43
39.2	84.09	72.83	5.43
39.4	83.91	72.72	5.43
39.6	83.74	72.68	5.42
39.8	83.62	72.7	5.42
40.0	83.54	72.8	5.42
40.2	83.57	73.08	5.42
40.4	83.7	73.51	5.42
40.6	83.86	73.96	5.42
40.8	84.04	74.39	5.42
41.0	84.22	74.76	5.42
41.2	84.36	74.93	5.42
41.4	84.48	75.0	5.42
41.6	84.55	74.95	5.41
41.8	84.57	74.8	5.41
42.0	84.42	74.43	5.41
42.2	84.18	73.94	5.41
42.4	83.91	73.38	5.41
42.6	83.64	72.8	5.41
42.8	83.39	72.22	5.41
43.0	83.32	71.78	5.41
43.2	83.29	71.39	5.41
43.4	83.31	71.08	5.4
43.6	83.36	70.85	5.4
43.8	83.43	70.71	5.4
44.0	83.37	70.65	5.4
44.2	83.37	70.72	5.4
44.4	83.48	70.94	5.4
44.6	83.72	71.34	5.4
44.8	84.26	72.07	5.4
45.0	85.18	73.22	5.4
45.2	86.19	74.42	5.4
45.4	87.21	75.56	5.4
45.6	88.14	76.49	5.4
45.8	88.82	76.95	5.4
46.0	89.37	77.16	5.4
46.2	89.78	77.11	5.4
46.4	90.0	76.77	5.4
46.6	89.95	75.97	5.4
46.8	89.77	75.0	5.4
47.0	89.49	73.91	5.4
47.2	89.13	72.79	5.4
47.4	88.79	71.85	5.4
47.6	88.45	71.05	5.4
47.8	88.11	70.37	5.4
48.0	87.78	69.84	5.4
48.2	87.47	69.48	5.4
48.4	87.19	69.5	5.41
48.6	86.96	69.75	5.41
48.8	86.78	70.15	5.41
49.0	86.68	70.67	5.42
49.2	86.67	71.28	5.42
49.4	86.81	71.88	5.42
49.6	87.06	72.51	5.43
49.8	87.4	73.18	5.43
50.0	87.83	73.88	5.43
50.2	88.42	74.69	5.44
50.4	89.19	75.61	5.44
50.6	89.92	76.41	5.45
50.8	90.53	77.0	5.45
51.0	90.83	77.1	5.45
51.2	90.61	76.48	5.46
51.4	90.23	75.61	5.46
51.6	89.75	74.59	5.47
51.8	89.22	73.52	5.47
52.0	88.94	72.78	5.48
52.2	88.71	72.15	5.48
52.4	88.53	71.62	5.48
52.6	88.39	71.2	5.48
52.8	88.29	70.92	5.49
53.0	88.22	70.95	5.49
53.2	88.21	71.11	5.49
53.4	88.24	71.38	5.49
53.6	88.31	71.7	5.5
53.8	88.46	72.08	5.5
54.0	88.74	72.5	5.5
54.2	89.04	72.88	5.51
54.4	89.31	73.18	5.51
54.6	89.51	73.34	5.51
54.8	89.46	73.03	5.51
55.0	89.31	72.56	5.52
55.2	89.09	72.01	5.52
55.4	88.82	71.42	5.52
55.6	88.51	70.93	5.53
55.8	88.2	70.6	5.53
56.0	87.88	70.34	5.53
56.2	87.58	70.16	5.53
56.4	87.32	70.06	5.54
56.6	87.1	70.02	5.54
56.8	86.96	70.08	5.54
57.0	86.89	70.25	5.54
57.2	86.94	70.54	5.55
57.4	87.13	70.97	5.55
57.6	87.71	71.91	5.55
57.8	88.34	72.85	5.56
58.0	88.95	73.67	5.56
58.2	89.45	74.26	5.56
58.4	89.51	74.01	5.57
58.6	89.39	73.42	5.57
58.8	89.15	72.66	5.58
59.0	88.82	71.81	5.58
59.2	88.45	71.16	5.58
59.4	88.06	70.6	5.59
59.6	87.66	70.09	5.59
59.8	87.28	69.65	5.59
60.0	86.95	69.31	5.6
60.2	86.74	69.1	5.6
60.4	86.58	68.99	5.6
60.6	86.49	68.97	5.61
60.8	86.46	69.07	5.61
61.0	86.48	69.29	5.61
61.2	86.54	69.62	5.62
61.4	86.7	70.07	5.62
61.6	86.98	70.62	5.62
61.8	87.4	71.28	5.62
62.0	88.29	72.37	5.62
62.2	89.28	73.47	5.62
62.4	90.2	74.42	5.61
62.6	90.95	75.08	5.61
62.8	91.03	74.78	5.6
63.0	90.77	74.0	5.6
63.2	90.32	72.99	5.59
63.4	89.77	71.89	5.59
63.6	89.36	71.15	5.58
63.8	89.02	70.66	5.57
64.0	88.69	70.27	5.57
64.2	88.39	69.98	5.56
64.4	88.11	69.78	5.55
64.6	87.87	69.63	5.55
64.8	87.69	69.54	5.54
65.0	87.53	69.54	5.54
65.2	87.37	69.63	5.53
65.4	87.23	69.81	5.52
65.6	87.02	70.09	5.52
65.8	86.68	70.45	5.51
66.0	86.4	70.93	5.51
66.2	86.22	71.53	5.51
66.4	86.2	72.29	5.5
66.6	86.59	73.39	5.5
66.8	87.39	74.81	5.49
67.0	88.25	76.2	5.49
67.2	89.07	77.43	5.48
67.4	89.71	78.32	5.48
67.6	89.88	78.46	5.48
67.8	89.89	78.32	5.47
68.0	89.76	77.94	5.47
68.2	89.54	77.39	5.46
68.4	89.28	76.71	5.46
68.6	88.97	75.97	5.45
68.8	88.63	75.24	5.45
69.0	88.28	74.56	5.44
69.2	87.96	74.05	5.44
69.4	87.75	74.02	5.44
69.6	87.57	74.13	5.44
69.8	87.42	74.34	5.45
70.0	87.29	74.63	5.45
70.2	87.17	74.94	5.46
70.4	87.02	75.18	5.46
70.6	86.91	75.43	5.47
70.8	86.84	75.71	5.48
71.0	86.83	76.02	5.48
71.2	87.01	76.42	5.49
71.4	87.36	76.9	5.5
71.6	87.7	77.32	5.51
71.8	87.98	77.63	5.51
72.0	88.09	77.74	5.52
72.2	87.77	77.38	5.53
72.4	87.33	76.88	5.54
72.6	86.78	76.27	5.55
72.8	86.17	75.62	5.55
73.0	85.56	75.03	5.56
73.2	84.98	74.53	5.57
73.4	84.43	74.1	5.58
73.6	83.92	73.79	5.58
73.8	83.47	73.62	5.59
74.0	83.13	73.74	5.59
74.2	82.92	74.13	5.6
74.4	82.8	74.66	5.6
74.6	82.8	75.31	5.61
74.8	82.9	76.03	5.61
75.0	83.24	76.89	5.62
75.2	83.73	77.79	5.62
75.4	84.25	78.62	5.63
75.6	84.74	79.33	5.64
75.8	85.11	79.72	5.64
76.0	85.26	79.65	5.65
76.2	85.32	79.42	5.66
76.4	85.29	79.07	5.66
76.6	85.19	78.66	5.67
76.8	84.96	78.38	5.68
77.0	84.69	78.11	5.68
77.2	84.39	77.87	5.69
77.4	84.09	77.68	5.69
77.6	83.81	77.55	5.7
77.8	83.58	77.5	5.71
78.0	83.42	77.54	5.71
78.2	83.33	77.68	5.72
78.4	83.34	77.95	5.72
78.6	83.54	78.48	5.72
78.8	83.98	79.33	5.72
79.0	84.49	80.2	5.72
79.2	85.01	81.01	5.72
79.4	85.52	81.68	5.72
79.6	85.88	81.87	5.72
79.8	86.18	81.84	5.72
80.0	86.38	81.62	5.71
80.2	86.49	81.21	5.71
80.4	86.36	80.46	5.71
80.6	86.11	79.55	5.71
80.8	85.82	78.61	5.7
81.0	85.5	77.72	5.7
81.2	85.24	77.04	5.7
81.4	85.11	76.8	5.69
81.6	85.05	76.74	5.69
81.8	85.04	76.82	5.69
82.0	85.09	77.04	5.69
82.2	85.2	77.38	5.68
82.4	85.38	77.84	5.68
82.6	85.63	78.35	5.68
82.8	85.98	78.88	5.68
83.0	86.46	79.42	5.67
83.2	87.23	80.05	5.67
83.4	88.01	80.53	5.67
83.6	88.73	80.79	5.66
83.8	89.25	80.6	5.66
84.0	89.39	79.66	5.66
84.2	89.37	78.47	5.65
84.4	89.21	77.17	5.65
84.6	88.95	75.94	5.64
84.8	88.61	75.14	5.64
85.0	88.23	74.48	5.64
85.2	87.83	73.97	5.63
85.4	87.44	73.6	5.63
85.6	87.11	73.42	5.62
85.8	86.89	73.44	5.62
86.0	86.75	73.6	5.62
86.2	86.71	73.9	5.61
86.4	86.8	74.31	5.61
86.6	87.19	74.97	5.61
86.8	87.82	75.79	5.6
87.0	88.45	76.57	5.6
87.2	89.02	77.22	5.6
87.4	89.35	77.54	5.59
87.6	89.25	77.33	5.59
87.8	88.98	76.88	5.59
88.0	88.57	76.22	5.59
88.2	88.04	75.4	5.59
88.4	87.4	74.29	5.59
88.6	86.71	73.13	5.59
88.8	86.0	72.0	5.59
89.0	85.33	70.97	5.58
89.2	84.74	70.23	5.58
89.4	84.35	70.05	5.58
89.6	84.05	70.11	5.58
89.8	83.87	70.38	5.58
90.0	83.81	70.86	5.58
90.2	83.9	71.56	5.58
90.4	84.18	72.49	5.58
90.6	84.55	73.5	5.57
90.8	85.0	74.51	5.57
91.0	85.51	75.46	5.57
91.2	86.1	76.23	5.57
91.4	86.7	76.86	5.57
91.6	87.26	77.33	5.57
91.8	87.76	77.6	5.57
92.0	88.03	77.43	5.57
92.2	88.21	77.09	5.56
92.4	88.3	76.62	5.56
92.6	88.33	76.08	5.56
92.8	88.28	75.51	5.56
93.0	88.16	74.96	5.56
93.2	88.02	74.49	5.57
93.4	87.88	74.12	5.57
93.6	87.77	73.92	5.57
93.8	87.67	74.17	5.57
94.0	87.64	74.72	5.58
94.2	87.71	75.4	5.58
94.4	87.89	76.16	5.58
94.6	88.23	76.94	5.59
94.8	89.14	77.81	5.59
95.0	90.13	78.57	5.59
95.2	91.06	79.14	5.6
95.4	91.81	79.43	5.6
95.6	91.9	78.98	5.6
95.8	91.57	78.07	5.61
96.0	91.05	76.96	5.61
96.2	90.4	75.75	5.62
96.4	89.81	74.66	5.62
96.6	89.29	73.75	5.62
96.8	88.8	72.98	5.63
97.0	88.34	72.37	5.63
97.2	87.94	71.96	5.63
97.4	87.66	72.04	5.64
97.6	87.5	72.55	5.64
97.8	87.41	73.23	5.64
98.0	87.38	74.0	5.64
98.2	87.41	74.81	5.65
98.4	87.45	75.41	5.65
98.6	87.51	75.81	5.65
98.8	87.64	76.2	5.65
99.0	87.87	76.61	5.65
99.2	88.23	77.12	5.65
99.4	88.97	78.03	5.65
99.6	89.71	78.88	5.65
99.8	90.37	79.55	5.64
100.0	90.81	79.89	5.64
100.2	90.54	79.23	5.64
100.4	90.07	78.31	5.64
100.6	89.5	77.23	5.64
100.8	88.91	76.12	5.64
101.0	88.71	75.57	5.64
101.2	88.69	75.26	5.64
101.4	88.72	75.09	5.63
101.6	88.79	75.05	5.63
101.8	88.86	75.11	5.63
102.0	88.77	75.26	5.63
102.2	88.55	75.5	5.63
102.4	88.36	75.77	5.63
102.6	88.24	76.07	5.63
102.8	88.24	76.37	5.63
103.0	88.6	76.43	5.62
103.2	89.14	76.46	5.62
103.4	89.76	76.58	5.62
103.6	90.41	76.85	5.61
103.8	91.04	77.63	5.61
104.0	91.58	79.01	5.61
104.2	92.08	80.45	5.6
104.4	92.51	81.78	5.6
104.6	92.86	82.85	5.6
104.8	93.09	82.9	5.59
105.0	93.22	82.57	5.59
105.2	93.24	81.99	5.58
105.4	93.16	81.24	5.58
105.6	92.86	80.38	5.58
105.8	92.47	79.51	5.58
106.0	92.04	78.69	5.58
106.2	91.64	78.01	5.58
106.4	91.36	77.85	5.58
106.6	91.16	77.87	5.58
106.8	91.04	78.01	5.58
107.0	91.03	78.22	5.59
107.2	91.37	78.56	5.59
107.4	91.71	78.78	5.59
107.6	91.96	78.78	5.59
107.8	91.92	78.25	5.59
108.0	91.37	76.84	5.59
108.2	90.62	75.2	5.59
108.4	89.74	73.52	5.6
108.6	88.8	72.17	5.6
108.8	87.88	71.43	5.6
109.0	86.96	70.91	5.6
109.2	86.08	70.61	5.6
109.4	85.27	70.49	5.6
109.6	84.65	70.53	5.61
109.8	84.14	70.71	5.61
110.0	83.75	71.0	5.61
110.2	83.46	71.37	5.61
110.4	83.33	71.81	5.61
110.6	83.4	72.31	5.61
110.8	83.52	72.79	5.61
111.0	83.62	73.21	5.61
111.2	83.64	73.48	5.61
111.4	83.45	73.45	5.61
111.6	83.18	73.33	5.61
111.8	82.88	73.16	5.61
112.0	82.54	72.98	5.61
112.2	82.18	72.85	5.61
112.4	81.84	72.77	5.61
112.6	81.52	72.76	5.61
112.8	81.26	72.86	5.61
113.0	81.07	73.22	5.61
113.2	80.98	73.79	5.61
113.4	80.98	74.45	5.61
113.6	81.1	75.18	5.61
113.8	81.34	75.94	5.61
114.0	81.93	76.69	5.61
114.2	82.59	77.42	5.61
114.4	83.27	78.09	5.61
114.6	83.91	78.66	5.62
114.8	84.29	79.03	5.62
115.0	84.57	79.27	5.62
115.2	84.76	79.39	5.62
115.4	84.87	79.39	5.63
115.6	84.86	79.15	5.63
115.8	84.8	78.83	5.63
116.0	84.7	78.5	5.63
116.2	84.61	78.23	5.63
116.4	84.59	78.24	5.64
116.6	84.63	78.5	5.64
116.8	84.71	78.85	5.64
117.0	84.86	79.23	5.64
117.2	85.1	79.64	5.64
117.4	85.56	80.08	5.64
117.6	86.0	80.39	5.64
117.8	86.35	80.51	5.64
118.0	86.5	80.25	5.63
118.2	86.16	79.18	5.63
118.4	85.67	77.93	5.63
118.6	85.11	76.62	5.62
118.8	84.53	75.41	5.62
119.0	84.16	74.95	5.62
119.2	83.86	74.78	5.62
119.4	83.65	74.82	5.61
119.6	83.53	75.03	5.61
119.8	83.51	75.37	5.61
120.0	83.54	75.65	5.6
120.2	83.73	76.08	5.6
120.4	84.1	76.68	5.6
120.6	84.69	77.46	5.59
120.8	85.75	78.74	5.59
121.0	87.18	80.33	5.59
121.2	88.68	81.86	5.6
121.4	90.15	83.18	5.6
121.6	91.41	83.88	5.6
121.8	92.42	84.03	5.61
122.0	93.2	83.77	5.61
122.2	93.7	83.1	5.62
122.4	93.51	81.58	5.62
122.6	92.97	79.68	5.62
122.8	92.26	77.67	5.63
123.0	91.51	75.75	5.63
123.2	91.03	74.56	5.64
123.4	91.02	74.46	5.64
123.6	91.14	74.69	5.64
123.8	91.38	75.16	5.65
124.0	91.7	75.76	5.65
124.2	92.09	76.37	5.65
124.4	92.58	76.74	5.65
124.6	93.05	77.03	5.65
124.8	93.47	77.2	5.65
125.0	93.81	77.22	5.65
125.2	93.9	76.9	5.65
125.4	93.83	76.37	5.65
125.6	93.63	75.66	5.65
125.8	93.31	74.81	5.65
126.0	92.78	73.67	5.65
126.2	92.11	72.39	5.65
126.4	91.4	71.1	5.64
126.6	90.68	69.91	5.64
126.8	90.01	68.91	5.64
127.0	89.63	68.63	5.64
127.2	89.36	68.65	5.64
127.4	89.17	68.88	5.64
127.6	89.03	69.28	5.64
127.8	88.95	69.79	5.63
128.0	88.93	70.44	5.63
128.2	88.92	71.11	5.63
128.4	88.89	71.71	5.63
128.6	88.81	72.19	5.63
128.8	88.53	72.17	5.62
129.0	88.08	71.73	5.62
129.2	87.59	71.18	5.61
129.4	87.11	70.64	5.6
129.6	86.67	70.18	5.6
129.8	86.51	70.39	5.59
130.0	86.45	70.81	5.59
130.2	86.45	71.37	5.58
130.4	86.51	72.05	5.57
130.6	86.61	72.81	5.57
130.8	86.69	73.62	5.56
131.0	86.77	74.43	5.55
131.2	86.89	75.22	5.55
131.4	87.04	75.96	5.54
131.6	87.25	76.61	5.54
131.8	87.63	77.14	5.55
132.0	87.98	77.51	5.55
132.2	88.26	77.71	5.56
132.4	88.42	77.69	5.56
132.6	88.1	77.07	5.57
132.8	87.62	76.27	5.57
133.0	87.06	75.38	5.58
133.2	86.46	74.49	5.59
133.4	85.95	73.89	5.59
133.6	85.66	73.82	5.6
133.8	85.42	73.88	5.6
134.0	85.21	74.01	5.6
134.2	85.04	74.18	5.61
134.4	84.89	74.34	5.61
134.6	84.65	74.1	5.61
134.8	84.44	73.84	5.62
135.0	84.28	73.63	5.62
135.2	84.18	73.51	5.62
135.4	84.18	73.59	5.62
135.6	84.41	74.18	5.62
135.8	84.69	74.84	5.62
136.0	84.96	75.48	5.62
136.2	85.2	76.03	5.62
136.4	85.22	76.0	5.62
136.6	85.1	75.67	5.62
136.8	84.94	75.23	5.62
137.0	84.73	74.76	5.63
137.2	84.51	74.31	5.63
137.4	84.29	74.21	5.63
137.6	84.09	74.27	5.63
137.8	83.93	74.43	5.63
138.0	83.83	74.66	5.63
138.2	83.8	74.95	5.63
138.4	84.08	75.42	5.63
138.6	84.45	75.91	5.63
138.8	84.81	76.34	5.64
139.0	85.11	76.65	5.64
139.2	85.15	76.58	5.64
139.4	84.87	76.07	5.64
139.6	84.49	75.43	5.64
139.8	84.04	74.74	5.64
140.0	83.56	74.07	5.65
140.2	83.22	73.79	5.65
140.4	82.93	73.69	5.65
140.6	82.68	73.68	5.65
140.8	82.46	73.77	5.65
141.0	82.27	73.91	5.65
141.2	82.11	74.1	5.66
141.4	81.99	74.31	5.66
141.6	81.9	74.54	5.66
141.8	81.85	74.79	5.67
142.0	81.85	75.05	5.67
142.2	81.94	75.3	5.68
142.4	82.08	75.52	5.69
142.6	82.23	75.73	5.69
142.8	82.35	75.92	5.7
143.0	82.41	76.05	5.71
143.2	82.31	76.1	5.72
143.4	82.17	76.14	5.72
143.6	82.0	76.16	5.73
143.8	81.83	76.2	5.74
144.0	81.67	76.32	5.74
144.2	81.56	76.53	5.74
144.4	81.48	76.76	5.75
144.6	81.43	76.99	5.75
144.8	81.42	77.21	5.75
145.0	81.49	77.37	5.75
145.2	81.66	77.45	5.75
145.4	81.84	77.5	5.75
145.6	82.02	77.51	5.75
145.8	82.17	77.48	5.75
146.0	82.17	77.35	5.75
146.2	82.13	77.19	5.75
146.4	82.06	77.02	5.75
146.6	81.99	76.85	5.75
146.8	81.93	76.7	5.75
147.0	81.88	76.58	5.76
147.2	81.87	76.51	5.76
147.4	81.91	76.51	5.76
147.6	82.03	76.6	5.76
147.8	82.31	76.87	5.76
148.0	82.76	77.31	5.75
148.2	83.23	77.8	5.75
148.4	83.69	78.29	5.75
148.6	84.04	78.71	5.75
148.8	84.21	78.99	5.75
149.0	84.3	79.19	5.74
149.2	84.34	79.32	5.74
149.4	84.33	79.37	5.74
149.6	84.25	79.17	5.73
149.8	84.15	78.9	5.73
150.0	84.08	78.64	5.73
150.2	84.04	78.44	5.72
150.4	84.12	78.44	5.72
150.6	84.4	78.82	5.72
150.8	84.73	79.25	5.71
151.0	85.1	79.68	5.71
151.2	85.48	80.05	5.71
151.4	85.9	80.17	5.7
151.6	86.28	80.17	5.7
151.8	86.56	80.03	5.69
152.0	86.71	79.77	5.69
152.2	86.46	79.23	5.68
152.4	86.03	78.59	5.68
152.6	85.5	77.89	5.67
152.8	84.92	77.19	5.67
153.0	84.39	76.61	5.66
153.2	83.93	76.17	5.66
153.4	83.5	75.82	5.65
153.6	83.12	75.58	5.65
153.8	82.82	75.44	5.64
154.0	82.63	75.53	5.64
154.2	82.54	75.75	5.63
154.4	82.54	76.05	5.63
154.6	82.64	76.4	5.62
154.8	82.88	76.78	5.62
155.0	83.31	77.16	5.62
155.2	83.79	77.52	5.61
155.4	84.26	77.83	5.61
155.6	84.62	78.05	5.61
155.8	84.75	78.11	5.61
156.0	84.82	78.08	5.61
156.2	84.85	77.99	5.61
156.4	84.87	77.84	5.61
156.6	84.96	77.52	5.61
156.8	85.07	77.21	5.61
157.0	85.21	76.94	5.61
157.2	85.38	76.77	5.61
157.4	85.59	76.94	5.61
157.6	85.84	77.43	5.61
157.8	86.14	77.97	5.61
158.0	86.48	78.49	5.61
158.2	86.9	78.92	5.61
158.4	87.49	79.13	5.61
158.6	88.04	79.16	5.62
158.8	88.49	78.96	5.62
159.0	88.69	78.38	5.62
159.2	88.46	77.22	5.63
159.4	88.07	75.9	5.63
159.6	87.57	74.53	5.63
159.8	87.02	73.24	5.63
160.0	86.54	72.47	5.64
160.2	86.08	71.9	5.64
160.4	85.66	71.53	5.64
160.6	85.29	71.37	5.64
160.8	85.01	71.46	5.64
161.0	84.92	71.95	5.65
161.2	84.9	72.59	5.65
161.4	84.96	73.32	5.65
161.6	85.08	74.09	5.65
161.8	85.25	74.78	5.65
162.0	85.47	75.32	5.66
162.2	85.72	75.8	5.66
162.4	85.98	76.23	5.66
162.6	86.24	76.55	5.66
162.8	86.44	76.73	5.67
163.0	86.66	76.87	5.67
163.2	86.9	76.99	5.67
163.4	87.18	77.13	5.67
163.6	87.61	77.45	5.68
163.8	88.07	77.82	5.68
164.0	88.55	78.2	5.68
164.2	89.01	78.58	5.68
164.4	89.39	78.9	5.68
164.6	89.65	79.15	5.69
164.8	89.88	79.36	5.69
165.0	90.09	79.53	5.69
165.2	90.3	79.67	5.69
165.4	90.69	79.87	5.69
165.6	91.08	80.01	5.7
165.8	91.38	80.05	5.7
166.0	91.57	79.95	5.7
166.2	91.4	79.49	5.7
166.4	90.97	78.76	5.71
166.6	90.44	77.95	5.71
166.8	89.85	77.11	5.71
167.0	89.33	76.39	5.72
167.2	88.99	75.93	5.72
167.4	88.69	75.56	5.72
167.6	88.43	75.29	5.72
167.8	88.21	75.11	5.72
168.0	88.02	75.02	5.73
168.2	87.73	74.92	5.73
168.4	87.49	74.92	5.73
168.6	87.33	75.04	5.73
168.8	87.27	75.32	5.73
169.0	87.34	75.76	5.73
169.2	87.77	76.74	5.73
169.4	88.33	77.83	5.73
169.6	88.93	78.88	5.73
169.8	89.53	79.81	5.73
170.0	90.03	80.24	5.73
170.2	90.43	80.32	5.72
170.4	90.75	80.23	5.72
170.6	90.99	79.99	5.72
170.8	91.05	79.68	5.71
171.0	90.97	79.33	5.71
171.2	90.84	78.95	5.71
171.4	90.67	78.56	5.7
171.6	90.52	78.21	5.7
171.8	90.45	77.92	5.7
172.0	90.44	77.72	5.69
172.2	90.48	77.63	5.69
172.4	90.61	77.7	5.69
172.6	90.88	78.11	5.69
172.8	91.34	78.98	5.68
173.0	91.85	79.89	5.68
173.2	92.36	80.73	5.69
173.4	92.84	81.39	5.69
173.6	93.28	81.44	5.69
173.8	93.61	81.21	5.69
174.0	93.78	80.74	5.7
174.2	93.74	80.03	5.7
174.4	93.14	78.89	5.71
174.6	92.35	77.61	5.71
174.8	91.44	76.29	5.72
175.0	90.49	75.03	5.72
175.2	89.74	74.16	5.73
175.4	89.13	73.56	5.73
175.6	88.58	73.17	5.74
175.8	88.1	72.98	5.74
176.0	87.7	73.01	5.74
176.2	87.4	73.55	5.75
176.4	87.19	74.28	5.75
176.6	87.04	75.05	5.75
176.8	86.95	75.75	5.75
177.0	86.92	76.22	5.75
177.2	87.01	76.16	5.75
177.4	87.09	75.96	5.75
177.6	87.11	75.67	5.75
177.8	86.98	75.37	5.75
178.0	86.58	75.14	5.75
178.2	86.1	74.92	5.75
178.4	85.58	74.71	5.75
178.6	85.06	74.52	5.75
178.8	84.65	74.3	5.75
179.0	84.29	74.12	5.74
179.2	83.97	74.02	5.74
179.4	83.7	74.02	5.74
179.6	83.5	74.19	5.74
179.8	83.37	74.56	5.74
180.0	83.31	75.05	5.74
180.2	83.34	75.65	5.74
180.4	83.45	76.35	5.74
180.6	83.8	77.35	5.74
180.8	84.19	78.33	5.74
181.0	84.58	79.23	5.74
181.2	84.91	79.93	5.73
181.4	84.99	80.03	5.73
181.6	85.0	79.94	5.73
181.8	84.97	79.7	5.73
182.0	84.92	79.39	5.73
182.2	84.91	79.12	5.72
182.4	84.92	78.87	5.72
182.6	84.96	78.67	5.72
182.8	85.06	78.54	5.72
183.0	85.21	78.58	5.72
183.2	85.44	78.77	5.71
183.4	85.76	79.08	5.71
183.6	86.19	79.52	5.71
183.8	86.83	80.21	5.71
184.0	87.71	81.2	5.71
184.2	88.61	82.1	5.71
184.4	89.44	82.79	5.71
184.6	90.03	82.82	5.72
184.8	90.33	82.22	5.72
185.0	90.48	81.34	5.72
185.2	90.47	80.3	5.72
185.4	90.29	79.29	5.72
185.6	89.96	78.34	5.73
185.8	89.53	77.43	5.73
186.0	89.05	76.61	5.73
186.2	88.55	75.98	5.73
186.4	88.09	75.65	5.73
186.6	87.64	75.46	5.74
186.8	87.23	75.38	5.74
187.0	86.88	75.41	5.74
187.2	86.56	75.42	5.74
187.4	86.32	75.42	5.74
187.6	86.2	75.55	5.74
187.8	86.25	75.82	5.75
188.0	86.48	76.28	5.75
188.2	87.25	77.3	5.75
188.4	88.16	78.44	5.75
188.6	89.14	79.58	5.75
188.8	90.09	80.63	5.75
189.0	90.84	81.36	5.75
189.2	91.45	81.84	5.75
189.4	91.89	82.02	5.75
189.6	92.12	81.88	5.75
189.8	91.85	80.88	5.75
190.0	91.38	79.59	5.75
190.2	90.79	78.17	5.75
190.4	90.16	76.76	5.75
190.6	89.7	75.81	5.75
190.8	89.4	75.27	5.75
191.0	89.16	74.92	5.75
191.2	89.01	74.77	5.75
191.4	88.93	74.8	5.75
191.6	88.95	75.09	5.75
191.8	89.07	75.54	5.75
192.0	89.27	76.11	5.75
192.2	89.53	76.74	5.75
192.4	89.87	77.4	5.75
192.6	90.32	78.02	5.75
192.8	90.8	78.61	5.76
193.0	91.3	79.13	5.76
193.2	91.77	79.54	5.76
193.4	92.19	79.74	5.76
193.6	92.55	79.79	5.76
193.8	92.85	79.72	5.76
194.0	93.06	79.53	5.76
194.2	93.05	79.09	5.76
194.4	92.95	78.55	5.76
194.6	92.8	78.0	5.76
194.8	92.61	77.47	5.76
195.0	92.46	77.16	5.76
195.2	92.35	77.11	5.76
195.4	92.28	77.15	5.76
195.6	92.24	77.24	5.76
195.8	92.26	77.36	5.77
196.0	92.46	77.49	5.77
196.2	92.72	77.58	5.77
196.4	92.95	77.61	5.77
196.6	93.1	77.52	5.77
196.8	93.0	77.2	5.77
197.0	92.69	76.68	5.77
197.2	92.26	76.03	5.77
197.4	91.74	75.27	5.77
197.6	91.14	74.35	5.78
197.8	90.46	73.3	5.78
198.0	89.77	72.28	5.78
198.2	89.08	71.35	5.78
198.4	88.43	70.59	5.78
198.6	87.89	70.39	5.78
198.8	87.44	70.5	5.78
199.0	87.09	70.82	5.78
199.2	86.85	71.31	5.79
199.4	86.73	71.95	5.79
199.6	86.9	72.81	5.79
199.8	87.19	73.73	5.79
200.0	87.51	74.6	5.79
200.2	87.83	75.35	5.79
200.4	88.03	75.72	5.78
200.6	88.13	75.78	5.78
200.8	88.14	75.68	5.77
201.0	88.05	75.44	5.77
201.2	87.77	75.05	5.76
201.4	87.33	74.58	5.76
201.6	86.84	74.08	5.75
201.8	86.34	73.61	5.75
202.0	85.87	73.25	5.74
202.2	85.49	73.06	5.73
202.4	85.19	73.01	5.73
202.6	85.01	73.13	5.72
202.8	84.96	73.44	5.72
203.0	85.28	74.26	5.71
203.2	85.79	75.33	5.71
203.4	86.37	76.4	5.71
203.6	86.97	77.37	5.7
203.8	87.46	77.95	5.7
204.0	87.84	78.11	5.7
204.2	88.1	78.02	5.7
204.4	88.24	77.7	5.7
204.6	88.1	77.02	5.7
204.8	87.77	76.09	5.7
205.0	87.34	75.1	5.71
205.2	86.87	74.12	5.71
205.4	86.48	73.47	5.71
205.6	86.22	73.23	5.71
205.8	86.0	73.13	5.71
206.0	85.82	73.14	5.71
206.2	85.68	73.21	5.71
206.4	85.55	73.21	5.71
206.6	85.46	73.19	5.71
206.8	85.42	73.21	5.71
207.0	85.46	73.28	5.71
207.2	85.63	73.47	5.71
207.4	85.98	73.82	5.71
207.6	86.34	74.14	5.71
207.8	86.67	74.37	5.71
208.0	86.86	74.35	5.71
208.2	86.82	73.94	5.71
208.4	86.69	73.41	5.71
208.6	86.48	72.83	5.71
208.8	86.21	72.25	5.71
209.0	85.86	71.79	5.71
209.2	85.5	71.43	5.71
209.4	85.15	71.17	5.71
209.6	84.84	71.07	5.7
209.8	84.61	71.26	5.7
210.0	84.5	71.76	5.7
210.2	84.49	72.4	5.7
210.4	84.58	73.15	5.7
210.6	84.78	73.97	5.7
210.8	85.23	74.8	5.71
211.0	85.81	75.63	5.71
211.2	86.44	76.42	5.72
211.4	87.08	77.13	5.73
211.6	87.64	77.71	5.74
211.8	88.12	78.15	5.75
212.0	88.52	78.42	5.76
212.2	88.84	78.5	5.76
212.4	89.02	78.19	5.77
212.6	89.06	77.58	5.78
212.8	89.01	76.85	5.79
213.0	88.88	76.07	5.8
213.2	88.65	75.4	5.81
213.4	88.32	74.95	5.82
213.6	87.95	74.59	5.83
213.8	87.56	74.32	5.84
214.0	87.17	74.14	5.84
214.2	86.83	74.03	5.85
214.4	86.53	74.01	5.86
214.6	86.29	74.09	5.86
214.8	86.1	74.29	5.86
215.0	86.0	74.66	5.87
215.2	86.1	75.41	5.86
215.4	86.22	76.15	5.86
215.6	86.33	76.8	5.86
215.8	86.4	77.25	5.86
216.0	86.23	76.87	5.85
216.2	85.99	76.28	5.85
216.4	85.72	75.58	5.85
216.6	85.43	74.87	5.84
216.8	85.18	74.46	5.84
217.0	84.95	74.27	5.84
217.2	84.75	74.2	5.83
217.4	84.58	74.25	5.83
217.6	84.46	74.45	5.83
217.8	84.41	74.88	5.82
218.0	84.41	75.39	5.82
218.2	84.46	75.94	5.82
218.4	84.58	76.49	5.81
218.6	84.83	76.92	5.81
218.8	85.14	77.28	5.8
219.0	85.44	77.58	5.8
219.2	85.71	77.82	5.8
219.4	85.75	77.86	5.79
219.6	85.74	77.86	5.79
219.8	85.75	77.88	5.79
220.0	85.83	78.01	5.78
220.2	86.14	78.46	5.78
220.4	86.52	79.0	5.77
220.6	86.96	79.57	5.77
220.8	87.48	80.16	5.77
221.0	88.08	80.74	5.78
221.2	88.62	81.21	5.78
221.4	89.02	81.5	5.79
221.6	89.04	81.37	5.8
221.8	88.77	80.92	5.81
222.0	88.33	80.3	5.82
222.2	87.78	79.59	5.83
222.4	87.16	78.84	5.83
222.6	86.5	78.11	5.84
222.8	85.83	77.44	5.85
223.0	85.19	76.89	5.86
223.2	84.64	76.61	5.86
223.4	84.21	76.59	5.87
223.6	83.88	76.76	5.88
223.8	83.66	77.13	5.88
224.0	83.6	77.76	5.89
224.2	83.74	78.79	5.89
224.4	84.0	79.87	5.89
224.6	84.34	80.9	5.89
224.8	84.74	81.68	5.89
225.0	85.19	81.95	5.89
225.2	85.64	82.05	5.88
225.4	86.06	82.02	5.87
225.6	86.38	81.96	5.87
225.8	86.57	81.92	5.86
226.0	86.66	81.77	5.85
226.2	86.61	81.53	5.85
226.4	86.33	81.04	5.84
226.6	85.85	80.36	5.83
226.8	85.29	79.62	5.83
227.0	84.69	78.88	5.82
227.2	84.13	78.23	5.81
227.4	83.67	77.74	5.81
227.6	83.3	77.37	5.8
227.8	83.03	77.14	5.79
228.0	82.9	77.08	5.78
228.2	83.14	77.46	5.78
228.4	83.54	78.01	5.77
228.6	84.0	78.61	5.76
228.8	84.45	79.17	5.76
229.0	84.76	79.53	5.75
229.2	84.92	79.68	5.74
229.4	85.01	79.66	5.74
229.6	85.01	79.45	5.73
229.8	84.9	78.85	5.72
230.0	84.68	77.94	5.72
230.2	84.4	76.94	5.71
230.4	84.09	75.92	5.7
230.6	83.77	75.02	5.69
230.8	83.45	74.48	5.69
231.0	83.15	74.09	5.68
231.2	82.89	73.86	5.67
231.4	82.67	73.79	5.67
231.6	82.52	73.91	5.66
231.8	82.46	74.23	5.67
232.0	82.49	74.69	5.67
232.2	82.64	75.27	5.68
232.4	82.92	75.97	5.68
232.6	83.57	76.97	5.69
232.8	84.28	77.95	5.69
233.0	85.0	78.81	5.7
233.2	85.65	79.44	5.7
233.4	86.03	79.41	5.71
233.6	86.29	79.14	5.71
233.8	86.44	78.68	5.72
234.0	86.45	78.1	5.72
234.2	86.28	77.5	5.73
234.4	86.03	76.86	5.73
234.6	85.7	76.22	5.74
234.8	85.33	75.6	5.75
235.0	84.96	75.12	5.75
235.2	84.6	74.72	5.76
235.4	84.24	74.41	5.76
235.6	83.92	74.2	5.76
235.8	83.63	74.1	5.77
236.0	83.38	74.19	5.77
236.2	83.22	74.37	5.77
236.4	83.15	74.63	5.78
236.6	83.21	74.93	5.78
236.8	83.58	75.3	5.78
237.0	84.17	75.7	5.78
237.2	84.77	76.05	5.78
237.4	85.3	76.32	5.78
237.6	85.54	76.43	5.77
237.8	85.48	76.36	5.77
238.0	85.26	76.14	5.77
238.2	84.9	75.75	5.77
238.4	84.38	75.02	5.77
238.6	83.73	74.01	5.76
238.8	83.03	72.94	5.76
239.0	82.3	71.9	5.76
239.2	81.61	70.97	5.76
239.4	81.08	70.6	5.75
239.6	80.64	70.44	5.75
239.8	80.29	70.48	5.75
240.0	80.03	70.71	5.75
240.2	79.9	71.13	5.75
240.4	79.92	71.78	5.74
240.6	80.06	72.58	5.74
240.8	80.34	73.49	5.74
241.0	80.74	74.49	5.74
241.2	81.4	75.66	5.74
241.4	82.3	76.97	5.74
241.6	83.2	78.14	5.74
241.8	84.01	79.06	5.74
242.0	84.52	79.4	5.74
242.2	84.55	78.89	5.74
242.4	84.43	78.11	5.74
242.6	84.21	77.18	5.74
242.8	83.96	76.27	5.74
243.0	83.87	75.82	5.74
243.2	83.8	75.47	5.74
243.4	83.74	75.23	5.74
243.6	83.71	75.08	5.74
243.8	83.7	75.01	5.74
244.0	83.71	75.0	5.75
244.2	83.77	75.09	5.75
244.4	83.88	75.32	5.75
244.6	84.05	75.7	5.75
244.8	84.27	76.35	5.75
245.0	84.56	77.28	5.75
245.2	84.96	78.29	5.75
245.4	85.49	79.36	5.75
245.6	86.19	80.42	5.75
245.8	87.42	81.39	5.76
246.0	88.71	82.26	5.76
246.2	89.93	83.01	5.76
246.4	90.97	83.6	5.77
246.6	91.52	84.03	5.77
246.8	91.79	84.19	5.77
247.0	91.8	84.03	5.78
247.2	91.45	83.34	5.78
247.4	90.64	81.75	5.78
247.6	89.64	79.92	5.79
247.8	88.56	78.03	5.79
248.0	87.49	76.26	5.79
248.2	86.85	75.52	5.8
248.4	86.4	75.22	5.8
248.6	86.08	75.21	5.8
248.8	85.9	75.46	5.8
249.0	85.85	75.91	5.8
249.2	85.94	76.51	5.81
249.4	86.15	77.23	5.81
249.6	86.47	78.03	5.81
249.8	86.88	78.88	5.81
250.0	87.44	79.77	5.81
250.2	88.17	80.7	5.8
250.4	88.87	81.49	5.8
250.6	89.46	82.06	5.8
250.8	89.76	82.15	5.8
251.0	89.61	81.59	5.79
251.2	89.29	80.78	5.79
251.4	88.84	79.8	5.79
251.6	88.32	78.79	5.79
251.8	87.84	77.99	5.78
252.0	87.36	77.26	5.78
252.2	86.89	76.6	5.78
252.4	86.47	76.05	5.77
252.6	86.12	75.64	5.77
252.8	85.91	75.49	5.77
253.0	85.8	75.49	5.76
253.2	85.78	75.64	5.76
253.4	85.88	75.94	5.76
253.6	86.13	76.44	5.76
253.8	86.72	77.4	5.75
254.0	87.33	78.35	5.75
254.2	87.89	79.16	5.75
254.4	88.32	79.71	5.75
254.6	88.26	79.36	5.75
254.8	87.98	78.62	5.75
255.0	87.56	77.68	5.75
255.2	87.04	76.63	5.75
255.4	86.51	75.71	5.75
255.6	85.96	74.92	5.75
255.8	85.42	74.23	5.75
256.0	84.91	73.67	5.75
256.2	84.45	73.27	5.75
256.4	84.11	73.32	5.75
256.6	83.88	73.6	5.75
256.8	83.74	74.01	5.75
257.0	83.71	74.53	5.75
257.2	83.79	75.11	5.75
257.4	84.1	75.56	5.75
257.6	84.52	76.03	5.75
257.8	84.99	76.55	5.75
258.0	85.5	77.11	5.75
258.2	86.01	77.92	5.75
258.4	86.49	78.83	5.74
258.6	86.9	79.64	5.74
258.8	87.18	80.25	5.73
259.0	87.18	80.24	5.73
259.2	86.95	79.73	5.72
259.4	86.59	79.0	5.72
259.6	86.14	78.13	5.71
259.8	85.65	77.24	5.71
260.0	85.18	76.52	5.7
260.2	84.71	75.85	5.7
260.4	84.25	75.25	5.69
260.6	83.84	74.75	5.69
260.8	83.49	74.42	5.68
261.0	83.23	74.31	5.68
261.2	83.07	74.36	5.67
261.4	83.01	74.57	5.67
261.6	83.07	74.95	5.67
261.8	83.35	75.66	5.66
262.0	83.88	76.7	5.67
262.2	84.45	77.73	5.67
262.4	84.98	78.63	5.67
262.6	85.38	79.17	5.68
262.8	85.47	79.02	5.68
263.0	85.46	78.62	5.69
263.2	85.36	78.04	5.69
263.4	85.2	77.35	5.7
263.6	85.0	76.66	5.71
263.8	84.76	75.94	5.71
264.0	84.52	75.25	5.72
264.2	84.27	74.61	5.72
264.4	84.07	74.13	5.73
264.6	83.91	73.83	5.73
264.8	83.79	73.65	5.74
265.0	83.73	73.59	5.74
265.2	83.73	73.68	5.74
265.4	83.81	74.02	5.75
265.6	83.98	74.51	5.75
265.8	84.22	75.06	5.75
266.0	84.54	75.64	5.75
266.2	85.03	76.22	5.75
266.4	85.7	76.76	5.75
266.6	86.35	77.19	5.75
266.8	86.9	77.47	5.74
267.0	87.19	77.46	5.74
267.2	87.09	77.06	5.74
267.4	86.83	76.5	5.74
267.6	86.44	75.81	5.74
267.8	85.95	75.05	5.74
268.0	85.4	74.27	5.74
268.2	84.82	73.5	5.74
268.4	84.24	72.8	5.73
268.6	83.69	72.21	5.73
268.8	83.26	71.93	5.73
269.0	82.93	71.86	5.73
269.2	82.69	71.93	5.73
269.4	82.54	72.14	5.73
269.6	82.51	72.48	5.73
269.8	82.73	73.08	5.73
270.0	83.02	73.7	5.72
270.2	83.34	74.29	5.72
270.4	83.64	74.76	5.72
270.6	83.83	74.87	5.72
270.8	83.95	74.79	5.72
271.0	83.99	74.55	5.72
271.2	83.93	74.17	5.72
271.4	83.63	73.54	5.72
271.6	83.22	72.82	5.72
271.8	82.76	72.06	5.72
272.0	82.28	71.31	5.72
272.2	81.83	70.67	5.72
272.4	81.45	70.16	5.72
272.6	81.12	69.79	5.72
272.8	80.87	69.6	5.72
273.0	80.73	69.64	5.72
273.2	80.74	70.08	5.72
273.4	80.88	70.72	5.72
273.6	81.15	71.51	5.73
273.8	81.55	72.44	5.73
274.0	82.3	73.62	5.73
274.2	83.16	74.84	5.73
274.4	84.0	75.96	5.73
274.6	84.72	76.87	5.74
274.8	85.04	77.17	5.74
275.0	85.15	77.15	5.74
275.2	85.07	76.87	5.74
275.4	84.81	76.34	5.75
275.6	84.22	75.37	5.75
275.8	83.52	74.3	5.75
276.0	82.76	73.21	5.76
276.2	82.01	72.24	5.76
276.4	81.49	71.84	5.76
276.6	81.18	71.94	5.76
276.8	80.96	72.25	5.77
277.0	80.82	72.71	5.77
277.2	80.74	73.27	5.77
277.4	80.72	73.8	5.77
277.6	80.74	74.31	5.77
277.8	80.78	74.79	5.77
278.0	80.85	75.24	5.77
278.2	80.92	75.59	5.77
278.4	80.96	75.77	5.77
278.6	81.01	75.87	5.77
278.8	81.06	75.91	5.77
279.0	81.13	75.88	5.77
279.2	81.24	75.72	5.76
279.4	81.37	75.53	5.76
279.6	81.5	75.36	5.76
279.8	81.66	75.25	5.76
280.0	81.81	75.24	5.76
280.2	81.86	75.57	5.76
280.4	81.95	76.02	5.75
280.6	82.1	76.57	5.75
280.8	82.35	77.21	5.75
281.0	82.83	77.98	5.75
281.2	83.61	78.89	5.75
281.4	84.45	79.75	5.74
281.6	85.29	80.49	5.74
281.8	86.04	80.99	5.74
282.0	86.57	81.04	5.74
282.2	86.97	80.86	5.74
282.4	87.22	80.46	5.74
282.6	87.29	79.85	5.73
282.8	87.01	78.89	5.73
283.0	86.59	77.83	5.73
283.2	86.09	76.75	5.73
283.4	85.55	75.75	5.73
283.6	85.1	75.13	5.73
283.8	84.73	74.83	5.72
284.0	84.41	74.71	5.72
284.2	84.15	74.74	5.72
284.4	83.96	74.91	5.72
284.6	83.88	75.24	5.72
284.8	83.9	75.68	5.72
285.0	83.99	76.17	5.72
285.2	84.17	76.66	5.72
285.4	84.45	77.12	5.72
285.6	84.92	77.53	5.72
285.8	85.38	77.82	5.73
286.0	85.8	77.94	5.73
286.2	86.09	77.81	5.73
286.4	86.05	77.14	5.74
286.6	85.89	76.31	5.74
286.8	85.63	75.39	5.74
287.0	85.29	74.47	5.74
287.2	84.89	73.81	5.75
287.4	84.47	73.31	5.75
287.6	84.05	72.93	5.75
287.8	83.65	72.68	5.75
