0.2	99.92	40.61	5.65
0.4	99.38	40.42	5.64
0.6	98.89	40.28	5.64
0.8	98.45	40.21	5.64
1.0	98.06	40.2	5.65
1.2	97.72	40.24	5.65
1.4	97.41	40.34	5.65
1.6	97.14	40.48	5.66
1.8	96.9	40.68	5.66
2.0	96.66	40.92	5.66
2.2	96.39	41.17	5.67
2.4	96.18	41.49	5.67
2.6	96.03	41.88	5.68
2.8	95.99	42.34	5.68
3.0	96.15	43.02	5.69
3.2	96.39	43.74	5.69
3.4	96.72	44.44	5.7
3.6	97.11	45.08	5.7
3.8	97.59	45.56	5.71
4.0	98.06	45.95	5.71
4.2	98.48	46.23	5.72
4.4	98.76	46.37	5.72
4.6	98.79	46.35	5.73
4.8	98.74	46.24	5.73
5.0	98.63	46.06	5.74
5.2	98.52	45.86	5.74
5.4	98.46	45.66	5.75
5.6	98.4	45.45	5.75
5.8	98.36	45.24	5.76
6.0	98.34	45.05	5.76
6.2	98.37	44.91	5.77
6.4	98.41	44.78	5.77
6.6	98.45	44.67	5.78
6.8	98.47	44.58	5.78
7.0	98.44	44.5	5.79
7.2	98.37	44.44	5.79
7.4	98.27	44.38	5.8
7.6	98.14	44.33	5.8
7.8	97.9	44.26	5.81
8.0	97.63	44.18	5.81
8.2	97.39	44.15	5.82
8.4	97.24	44.17	5.82
8.6	97.29	44.29	5.82
8.8	97.54	44.52	5.82
9.0	97.92	44.84	5.82
9.2	98.42	45.24	5.82
9.4	99.1	45.87	5.82
9.6	99.91	46.63	5.82
9.8	100.72	47.34	5.81
10.0	101.46	47.9	5.81
10.2	101.97	47.98	5.81
10.4	102.28	47.74	5.81
10.6	102.45	47.33	5.81
10.8	102.47	46.8	5.81
11.0	102.22	46.25	5.81
11.2	101.86	45.67	5.81
11.4	101.44	45.1	5.81
11.6	101.02	44.58	5.8
11.8	100.84	44.25	5.8
12.0	100.7	44.01	5.8
12.2	100.57	43.84	5.8
12.4	100.44	43.73	5.8
12.6	100.27	43.73	5.8
12.8	100.05	43.79	5.8
13.0	99.8	43.86	5.8
13.2	99.52	43.92	5.8
13.4	99.15	43.85	5.79
13.6	98.71	43.63	5.79
13.8	98.25	43.39	5.79
14.0	97.79	43.16	5.79
14.2	97.35	43.0	5.79
14.4	96.96	43.01	5.79
14.6	96.63	43.09	5.79
14.8	96.39	43.21	5.79
15.0	96.25	43.36	5.78
15.2	96.4	43.57	5.78
15.4	96.66	43.77	5.78
15.6	96.94	43.93	5.78
15.8	97.21	44.02	5.78
16.0	97.28	43.87	5.78
16.2	97.21	43.58	5.78
16.4	97.09	43.24	5.78
16.6	96.95	42.9	5.78
16.8	96.77	42.6	5.77
17.0	96.58	42.39	5.77
17.2	96.45	42.29	5.77
17.4	96.42	42.32	5.77
17.6	96.58	42.57	5.77
17.8	97.01	43.13	5.77
18.0	97.09	43.81	5.77
18.2	97.17	44.56	5.77
18.4	97.25	45.37	5.77
18.6	97.33	46.19	5.77
18.8	97.41	46.93	5.76
19.0	97.49	47.52	5.76
19.2	97.57	47.8	5.76
19.4	97.66	47.75	5.76
19.6	97.74	47.51	5.76
19.8	97.82	47.11	5.76
20.0	97.9	46.54	5.76
20.2	97.98	45.87	5.76
20.4	98.06	45.15	5.76
20.6	98.14	44.42	5.76
20.8	98.22	43.81	5.76
21.0	98.31	43.29	5.76
21.2	98.39	42.84	5.75
21.4	98.47	42.49	5.75
21.6	98.55	42.26	5.75
21.8	98.63	42.17	5.75
22.0	98.71	42.17	5.75
22.2	98.79	42.25	5.75
22.4	98.87	42.41	5.75
22.6	98.96	42.59	5.75
22.8	99.04	42.83	5.74
23.0	99.12	43.13	5.74
23.2	99.2	43.48	5.74
23.4	99.28	43.93	5.73
23.6	99.36	44.47	5.73
23.8	99.85	45.01	5.72
24.0	100.87	45.52	5.72
24.2	101.8	45.91	5.71
24.4	102.17	46.13	5.71
24.6	102.52	46.27	5.7
24.8	102.85	46.31	5.7
25.0	103.15	46.23	5.69
25.2	103.42	46.02	5.69
25.4	103.63	45.77	5.68
25.6	103.8	45.5	5.68
25.8	103.87	45.28	5.67
26.0	103.81	45.25	5.67
26.2	103.7	45.23	5.66
26.4	103.53	45.22	5.66
26.6	103.33	45.19	5.65
26.8	103.14	45.03	5.65
27.0	102.94	44.83	5.64
27.2	102.73	44.59	5.64
27.4	102.53	44.32	5.63
27.6	102.38	44.01	5.63
27.8	102.25	43.68	5.63
28.0	102.12	43.36	5.63
28.2	102.01	43.07	5.64
28.4	101.85	42.82	5.64
28.6	101.65	42.64	5.65
28.8	101.49	42.54	5.66
29.0	101.38	42.54	5.67
29.2	101.42	42.75	5.67
29.4	101.69	43.26	5.68
29.6	102.0	43.8	5.69
29.8	102.31	44.3	5.7
30.0	102.52	44.57	5.7
30.2	102.53	44.4	5.71
30.4	102.48	44.1	5.72
30.6	102.38	43.71	5.73
30.8	102.25	43.29	5.73
31.0	102.13	42.91	5.74
31.2	102.0	42.57	5.75
31.4	101.87	42.31	5.75
31.6	101.74	42.18	5.75
31.8	101.64	42.41	5.75
32.0	101.56	42.76	5.75
32.2	101.48	43.19	5.75
32.4	101.42	43.64	5.75
32.6	101.33	43.97	5.75
32.8	101.26	44.25	5.75
33.0	101.2	44.5	5.75
33.2	101.16	44.74	5.75
33.4	101.15	44.98	5.75
33.6	101.16	45.2	5.74
33.8	101.23	45.42	5.74
34.0	101.35	45.65	5.74
34.2	101.61	45.95	5.74
34.4	101.97	46.29	5.74
34.6	102.35	46.58	5.74
34.8	102.73	46.79	5.74
35.0	103.01	46.75	5.74
35.2	103.21	46.52	5.73
35.4	103.35	46.23	5.73
35.6	103.42	45.92	5.73
35.8	103.4	45.73	5.73
36.0	103.3	45.64	5.73
36.2	103.14	45.57	5.73
36.4	102.94	45.5	5.73
36.6	102.7	45.37	5.73
36.8	102.45	45.14	5.72
37.0	102.18	44.9	5.72
37.2	101.89	44.69	5.72
37.4	101.58	44.52	5.72
37.6	101.19	44.5	5.72
37.8	100.82	44.56	5.72
38.0	100.51	44.68	5.72
38.2	100.27	44.88	5.72
38.4	100.23	45.14	5.71
38.6	100.32	45.47	5.71
38.8	100.52	45.88	5.71
39.0	100.81	46.38	5.71
39.2	101.25	47.11	5.71
39.4	101.77	47.91	5.7
39.6	102.32	48.66	5.7
39.8	102.87	49.31	5.7
40.0	103.36	49.6	5.7
40.2	103.8	49.69	5.69
40.4	104.15	49.59	5.69
40.6	104.4	49.3	5.69
40.8	104.41	48.67	5.69
41.0	104.32	47.94	5.69
41.2	104.17	47.18	5.68
41.4	103.98	46.5	5.68
41.6	103.84	46.22	5.68
41.8	103.67	46.01	5.68
42.0	103.5	45.83	5.68
42.2	103.31	45.63	5.67
42.4	103.06	45.06	5.67
42.6	102.8	44.45	5.67
42.8	102.58	43.94	5.67
43.0	102.41	43.6	5.66
43.2	102.38	43.85	5.66
43.4	102.45	44.48	5.66
43.6	102.59	45.23	5.66
43.8	102.81	45.99	5.65
44.0	103.14	46.5	5.65
44.2	103.52	46.82	5.65
44.4	103.88	47.02	5.65
44.6	104.17	47.1	5.64
44.8	104.22	47.01	5.64
45.0	104.14	46.8	5.64
45.2	103.98	46.49	5.63
45.4	103.74	46.11	5.63
45.6	103.45	45.61	5.63
45.8	103.13	45.08	5.62
46.0	102.78	44.56	5.62
46.2	102.43	44.07	5.62
46.4	102.11	43.7	5.61
46.6	101.83	43.45	5.61
46.8	101.57	43.32	5.61
47.0	101.34	43.32	5.6
47.2	101.11	43.54	5.6
47.4	100.86	44.04	5.6
47.6	100.69	44.62	5.59
47.8	100.64	45.2	5.59
48.0	100.81	45.68	5.59
48.2	101.3	45.94	5.59
48.4	101.89	46.14	5.58
48.6	102.54	46.3	5.58
48.8	103.14	46.48	5.58
49.0	103.67	46.7	5.57
49.2	104.16	46.84	5.57
49.4	104.59	46.89	5.57
49.6	104.96	46.68	5.56
49.8	105.25	46.33	5.56
50.0	105.45	45.9	5.56
50.2	105.54	45.44	5.56
50.4	105.41	45.01	5.55
50.6	105.19	44.62	5.55
50.8	104.9	44.28	5.55
51.0	104.58	44.02	5.54
51.2	104.33	43.98	5.54
51.4	104.09	44.03	5.54
51.6	103.85	44.14	5.53
51.8	103.63	44.29	5.53
52.0	103.37	44.34	5.53
52.2	103.13	44.4	5.53
52.4	102.94	44.51	5.53
52.6	102.82	44.7	5.53
52.8	102.93	45.21	5.54
53.0	103.16	45.84	5.54
53.2	103.4	46.43	5.54
53.4	103.63	46.89	5.55
53.6	103.7	46.85	5.55
53.8	103.66	46.51	5.56
54.0	103.54	46.03	5.56
54.2	103.35	45.46	5.56
54.4	102.72	44.95	5.57
54.6	101.9	44.5	5.57
54.8	101.33	44.05	5.57
55.0	101.37	43.63	5.58
55.2	101.41	43.19	5.58
55.4	101.45	42.74	5.58
55.6	101.49	42.39	5.58
55.8	101.53	42.18	5.58
56.0	101.57	42.18	5.58
56.2	101.61	42.51	5.58
56.4	101.65	43.03	5.58
56.6	101.69	43.69	5.58
56.8	101.73	44.54	5.58
57.0	101.77	45.59	5.57
57.2	101.8	46.63	5.57
57.4	101.84	47.59	5.57
57.6	101.88	48.23	5.57
57.8	101.92	48.55	5.56
58.0	101.96	48.68	5.56
58.2	102.0	48.62	5.56
58.4	102.04	48.36	5.55
58.6	102.08	47.93	5.55
58.8	102.12	47.38	5.55
59.0	102.16	46.76	5.54
59.2	102.2	46.12	5.54
59.4	102.24	45.48	5.54
59.6	102.28	44.87	5.53
59.8	102.32	44.29	5.53
60.0	102.36	43.78	5.53
60.2	102.39	43.38	5.53
60.4	102.43	43.07	5.53
60.6	102.47	42.88	5.54
60.8	103.25	42.84	5.54
61.0	103.44	43.04	5.54
61.2	103.7	43.32	5.55
61.4	104.02	43.66	5.55
61.6	104.33	44.01	5.55
61.8	104.62	44.32	5.56
62.0	104.86	44.59	5.56
62.2	105.01	44.79	5.56
62.4	104.98	44.84	5.57
62.6	104.7	44.67	5.57
62.8	104.32	44.43	5.58
63.0	103.88	44.16	5.58
63.2	103.44	43.93	5.58
63.4	103.09	43.85	5.59
63.6	102.76	43.82	5.59
63.8	102.43	43.86	5.59
64.0	102.12	43.96	5.6
64.2	101.73	44.14	5.6
64.4	101.37	44.39	5.61
64.6	101.1	44.71	5.61
64.8	100.95	45.1	5.61
65.0	101.15	45.64	5.62
65.2	101.57	46.26	5.62
65.4	102.03	46.87	5.62
65.6	102.48	47.42	5.63
65.8	102.65	47.74	5.63
66.0	102.64	47.89	5.63
66.2	102.57	47.96	5.64
66.4	102.49	47.97	5.64
66.6	102.19	48.01	5.65
66.8	101.83	48.08	5.65
67.0	101.81	48.11	5.65
67.2	101.94	48.09	5.65
67.4	102.08	47.93	5.65
67.6	102.21	47.62	5.65
67.8	102.34	47.35	5.65
68.0	102.47	47.16	5.65
68.2	102.6	47.32	5.65
68.4	102.74	47.81	5.65
68.6	102.87	48.33	5.65
68.8	103.0	48.77	5.65
69.0	103.13	48.74	5.65
69.2	103.27	48.42	5.65
69.4	103.4	47.96	5.65
69.6	103.53	47.43	5.65
69.8	103.66	46.97	5.65
70.0	103.79	46.55	5.65
70.2	103.93	46.08	5.64
70.4	104.06	45.57	5.64
70.6	104.19	44.8	5.64
70.8	104.32	43.94	5.64
71.0	104.45	43.16	5.64
71.2	104.59	42.53	5.64
71.4	104.72	42.34	5.64
71.6	104.85	42.64	5.64
71.8	104.98	43.1	5.64
72.0	105.11	43.65	5.64
72.2	105.25	44.11	5.64
72.4	105.38	44.43	5.64
72.6	105.51	44.68	5.64
72.8	105.64	44.87	5.64
73.0	105.77	44.98	5.64
73.2	105.31	44.91	5.63
73.4	104.78	44.77	5.63
73.6	104.22	44.57	5.63
73.8	103.65	44.33	5.63
74.0	103.13	44.01	5.63
74.2	102.66	43.67	5.63
74.4	102.22	43.37	5.63
74.6	101.82	43.13	5.63
74.8	101.45	43.02	5.63
75.0	101.05	43.15	5.63
75.2	100.72	43.4	5.63
75.4	100.51	43.77	5.63
75.6	100.44	44.25	5.63
75.8	100.71	44.92	5.62
76.0	101.13	45.67	5.62
76.2	101.64	46.44	5.62
76.4	102.21	47.18	5.62
76.6	102.73	47.83	5.62
76.8	103.23	48.38	5.62
77.0	103.69	48.81	5.62
77.2	104.1	49.08	5.62
77.4	104.32	48.95	5.62
77.6	104.46	48.62	5.61
77.8	104.56	48.22	5.61
78.0	104.66	47.8	5.61
78.2	104.83	47.54	5.61
78.4	105.06	47.42	5.61
78.6	105.31	47.37	5.61
78.8	105.55	47.43	5.61
79.0	105.48	47.64	5.61
79.2	105.48	47.99	5.61
79.4	105.48	48.39	5.6
79.6	105.48	48.79	5.6
79.8	105.48	49.1	5.6
80.0	105.47	49.31	5.6
80.2	105.47	49.48	5.6
80.4	105.47	49.61	5.6
80.6	105.47	49.73	5.6
80.8	105.47	49.86	5.6
81.0	105.47	49.93	5.6
81.2	105.47	49.91	5.59
81.4	105.47	49.7	5.59
81.6	105.47	49.23	5.59
81.8	105.47	48.68	5.59
82.0	105.46	48.1	5.6
82.2	105.46	47.53	5.6
82.4	105.46	47.14	5.6
82.6	105.46	46.86	5.6
82.8	105.46	46.65	5.61
83.0	105.46	46.53	5.61
83.2	105.46	46.5	5.62
83.4	105.46	46.57	5.62
83.6	105.46	46.72	5.63
83.8	105.46	46.95	5.63
84.0	105.45	47.24	5.63
84.2	105.45	47.66	5.64
84.4	105.45	48.13	5.64
84.6	105.45	48.6	5.65
84.8	105.45	49.01	5.65
85.0	106.54	49.28	5.65
85.2	107.08	49.37	5.66
85.4	107.62	49.37	5.66
85.6	108.13	49.31	5.67
85.8	108.61	49.21	5.67
86.0	109.03	49.07	5.68
86.2	109.41	48.91	5.68
86.4	109.74	48.75	5.69
86.6	110.01	48.61	5.69
86.8	110.2	48.58	5.69
87.0	110.33	48.57	5.7
87.2	110.41	48.57	5.7
87.4	110.43	48.57	5.71
87.6	110.37	48.49	5.71
87.8	110.26	48.35	5.71
88.0	110.13	48.25	5.72
88.2	109.99	48.2	5.72
88.4	109.86	48.29	5.73
88.6	109.79	48.72	5.73
88.8	109.75	49.2	5.73
89.0	109.75	49.66	5.73
89.2	109.8	50.05	5.73
89.4	109.99	50.1	5.74
89.6	110.22	50.01	5.74
89.8	110.45	49.84	5.74
90.0	110.67	49.61	5.74
90.2	110.81	49.4	5.75
90.4	110.87	49.18	5.75
90.6	110.86	48.93	5.75
90.8	110.75	48.65	5.75
91.0	110.2	48.28	5.76
91.2	109.25	47.85	5.76
91.4	108.47	47.42	5.76
91.6	108.04	47.02	5.76
91.8	107.84	46.7	5.77
92.0	107.64	46.53	5.77
92.2	107.45	46.48	5.77
92.4	107.25	46.55	5.77
92.6	107.06	46.75	5.77
92.8	106.86	47.15	5.78
93.0	106.67	47.83	5.78
93.2	106.47	48.57	5.78
93.4	106.27	49.31	5.78
93.6	106.08	49.98	5.78
93.8	105.88	50.32	5.78
94.0	105.69	50.59	5.78
94.2	105.49	50.83	5.77
94.4	105.29	51.05	5.77
94.6	105.1	51.47	5.77
94.8	104.9	51.95	5.77
95.0	104.71	52.38	5.77
95.2	104.51	52.72	5.77
95.4	104.32	52.79	5.77
95.6	104.12	52.56	5.77
95.8	103.92	52.24	5.76
96.0	103.73	51.91	5.76
96.2	103.53	51.61	5.76
96.4	103.34	51.55	5.76
96.6	103.14	51.57	5.76
96.8	104.02	51.65	5.76
97.0	105.26	51.8	5.76
97.2	105.65	52.06	5.76
97.4	106.0	52.37	5.75
97.6	106.34	52.7	5.75
97.8	106.68	53.01	5.75
98.0	107.1	53.27	5.74
98.2	107.49	53.47	5.74
98.4	107.82	53.61	5.73
98.6	108.04	53.67	5.73
98.8	108.03	53.54	5.72
99.0	107.82	53.29	5.72
99.2	107.49	53.0	5.71
99.4	107.05	52.69	5.71
99.6	106.51	52.45	5.7
99.8	105.84	52.33	5.7
100.0	105.16	52.25	5.69
100.2	104.5	52.2	5.69
100.4	103.9	52.18	5.69
100.6	103.53	52.16	5.7
100.8	103.28	52.16	5.71
101.0	103.14	52.2	5.72
101.2	103.11	52.28	5.73
101.4	103.29	52.48	5.75
101.6	103.58	52.74	5.76
101.8	103.91	53.02	5.77
102.0	104.24	53.3	5.78
102.2	104.39	53.5	5.79
102.4	104.36	53.6	5.8
102.6	104.31	53.71	5.81
102.8	104.29	53.85	5.82
103.0	104.36	54.04	5.83
103.2	104.7	54.43	5.85
103.4	105.11	54.85	5.86
103.6	105.56	55.27	5.87
103.8	106.02	55.69	5.88
104.0	106.45	55.99	5.89
104.2	106.84	56.24	5.9
104.4	107.17	56.45	5.91
104.6	107.42	56.61	5.92
104.8	107.37	56.67	5.93
105.0	107.19	56.68	5.95
105.2	107.01	56.7	5.96
105.4	106.91	56.77	5.97
105.6	107.08	57.01	5.99
105.8	107.5	57.38	6.0
106.0	108.06	57.78	6.02
106.2	108.75	58.18	6.03
106.4	109.66	58.52	6.05
106.6	110.69	58.78	6.06
106.8	111.69	59.0	6.08
107.0	112.6	59.16	6.09
107.2	113.19	59.33	6.11
107.4	113.54	59.42	6.12
107.6	113.69	59.38	6.14
107.8	113.65	59.18	6.15
108.0	113.3	58.55	6.17
108.2	112.79	57.75	6.18
108.4	112.21	56.87	6.2
108.6	111.62	56.02	6.22
108.8	111.29	55.49	6.23
109.0	110.98	55.01	6.25
109.2	110.65	54.55	6.26
109.4	110.27	54.08	6.28
109.6	109.59	53.31	6.29
109.8	108.88	52.55	6.3
110.0	108.22	51.86	6.31
110.2	107.66	51.3	6.32
110.4	107.49	51.15	6.32
110.6	107.49	51.18	6.33
110.8	107.6	51.33	6.33
111.0	107.77	51.56	6.33
111.2	107.3	52.0	6.33
111.4	107.18	52.35	6.33
111.6	107.05	52.51	6.34
111.8	106.93	52.1	6.34
112.0	106.81	50.5	6.34
112.2	106.69	48.88	6.34
112.4	106.57	47.58	6.34
112.6	106.44	47.39	6.35
112.8	106.32	48.96	6.35
113.0	106.2	50.88	6.35
113.2	106.08	52.83	6.36
113.4	105.96	53.38	6.36
113.6	105.83	53.23	6.36
113.8	105.71	52.73	6.36
114.0	105.59	52.02	6.37
114.2	105.47	51.24	6.37
114.4	105.35	50.83	6.37
114.6	105.22	50.49	6.37
114.8	105.1	50.27	6.38
115.0	104.98	50.2	6.38
115.2	104.86	50.39	6.38
115.4	104.74	50.91	6.38
115.6	104.61	51.57	6.39
115.8	104.49	52.34	6.39
116.0	104.37	53.14	6.4
116.2	104.25	53.97	6.4
116.4	104.12	54.79	6.4
116.6	104.0	55.59	6.41
116.8	105.09	56.38	6.41
117.0	105.91	57.07	6.41
117.2	106.64	57.63	6.42
117.4	107.27	58.0	6.42
117.6	107.72	57.95	6.42
117.8	108.07	57.72	6.43
118.0	108.29	57.34	6.43
118.2	108.41	56.85	6.44
118.4	108.38	56.29	6.44
118.6	108.27	55.71	6.44
118.8	108.08	55.14	6.45
119.0	107.84	54.62	6.45
119.2	107.55	54.32	6.45
119.4	107.24	54.16	6.45
119.6	106.95	54.08	6.46
119.8	106.69	54.06	6.46
120.0	106.54	54.09	6.46
120.2	106.53	54.12	6.46
120.4	106.59	54.2	6.46
120.6	106.73	54.33	6.46
120.8	106.93	54.51	6.47
121.0	107.26	54.85	6.47
121.2	107.6	55.19	6.47
121.4	107.93	55.48	6.47
121.6	108.2	55.67	6.47
121.8	108.25	55.41	6.47
122.0	108.21	55.06	6.47
122.2	108.11	54.69	6.48
122.4	107.95	54.36	6.48
122.6	107.79	54.43	6.48
122.8	107.61	54.68	6.48
123.0	107.39	54.93	6.48
123.2	107.15	55.13	6.48
123.4	106.82	54.93	6.49
123.6	106.43	54.39	6.49
123.8	106.07	53.85	6.49
124.0	105.78	53.44	6.49
124.2	105.64	53.44	6.49
124.4	105.72	54.07	6.49
124.6	105.92	54.88	6.5
124.8	106.26	55.77	6.5
125.0	106.78	56.62	6.5
125.2	107.5	57.31	6.5
125.4	108.24	57.92	6.5
125.6	108.95	58.41	6.51
125.8	109.46	58.68	6.51
126.0	109.79	58.78	6.51
126.2	109.99	58.8	6.51
126.4	110.07	58.77	6.52
126.6	109.98	58.92	6.52
126.8	109.78	59.06	6.52
127.0	109.49	59.14	6.52
127.2	109.13	59.11	6.53
127.4	108.72	58.68	6.53
127.6	108.28	58.08	6.53
127.8	107.84	57.44	6.53
128.0	107.4	56.82	6.54
128.2	107.02	56.41	6.54
128.4	106.7	56.23	6.54
128.6	106.44	56.15	6.55
128.8	106.24	56.14	6.55
129.0	106.11	56.19	6.55
129.2	106.1	56.21	6.55
129.4	106.18	56.26	6.56
129.6	106.32	56.38	6.56
129.8	106.54	56.57	6.56
130.0	106.89	56.98	6.57
130.2	107.31	57.48	6.57
130.4	107.73	57.96	6.57
130.6	108.11	58.35	6.58
130.8	108.34	58.42	6.58
131.0	108.41	58.19	6.59
131.2	108.42	57.87	6.59
131.4	108.37	57.49	6.59
131.6	108.28	57.16	6.6
131.8	108.17	56.96	6.6
132.0	108.04	56.8	6.6
132.2	107.88	56.68	6.61
132.4	107.7	56.61	6.61
132.6	107.43	56.58	6.61
132.8	107.16	56.6	6.62
133.0	106.93	56.68	6.62
133.2	106.78	56.83	6.62
133.4	106.74	57.07	6.62
133.6	106.86	57.42	6.62
133.8	107.11	57.81	6.62
134.0	107.51	58.22	6.62
134.2	108.11	58.59	6.62
134.4	108.98	58.86	6.62
134.6	109.95	59.15	6.61
134.8	110.98	59.51	6.61
135.0	112.02	60.11	6.6
135.2	113.03	60.97	6.6
135.4	113.93	61.77	6.59
135.6	114.67	62.41	6.59
135.8	115.0	62.42	6.59
136.0	115.03	62.01	6.58
136.2	114.89	61.41	6.58
136.4	114.62	60.7	6.57
136.6	114.35	60.13	6.57
136.8	114.07	59.65	6.56
137.0	113.76	59.2	6.56
137.2	113.45	58.78	6.56
137.4	113.17	58.39	6.55
137.6	112.96	58.03	6.55
137.8	112.78	57.73	6.54
138.0	112.62	57.49	6.54
138.2	112.5	57.35	6.54
138.4	112.46	57.46	6.53
138.6	112.46	57.69	6.53
138.8	112.44	57.94	6.53
139.0	112.37	58.14	6.53
139.2	111.95	58.14	6.54
139.4	111.09	57.86	6.54
139.6	111.03	57.51	6.54
139.8	110.96	57.12	6.54
140.0	110.9	56.72	6.54
140.2	110.84	56.51	6.54
140.4	110.77	56.34	6.54
140.6	110.71	56.2	6.54
140.8	110.65	56.07	6.54
141.0	110.58	55.93	6.54
141.2	110.52	55.72	6.54
141.4	110.45	55.55	6.54
141.6	110.39	55.45	6.54
141.8	110.33	55.46	6.54
142.0	110.26	55.72	6.54
142.2	110.2	56.17	6.54
142.4	110.14	56.69	6.55
142.6	110.07	57.24	6.55
142.8	110.01	57.72	6.56
143.0	109.95	58.12	6.56
143.2	109.88	58.51	6.56
143.4	109.82	58.91	6.57
143.6	109.76	59.37	6.57
143.8	109.69	59.99	6.58
144.0	109.63	60.57	6.58
144.2	109.56	61.08	6.59
144.4	109.5	61.39	6.59
144.6	109.44	61.28	6.6
144.8	109.37	61.06	6.6
145.0	109.31	60.82	6.61
145.2	109.25	60.63	6.61
145.4	109.52	60.95	6.62
145.6	109.69	61.35	6.62
145.8	109.8	61.71	6.63
146.0	109.82	61.96	6.63
146.2	109.58	61.7	6.63
146.4	109.18	61.08	6.64
146.6	108.77	60.38	6.64
146.8	108.41	59.68	6.64
147.0	108.26	59.15	6.64
147.2	108.44	58.96	6.64
147.4	108.72	58.9	6.64
147.6	109.05	58.95	6.64
147.8	109.36	59.14	6.65
148.0	109.6	59.5	6.65
148.2	109.79	59.87	6.65
148.4	109.91	60.18	6.65
148.6	109.9	60.27	6.65
148.8	109.73	60.03	6.65
149.0	109.47	59.66	6.65
149.2	109.13	59.19	6.65
149.4	108.71	58.64	6.65
149.6	108.23	58.04	6.65
149.8	107.7	57.43	6.65
150.0	107.14	56.84	6.65
150.2	106.55	56.31	6.65
150.4	105.87	55.96	6.65
150.6	105.21	55.71	6.65
150.8	104.61	55.56	6.65
151.0	104.12	55.52	6.65
151.2	103.84	55.62	6.66
151.4	103.82	55.87	6.66
151.6	103.94	56.19	6.66
151.8	104.2	56.55	6.66
152.0	104.58	56.92	6.66
152.2	105.08	57.24	6.66
152.4	105.67	57.54	6.66
152.6	106.31	57.82	6.66
152.8	106.99	58.03	6.66
153.0	107.7	58.12	6.66
153.2	108.39	58.2	6.67
153.4	109.02	58.28	6.67
153.6	109.54	58.44	6.67
153.8	109.84	58.81	6.67
154.0	110.04	59.18	6.67
154.2	110.16	59.52	6.67
154.4	110.21	59.76	6.67
154.6	110.23	59.69	6.67
154.8	110.22	59.53	6.67
155.0	110.17	59.32	6.67
155.2	110.1	59.1	6.68
155.4	109.98	58.92	6.68
155.6	109.86	58.8	6.68
155.8	109.78	58.76	6.68
156.0	109.79	58.81	6.68
156.2	109.97	59.08	6.69
156.4	110.36	59.56	6.69
156.6	110.83	60.11	6.69
156.8	111.34	60.68	6.69
157.0	111.89	61.21	6.69
157.2	112.43	61.67	6.7
157.4	112.94	62.01	6.7
157.6	113.38	62.21	6.7
157.8	113.65	62.07	6.7
158.0	113.76	61.63	6.71
158.2	113.75	61.08	6.71
158.4	113.65	60.48	6.71
158.6	113.44	59.96	6.71
158.8	113.13	59.6	6.72
159.0	112.75	59.31	6.72
159.2	112.31	59.09	6.72
159.4	111.81	58.96	6.72
159.6	111.2	59.0	6.73
159.8	110.62	59.08	6.73
160.0	110.12	59.18	6.73
160.2	109.73	59.26	6.73
160.4	109.68	59.06	6.73
160.6	109.81	58.85	6.73
160.8	110.06	58.73	6.73
161.0	110.43	58.76	6.73
161.2	110.92	59.38	6.72
161.4	111.47	60.21	6.72
161.6	112.04	61.07	6.72
161.8	112.59	61.85	6.71
162.0	113.01	62.13	6.71
162.2	113.36	62.25	6.71
162.4	113.64	62.25	6.7
162.6	113.82	62.18	6.7
162.8	113.9	62.12	6.7
163.0	113.9	61.99	6.69
163.2	113.82	61.77	6.69
163.4	113.66	61.4	6.69
163.6	113.43	60.82	6.68
163.8	113.13	60.21	6.68
164.0	112.79	59.64	6.67
164.2	112.4	59.2	6.67
164.4	111.92	59.12	6.67
164.6	111.45	59.16	6.66
164.8	111.05	59.3	6.66
165.0	110.77	59.51	6.66
165.2	110.8	59.71	6.66
165.4	110.99	59.95	6.66
165.6	111.3	60.21	6.66
165.8	111.71	60.5	6.66
166.0	112.21	60.83	6.66
166.2	112.77	61.17	6.66
166.4	113.3	61.49	6.67
166.6	113.78	61.78	6.67
166.8	114.06	62.05	6.67
167.0	114.22	62.24	6.68
167.2	114.28	62.34	6.68
167.4	114.23	62.29	6.69
167.6	114.04	61.93	6.69
167.8	113.77	61.48	6.69
168.0	113.45	60.99	6.7
168.2	113.11	60.54	6.7
168.4	112.83	60.34	6.7
168.6	112.53	60.2	6.71
168.8	112.2	60.08	6.71
169.0	111.82	59.98	6.71
169.2	111.27	59.75	6.72
169.4	110.65	59.49	6.72
169.6	110.06	59.27	6.72
169.8	109.54	59.12	6.73
170.0	109.18	59.15	6.73
170.2	109.02	59.36	6.73
170.4	109.01	59.67	6.73
170.6	109.14	60.03	6.73
170.8	109.46	60.44	6.73
171.0	110.01	60.86	6.73
171.2	110.66	61.29	6.73
171.4	111.33	61.69	6.73
171.6	111.99	62.06	6.72
171.8	112.58	62.39	6.72
172.0	113.06	62.61	6.72
172.2	113.4	62.7	6.72
172.4	113.39	62.46	6.72
172.6	113.12	62.0	6.72
172.8	112.73	61.47	6.72
173.0	112.26	60.94	6.72
173.2	111.83	60.67	6.72
173.4	111.41	60.52	6.72
173.6	111.01	60.43	6.72
173.8	110.64	60.38	6.71
174.0	110.33	60.31	6.71
174.2	110.1	60.18	6.71
174.4	109.94	60.08	6.71
174.6	109.86	60.01	6.71
174.8	109.89	59.98	6.71
175.0	110.08	60.01	6.71
175.2	110.39	60.1	6.71
175.4	110.77	60.27	6.71
175.6	111.21	60.54	6.71
175.8	111.3	61.09	6.7
176.0	111.41	61.76	6.7
176.2	111.43	62.39	6.7
176.4	111.46	62.89	6.69
176.6	111.48	62.79	6.69
176.8	111.5	62.48	6.68
177.0	111.53	62.11	6.68
177.2	111.55	61.79	6.68
177.4	111.58	62.03	6.67
177.6	111.6	62.39	6.67
177.8	111.63	62.73	6.67
178.0	111.65	62.96	6.66
178.2	111.68	62.44	6.66
178.4	111.7	61.67	6.65
178.6	111.73	60.89	6.65
178.8	111.75	60.19	6.65
179.0	111.78	59.88	6.64
179.2	111.8	60.08	6.64
179.4	111.82	60.5	6.64
179.6	111.85	61.11	6.64
179.8	111.87	61.99	6.64
180.0	111.9	63.0	6.64
180.2	111.92	63.99	6.64
180.4	111.95	64.82	6.64
180.6	111.97	65.09	6.64
180.8	112.0	65.09	6.65
181.0	112.02	64.9	6.65
181.2	112.05	64.56	6.65
181.4	112.07	64.11	6.65
181.6	112.1	63.58	6.65
181.8	111.96	63.02	6.65
182.0	111.77	62.48	6.65
182.2	111.46	61.98	6.65
182.4	111.18	61.58	6.65
182.6	111.01	61.33	6.65
182.8	111.04	61.34	6.65
183.0	111.44	61.75	6.65
183.2	111.98	62.31	6.65
183.4	112.62	62.97	6.66
183.6	113.31	63.64	6.66
183.8	114.01	64.28	6.66
184.0	114.68	64.84	6.66
184.2	115.27	65.28	6.66
184.4	115.65	65.4	6.66
184.6	115.91	65.35	6.66
184.8	116.07	65.16	6.66
185.0	116.16	64.85	6.66
185.2	116.2	64.44	6.66
185.4	116.16	63.97	6.66
185.6	116.02	63.46	6.66
185.8	115.74	62.96	6.67
186.0	115.35	62.46	6.67
186.2	114.9	61.97	6.67
186.4	114.41	61.48	6.67
186.6	113.88	60.95	6.67
186.8	113.35	60.45	6.67
187.0	112.87	60.03	6.67
187.2	112.47	59.71	6.67
187.4	112.3	59.67	6.67
187.6	112.32	59.85	6.67
187.8	112.41	60.1	6.67
188.0	112.53	60.38	6.67
188.2	112.59	60.59	6.67
188.4	112.61	60.72	6.67
188.6	112.6	60.8	6.67
188.8	112.56	60.81	6.67
189.0	112.46	60.68	6.67
189.2	112.33	60.47	6.67
189.4	112.15	60.22	6.67
189.6	111.92	59.97	6.67
189.8	111.62	59.76	6.67
190.0	111.28	59.57	6.67
190.2	110.9	59.41	6.67
190.4	110.48	59.29	6.67
190.6	109.93	59.23	6.67
190.8	109.4	59.22	6.67
191.0	108.96	59.27	6.67
191.2	108.66	59.37	6.67
191.4	108.67	59.52	6.67
191.6	108.83	59.74	6.68
191.8	109.13	60.04	6.68
192.0	109.57	60.43	6.68
192.2	110.14	60.97	6.69
192.4	110.78	61.54	6.69
192.6	111.44	62.13	6.69
192.8	112.06	62.72	6.7
193.0	112.62	63.25	6.7
193.2	113.13	63.67	6.7
193.4	113.55	63.91	6.71
193.6	113.83	63.77	6.71
193.8	114.02	63.46	6.71
194.0	114.11	63.03	6.72
194.2	114.08	62.53	6.72
194.4	113.92	62.0	6.72
194.6	113.71	61.49	6.73
194.8	113.47	61.02	6.73
195.0	113.3	60.79	6.73
195.2	113.16	60.71	6.74
195.4	113.0	60.69	6.74
195.6	112.81	60.72	6.74
195.8	112.44	60.66	6.75
196.0	111.96	60.56	6.75
196.2	111.53	60.49	6.75
196.4	111.2	60.5	6.75
196.6	111.18	60.67	6.75
196.8	111.5	61.04	6.76
197.0	111.93	61.43	6.76
197.2	112.39	61.82	6.76
197.4	112.75	62.06	6.76
197.6	113.03	62.2	6.76
197.8	113.23	62.31	6.76
198.0	113.35	62.4	6.76
198.2	113.33	62.6	6.76
198.4	113.22	62.78	6.77
198.6	113.01	62.88	6.77
198.8	112.68	62.84	6.77
199.0	112.2	62.5	6.77
199.2	111.67	62.08	6.77
199.4	111.12	61.62	6.77
199.6	110.6	61.16	6.77
199.8	110.17	60.81	6.77
200.0	109.81	60.53	6.78
200.2	109.54	60.34	6.78
200.4	109.37	60.28	6.78
200.6	109.37	60.49	6.78
200.8	109.5	60.85	6.78
201.0	109.76	61.29	6.78
201.2	110.15	61.77	6.78
201.4	110.74	62.13	6.77
201.6	111.45	62.5	6.77
201.8	112.21	62.91	6.76
202.0	113.0	63.44	6.76
202.2	113.77	64.29	6.75
202.4	114.49	65.1	6.75
202.6	115.12	65.77	6.74
202.8	115.58	65.94	6.74
203.0	115.86	65.63	6.74
203.2	116.02	65.17	6.73
203.4	116.04	64.65	6.73
203.6	115.89	64.4	6.72
203.8	115.64	64.26	6.72
204.0	115.31	64.16	6.71
204.2	114.95	64.08	6.71
204.4	114.55	63.95	6.7
204.6	114.18	63.84	6.69
204.8	113.89	63.77	6.69
205.0	113.73	63.75	6.69
205.2	113.92	63.86	6.69
205.4	114.34	64.05	6.69
205.6	114.83	64.31	6.69
205.8	115.32	64.62	6.69
206.0	115.68	65.11	6.7
206.2	115.94	65.61	6.7
206.4	116.11	65.98	6.7
206.6	116.17	66.09	6.71
206.8	116.07	65.51	6.71
207.0	115.87	64.72	6.71
207.2	115.56	63.84	6.72
207.4	115.14	63.03	6.72
207.6	114.58	62.55	6.73
207.8	113.97	62.15	6.73
208.0	113.34	61.79	6.73
208.2	112.71	61.46	6.74
208.4	112.16	61.04	6.74
208.6	111.66	60.65	6.74
208.8	111.22	60.33	6.75
209.0	110.86	60.1	6.75
209.2	110.61	59.97	6.75
209.4	110.46	59.97	6.75
209.6	110.43	60.11	6.75
209.8	110.52	60.41	6.75
210.0	110.83	61.07	6.75
210.2	111.28	61.94	6.75
210.4	111.8	62.81	6.74
210.6	112.37	63.61	6.74
210.8	112.97	63.99	6.74
211.0	113.53	64.21	6.73
211.2	114.02	64.31	6.73
211.4	114.35	64.36	6.73
211.6	114.46	64.37	6.73
211.8	114.45	64.33	6.72
212.0	114.35	64.25	6.72
212.2	114.2	64.15	6.72
212.4	114.0	64.02	6.71
212.6	113.72	63.87	6.71
212.8	113.36	63.71	6.71
213.0	112.77	63.51	6.7
213.2	112.12	63.3	6.7
213.4	111.51	63.13	6.7
213.6	111.01	63.0	6.69
213.8	110.88	62.93	6.69
214.0	110.97	62.95	6.69
214.2	111.2	63.09	6.69
214.4	111.54	63.36	6.69
214.6	111.98	64.04	6.7
214.8	112.47	64.89	6.7
215.0	112.94	65.71	6.7
215.2	113.36	66.39	6.71
215.4	113.57	66.45	6.71
215.6	113.67	66.27	6.71
215.8	113.66	65.94	6.72
216.0	113.54	65.53	6.72
216.2	113.28	65.14	6.72
216.4	112.93	64.72	6.73
216.6	112.53	64.3	6.73
216.8	112.08	63.94	6.73
217.0	111.63	63.71	6.74
217.2	111.16	63.48	6.74
217.4	110.69	63.22	6.74
217.6	110.12	62.83	6.75
217.8	109.1	62.09	6.75
218.0	108.37	61.36	6.76
218.2	108.18	60.73	6.76
218.4	108.4	60.29	6.76
218.6	108.63	60.51	6.76
218.8	108.86	60.92	6.76
219.0	109.08	61.47	6.76
219.2	109.31	62.04	6.76
219.4	109.54	62.42	6.76
219.6	109.76	62.85	6.76
219.8	109.99	63.36	6.76
220.0	110.22	64.27	6.76
220.2	110.45	65.41	6.76
220.4	110.67	66.45	6.76
220.6	110.9	67.21	6.76
220.8	111.13	66.96	6.76
221.0	111.35	66.25	6.76
221.2	111.58	65.35	6.76
221.4	111.81	64.45	6.76
221.6	112.03	63.94	6.76
221.8	112.26	63.47	6.76
222.0	112.49	63.01	6.76
222.2	112.71	62.41	6.76
222.4	112.94	61.52	6.76
222.6	113.17	60.73	6.76
222.8	113.39	60.13	6.76
223.0	113.62	59.84	6.76
223.2	113.85	60.58	6.77
223.4	114.07	61.65	6.77
223.6	114.3	62.73	6.77
223.8	114.53	63.52	6.76
224.0	114.76	63.53	6.76
224.2	114.98	63.29	6.76
224.4	115.21	62.87	6.76
224.6	115.44	62.38	6.76
224.8	115.24	61.94	6.76
225.0	115.04	61.49	6.76
225.2	114.81	61.03	6.76
225.4	114.48	60.65	6.76
225.6	114.03	60.36	6.76
225.8	113.52	60.08	6.76
226.0	112.97	59.79	6.76
226.2	112.4	59.4	6.76
226.4	111.82	58.84	6.76
226.6	111.23	58.3	6.76
226.8	110.61	57.81	6.76
227.0	109.97	57.42	6.77
227.2	109.13	57.32	6.77
227.4	108.35	57.35	6.77
227.6	107.68	57.5	6.77
227.8	107.21	57.78	6.77
228.0	107.21	58.22	6.76
228.2	107.51	58.76	6.76
228.4	107.99	59.34	6.76
228.6	108.6	59.94	6.76
228.8	109.31	60.43	6.76
229.0	110.06	60.88	6.75
229.2	110.81	61.33	6.75
229.4	111.48	61.79	6.75
229.6	111.99	62.37	6.74
229.8	112.39	62.88	6.74
230.0	112.67	63.25	6.74
230.2	112.74	63.18	6.73
230.4	112.64	62.74	6.73
230.6	112.46	62.23	6.73
230.8	112.26	61.77	6.72
231.0	112.17	61.91	6.72
231.2	112.14	62.28	6.72
231.4	112.15	62.68	6.71
231.6	112.2	63.03	6.71
231.8	112.26	62.75	6.71
232.0	112.37	62.35	6.7
232.2	112.57	62.01	6.7
232.4	112.88	61.92	6.7
232.6	113.46	62.72	6.7
232.8	114.09	63.63	6.7
233.0	114.7	64.48	6.7
233.2	115.17	64.85	6.71
233.4	115.46	64.63	6.71
233.6	115.6	64.17	6.71
233.8	115.59	63.56	6.71
234.0	115.29	62.92	6.71
234.2	114.81	62.28	6.72
234.4	114.25	61.66	6.72
234.6	113.65	61.08	6.72
234.8	113.22	60.7	6.72
235.0	112.84	60.44	6.72
235.2	112.44	60.28	6.72
235.4	112.03	60.23	6.73
235.6	111.36	60.38	6.73
235.8	110.61	60.65	6.73
236.0	109.97	60.96	6.74
236.2	109.51	61.26	6.74
236.4	109.55	61.43	6.75
236.6	110.09	61.45	6.75
236.8	110.81	61.45	6.76
237.0	111.64	61.46	6.76
237.2	112.45	61.53	6.77
237.4	113.2	61.66	6.77
237.6	113.88	61.84	6.78
237.8	114.44	62.06	6.78
238.0	114.17	62.34	6.79
238.2	113.95	62.67	6.8
238.4	113.93	63.06	6.8
238.6	113.91	63.55	6.81
238.8	113.9	64.3	6.81
239.0	113.88	64.99	6.82
239.2	113.86	65.48	6.82
239.4	113.85	65.38	6.83
239.6	113.83	64.43	6.83
239.8	113.81	63.45	6.84
240.0	113.8	62.71	6.84
240.2	113.78	63.11	6.85
240.4	113.76	64.33	6.86
240.6	113.75	65.65	6.86
240.8	113.73	66.62	6.87
241.0	113.71	66.09	6.88
241.2	113.7	65.34	6.88
241.4	113.68	64.63	6.88
241.6	113.66	64.25	6.87
241.8	113.65	65.43	6.85
242.0	113.63	66.75	6.83
242.2	113.61	67.97	6.81
242.4	113.6	68.28	6.78
242.6	113.58	67.93	6.75
242.8	113.56	67.29	6.73
243.0	113.54	66.52	6.7
243.2	113.53	66.03	6.67
243.4	113.02	65.54	6.64
243.6	112.42	65.02	6.62
243.8	111.79	64.45	6.59
244.0	111.31	63.75	6.56
244.2	110.84	63.07	6.53
244.4	110.39	62.48	6.51
244.6	109.93	62.09	6.48
244.8	109.37	62.12	6.45
245.0	108.91	62.27	6.42
245.2	108.59	62.45	6.39
245.4	108.56	62.53	6.37
245.6	108.99	62.31	6.36
245.8	109.59	62.12	6.34
246.0	110.31	62.02	6.33
246.2	111.07	62.27	6.32
246.4	111.82	62.84	6.32
246.6	112.51	63.48	6.31
246.8	113.08	64.13	6.31
247.0	113.32	64.61	6.3
247.2	113.4	64.97	6.3
247.4	113.36	65.14	6.29
247.6	113.27	65.03	6.28
247.8	113.15	64.54	6.28
248.0	112.99	63.88	6.27
248.2	112.79	63.1	6.27
248.4	112.59	62.29	6.26
248.6	112.38	61.48	6.26
248.8	112.1	60.67	6.25
249.0	111.72	59.9	6.25
249.2	111.01	59.19	6.24
249.4	110.14	58.58	6.23
249.6	109.32	58.07	6.23
249.8	108.66	57.71	6.22
250.0	108.52	57.64	6.22
250.2	108.75	57.77	6.21
250.4	109.18	57.97	6.21
250.6	109.78	58.21	6.2
250.8	110.56	58.44	6.2
251.0	111.4	58.6	6.19
251.2	112.22	58.66	6.19
251.4	112.9	58.49	6.18
251.6	113.29	57.98	6.18
251.8	113.55	57.37	6.17
252.0	113.69	56.74	6.17
252.2	113.71	56.37	6.16
252.4	113.63	56.13	6.16
252.6	113.47	55.86	6.15
252.8	113.27	55.49	6.15
253.0	113.11	54.61	6.14
253.2	112.9	53.63	6.14
253.4	112.64	52.63	6.13
253.6	112.28	51.69	6.13
253.8	111.63	50.97	6.12
254.0	110.97	50.43	6.12
254.2	110.38	50.13	6.11
254.4	109.95	50.15	6.11
254.6	109.88	50.79	6.1
254.8	110.0	51.64	6.1
255.0	110.32	52.58	6.09
255.2	110.91	53.46	6.09
255.4	111.76	54.18	6.08
255.6	112.64	54.8	6.07
255.8	113.47	55.29	6.06
256.0	113.96	55.6	6.05
256.2	114.24	55.74	6.04
256.4	114.36	55.69	6.03
256.6	114.24	55.38	6.02
256.8	113.89	54.8	6.01
257.0	113.44	54.08	6.0
257.2	112.95	53.28	5.99
257.4	112.7	52.55	5.98
257.6	112.48	51.83	5.97
257.8	112.16	51.11	5.96
258.0	111.61	50.38	5.95
258.2	110.41	49.5	5.95
258.4	109.19	48.75	5.94
258.6	108.09	48.22	5.93
258.8	107.54	48.2	5.92
259.0	107.58	48.69	5.91
259.2	107.89	49.39	5.9
259.4	108.41	50.2	5.89
259.6	109.13	50.93	5.89
259.8	109.91	51.61	5.88
260.0	110.65	52.21	5.88
260.2	111.17	52.65	5.88
260.4	111.42	52.89	5.88
260.6	111.51	52.92	5.88
260.8	111.45	52.7	5.88
261.0	111.26	52.01	5.88
261.2	110.94	51.12	5.88
261.4	110.5	50.15	5.88
261.6	109.94	49.23	5.87
261.8	109.26	48.44	5.87
262.0	108.52	47.71	5.87
262.2	107.76	47.09	5.87
262.4	107.02	46.66	5.87
262.6	106.32	46.38	5.87
262.8	105.67	46.19	5.87
263.0	105.08	46.09	5.86
263.2	104.01	46.02	5.86
263.4	103.19	46.02	5.86
263.6	103.24	46.1	5.86
263.8	103.3	46.28	5.86
264.0	103.35	46.58	5.86
264.2	103.4	46.98	5.86
264.4	103.46	47.49	5.87
264.6	103.51	48.22	5.87
264.8	103.57	49.18	5.87
265.0	103.62	50.06	5.87
265.2	103.67	50.73	5.87
265.4	103.73	50.56	5.88
265.6	103.78	50.05	5.88
265.8	103.84	49.39	5.88
266.0	103.89	48.75	5.88
266.2	103.94	48.52	5.88
266.4	104.0	48.31	5.89
266.6	104.05	48.04	5.89
266.8	104.1	47.53	5.89
267.0	104.16	46.55	5.89
267.2	104.21	45.53	5.89
267.4	104.27	44.56	5.89
267.6	104.32	43.75	5.9
267.8	104.37	43.57	5.9
268.0	104.43	43.68	5.9
268.2	104.48	43.92	5.9
268.4	104.54	44.25	5.9
268.6	104.59	44.39	5.9
268.8	104.64	44.56	5.9
269.0	104.7	44.8	5.9
269.2	106.12	45.15	5.9
269.4	106.96	45.92	5.9
269.6	107.93	46.74	5.9
269.8	108.94	47.53	5.9
270.0	109.84	48.19	5.9
270.2	110.42	48.55	5.9
270.4	110.89	48.71	5.9
270.6	111.26	48.63	5.9
270.8	111.55	48.14	5.9
271.0	111.78	47.26	5.9
271.2	111.92	46.25	5.9
271.4	111.95	45.2	5.9
271.6	111.85	44.37	5.9
271.8	111.63	43.75	5.9
272.0	111.32	43.25	5.9
272.2	110.93	42.86	5.9
272.4	110.44	42.59	5.9
272.6	109.87	42.44	5.9
272.8	109.29	42.41	5.9
273.0	108.75	42.48	5.9
273.2	108.29	42.66	5.9
273.4	107.98	42.95	5.9
273.6	107.8	43.33	5.9
273.8	107.76	43.79	5.89
274.0	107.91	44.3	5.89
274.2	108.47	44.93	5.89
274.4	109.13	45.55	5.89
274.6	109.81	46.14	5.88
274.8	110.27	46.62	5.88
275.0	110.08	46.92	5.87
275.2	110.06	47.1	5.87
275.4	110.42	47.17	5.86
275.6	110.29	47.15	5.86
275.8	110.16	47.04	5.85
276.0	110.02	46.8	5.85
276.2	109.89	46.41	5.84
276.4	109.75	45.69	5.83
276.6	109.62	44.56	5.83
276.8	109.49	43.41	5.82
277.0	109.35	42.39	5.82
277.2	109.22	41.61	5.81
277.4	109.09	41.83	5.81
277.6	108.95	42.28	5.8
277.8	108.82	42.84	5.8
278.0	108.68	43.24	5.79
278.2	108.55	43.09	5.79
278.4	108.42	42.88	5.78
278.6	108.28	42.73	5.78
278.8	108.15	42.72	5.77
279.0	108.01	43.33	5.77
279.2	107.88	44.19	5.77
279.4	107.75	45.11	5.77
279.6	107.61	45.97	5.78
279.8	107.48	46.49	5.78
280.0	107.35	46.89	5.78
280.2	107.21	47.16	5.78
280.4	107.08	47.3	5.78
280.6	107.57	47.32	5.78
280.8	107.98	47.21	5.79
281.0	108.32	46.99	5.79
281.2	108.59	46.62	5.79
281.4	108.78	46.06	5.79
281.6	108.88	45.45	5.79
281.8	108.9	44.82	5.79
282.0	108.79	44.24	5.79
282.2	108.42	43.82	5.8
282.4	108.04	43.49	5.8
282.6	107.72	43.28	5.8
282.8	107.57	43.21	5.8
283.0	107.88	43.38	5.8
283.2	108.34	43.68	5.8
283.4	108.9	44.06	5.8
283.6	109.54	44.54	5.8
283.8	110.22	45.14	5.79
284.0	110.87	45.71	5.79
284.2	111.45	46.16	5.79
284.4	111.87	46.34	5.79
284.6	112.03	46.04	5.79
284.8	112.05	45.58	5.78
285.0	111.94	45.03	5.78
285.2	111.7	44.5	5.78
285.4	111.34	44.12	5.78
285.6	110.89	43.76	5.78
285.8	110.36	43.44	5.77
286.0	109.76	43.16	5.77
286.2	109.05	42.88	5.77
286.4	108.35	42.67	5.77
286.6	107.69	42.55	5.77
286.8	107.12	42.54	5.76
287.0	106.77	42.77	5.76
287.2	106.6	43.13	5.76
287.4	106.58	43.59	5.76
287.6	106.75	44.12	5.76
287.8	107.26	44.68	5.76
