0.2	113.86	54.16	5.05
0.4	113.3	52.44	5.05
0.6	112.95	50.75	5.05
0.8	112.76	49.16	5.05
1.0	112.74	47.78	5.05
1.2	112.86	46.69	5.05
1.4	113.09	45.98	5.05
1.6	113.42	45.74	5.05
1.8	113.82	46.06	5.05
2.0	114.33	47.83	5.05
2.2	114.88	50.45	5.05
2.4	115.4	53.11	5.04
2.6	115.84	55.42	5.04
2.8	115.99	55.67	5.03
3.0	115.97	54.71	5.03
3.2	115.88	53.44	5.03
3.4	115.78	52.19	5.02
3.6	115.86	52.32	5.02
3.8	116.06	53.39	5.02
4.0	116.25	54.63	5.01
4.2	116.42	55.83	5.01
4.4	116.47	56.5	5.01
4.6	116.3	56.24	5.0
4.8	116.1	55.67	5.0
5.0	115.89	54.86	5.0
5.2	115.7	53.84	4.99
5.4	115.66	52.42	5.0
5.6	115.67	51.07	5.0
5.8	115.71	49.96	5.0
6.0	115.79	49.25	5.01
6.2	115.92	50.13	5.01
6.4	116.07	51.51	5.02
6.6	116.23	53.07	5.02
6.8	116.37	54.61	5.03
7.0	116.43	55.3	5.03
7.2	116.44	55.46	5.03
7.4	116.46	55.43	5.04
7.6	116.5	55.28	5.04
7.8	116.64	55.2	5.05
8.0	116.92	55.32	5.05
8.2	117.2	55.4	5.06
8.4	117.44	55.41	5.06
8.6	117.61	55.31	5.06
8.8	117.42	54.65	5.07
9.0	117.19	54.0	5.07
9.2	116.98	53.5	5.08
9.4	116.85	53.26	5.08
9.6	117.1	54.26	5.09
9.8	117.48	55.51	5.1
10.0	117.89	56.68	5.11
10.2	118.3	57.51	5.11
10.4	118.52	56.48	5.12
10.6	118.69	55.19	5.13
10.8	118.81	53.95	5.14
11.0	118.89	53.35	5.15
11.2	118.92	54.4	5.15
11.4	118.92	55.77	5.16
11.6	118.87	57.19	5.17
11.8	118.78	58.17	5.18
12.0	118.63	58.16	5.19
12.2	118.46	57.84	5.19
12.4	118.27	57.26	5.2
12.6	118.06	56.41	5.21
12.8	117.84	55.27	5.22
13.0	117.64	54.21	5.22
13.2	117.47	53.4	5.23
13.4	117.38	53.24	5.23
13.6	117.41	54.33	5.24
13.8	117.48	55.64	5.24
14.0	117.57	56.96	5.24
14.2	117.64	57.6	5.24
14.4	117.68	57.53	5.24
14.6	117.74	57.33	5.24
14.8	117.83	57.15	5.25
15.0	118.02	57.67	5.25
15.2	118.26	58.45	5.25
15.4	118.55	59.2	5.25
15.6	118.86	59.77	5.25
15.8	119.27	59.72	5.25
16.0	119.66	59.3	5.26
16.2	119.99	58.56	5.26
16.4	120.21	57.5	5.26
16.6	119.97	55.69	5.26
16.8	119.69	53.78	5.26
17.0	119.48	51.99	5.26
17.2	119.58	50.57	5.26
17.4	120.26	49.83	5.26
17.6	121.05	49.66	5.26
17.8	121.81	50.15	5.26
18.0	122.26	51.9	5.26
18.2	122.34	54.75	5.26
18.4	122.3	57.79	5.25
18.6	122.18	60.64	5.25
18.8	122.12	62.04	5.25
19.0	122.04	62.73	5.25
19.2	121.92	62.91	5.24
19.4	121.75	62.65	5.24
19.6	121.57	62.04	5.24
19.8	121.28	61.12	5.24
20.0	120.85	59.93	5.23
20.2	120.13	58.34	5.23
20.4	119.12	56.48	5.23
20.6	118.03	54.85	5.23
20.8	116.94	53.72	5.22
21.0	116.16	54.64	5.22
21.2	115.43	55.94	5.22
21.4	114.71	57.18	5.22
21.6	113.87	57.21	5.21
21.8	112.89	55.79	5.21
22.0	112.01	54.22	5.21
22.2	111.29	52.88	5.21
22.4	111.12	53.37	5.21
22.6	111.21	54.47	5.21
22.8	111.41	55.66	5.21
23.0	111.62	56.28	5.21
23.2	111.74	55.73	5.21
23.4	111.79	55.01	5.21
23.6	111.71	54.34	5.21
23.8	111.29	54.49	5.21
24.0	110.66	55.14	5.22
24.2	109.98	55.88	5.22
24.4	109.31	56.57	5.22
24.6	108.96	56.58	5.22
24.8	108.71	56.38	5.22
25.0	108.51	56.04	5.22
25.2	108.35	55.62	5.22
25.4	108.07	55.34	5.23
25.6	107.78	55.06	5.23
25.8	107.55	54.7	5.23
26.0	107.41	54.23	5.23
26.2	107.43	53.26	5.23
26.4	107.6	52.07	5.23
26.6	107.92	51.04	5.23
26.8	108.39	50.33	5.23
27.0	109.02	50.67	5.24
27.2	109.81	51.64	5.24
27.4	110.82	52.85	5.24
27.6	112.08	54.11	5.24
27.8	113.83	55.04	5.24
28.0	115.68	55.91	5.24
28.2	117.49	56.72	5.25
28.4	119.02	57.58	5.25
28.6	120.23	58.39	5.25
28.8	121.18	59.02	5.25
29.0	121.81	59.36	5.25
29.2	121.97	59.29	5.25
29.4	121.89	58.84	5.26
29.6	121.63	58.0	5.26
29.8	121.35	56.32	5.26
30.0	121.07	54.03	5.26
30.2	120.73	51.67	5.26
30.4	120.36	49.52	5.26
30.6	119.93	48.47	5.27
30.8	119.48	48.42	5.27
31.0	119.03	48.79	5.27
31.2	118.61	49.45	5.27
31.4	118.25	50.12	5.27
31.6	117.97	50.61	5.28
31.8	117.76	51.2	5.28
32.0	117.63	51.94	5.28
32.2	117.6	52.88	5.28
32.4	117.85	54.32	5.28
32.6	118.1	55.77	5.28
32.8	118.25	57.12	5.28
33.0	118.13	58.11	5.28
33.2	117.58	58.52	5.28
33.4	116.89	58.66	5.27
33.6	116.11	58.6	5.27
33.8	115.38	58.45	5.26
34.0	114.73	58.23	5.26
34.2	114.11	57.88	5.26
34.4	113.52	57.4	5.26
34.6	113.0	56.64	5.25
34.8	112.55	55.58	5.25
35.0	112.17	54.55	5.25
35.2	111.84	53.69	5.24
35.4	111.57	53.22	5.24
35.6	111.3	53.71	5.24
35.8	111.14	54.43	5.23
36.0	111.1	55.23	5.23
36.2	111.24	55.96	5.23
36.4	111.73	56.2	5.23
36.6	112.32	56.32	5.23
36.8	112.95	56.34	5.23
37.0	113.53	56.26	5.23
37.2	113.99	56.1	5.24
37.4	114.35	55.93	5.24
37.6	114.6	55.8	5.25
37.8	114.61	55.81	5.25
38.0	114.45	55.94	5.25
38.2	114.19	56.15	5.26
38.4	113.86	56.43	5.26
38.6	113.49	56.82	5.27
38.8	113.11	57.25	5.27
39.0	112.76	57.67	5.28
39.2	112.48	58.05	5.28
39.4	112.48	58.22	5.28
39.6	112.57	58.31	5.29
39.8	112.67	58.36	5.29
40.0	112.74	58.4	5.3
40.2	112.47	58.46	5.3
40.4	112.09	58.55	5.3
40.6	111.8	58.67	5.31
40.8	111.67	58.83	5.31
41.0	112.07	59.18	5.31
41.2	112.74	59.56	5.31
41.4	113.57	59.9	5.31
41.6	114.52	60.12	5.31
41.8	115.52	60.1	5.3
42.0	116.51	59.94	5.3
42.2	117.43	59.64	5.3
42.4	118.13	59.0	5.29
42.6	118.59	58.12	5.29
42.8	118.93	57.33	5.28
43.0	119.17	56.81	5.28
43.2	119.4	57.5	5.28
43.4	119.58	58.73	5.27
43.6	119.72	60.0	5.27
43.8	119.83	61.05	5.27
44.0	119.94	60.55	5.26
44.2	120.03	59.38	5.26
44.4	120.09	58.05	5.26
44.6	120.11	56.79	5.25
44.8	120.07	56.46	5.25
45.0	119.99	56.96	5.25
45.2	119.85	57.59	5.25
45.4	119.65	58.18	5.25
45.6	119.41	58.23	5.25
45.8	119.14	57.32	5.25
46.0	118.78	56.3	5.25
46.2	118.33	55.32	5.25
46.4	117.76	54.56	5.25
46.6	116.79	55.23	5.25
46.8	115.75	56.14	5.25
47.0	114.71	57.11	5.26
47.2	113.74	57.93	5.26
47.4	113.02	57.78	5.26
47.6	112.59	56.74	5.26
47.8	112.32	55.64	5.26
48.0	112.2	54.69	5.26
48.2	112.27	54.27	5.26
48.4	112.59	55.44	5.26
48.6	113.0	56.82	5.26
48.8	113.45	58.19	5.26
49.0	113.89	59.14	5.26
49.2	114.23	59.0	5.26
49.4	114.49	58.55	5.25
49.6	114.64	57.88	5.25
49.8	114.55	57.19	5.25
50.0	114.18	56.64	5.24
50.2	113.71	56.04	5.24
50.4	113.21	55.36	5.24
50.6	112.8	54.4	5.24
50.8	112.5	53.2	5.23
51.0	112.28	52.14	5.23
51.2	112.13	51.38	5.23
51.4	112.09	51.66	5.23
51.6	112.16	52.8	5.22
51.8	112.31	53.92	5.22
52.0	112.55	54.7	5.22
52.2	112.96	53.61	5.21
52.4	113.43	51.79	5.21
52.6	113.89	49.84	5.2
52.8	114.28	48.17	5.19
53.0	114.46	47.72	5.19
53.2	114.53	47.75	5.18
53.4	114.49	48.24	5.17
53.6	114.31	49.37	5.17
53.8	113.93	51.42	5.16
54.0	113.54	53.4	5.15
54.2	113.2	54.94	5.15
54.4	113.2	54.73	5.14
54.6	113.5	52.89	5.13
54.8	113.8	50.67	5.13
55.0	114.02	48.48	5.12
55.2	113.74	47.61	5.11
55.4	113.22	47.43	5.11
55.6	112.6	47.63	5.1
55.8	111.96	48.13	5.1
56.0	111.56	48.6	5.09
56.2	111.2	49.3	5.08
56.4	110.84	50.26	5.08
56.6	110.46	51.49	5.07
56.8	109.9	53.69	5.06
57.0	109.33	55.98	5.05
57.2	108.8	58.07	5.05
57.4	108.34	59.71	5.04
57.6	108.18	59.37	5.04
57.8	108.09	58.51	5.05
58.0	108.03	57.5	5.05
58.2	107.95	56.63	5.06
58.4	107.49	57.72	5.06
58.6	107.05	58.9	5.07
58.8	106.76	59.71	5.08
59.0	106.79	59.4	5.09
59.2	107.54	56.31	5.09
59.4	108.47	52.81	5.1
59.6	109.44	49.45	5.11
59.8	110.19	47.94	5.11
60.0	110.66	48.25	5.12
60.2	110.98	48.95	5.13
60.4	111.14	49.63	5.14
60.6	110.99	48.52	5.14
60.8	110.68	46.78	5.15
61.0	110.34	45.12	5.16
61.2	110.02	43.87	5.17
61.4	110.08	44.69	5.17
61.6	110.24	46.16	5.18
61.8	110.44	47.99	5.19
62.0	110.65	49.95	5.19
62.2	110.63	51.34	5.2
62.4	110.61	52.57	5.21
62.6	110.66	53.67	5.21
62.8	110.84	54.64	5.21
63.0	111.51	55.58	5.22
63.2	112.23	56.3	5.22
63.4	112.9	56.72	5.22
63.6	113.34	56.75	5.23
63.8	113.29	56.27	5.23
64.0	113.08	55.37	5.23
64.2	112.73	54.04	5.24
64.4	112.33	51.8	5.24
64.6	111.92	48.56	5.24
64.8	111.49	45.41	5.25
65.0	111.05	42.79	5.25
65.2	110.62	41.54	5.25
65.4	110.27	43.96	5.26
65.6	109.93	47.1	5.26
65.8	109.6	50.44	5.26
66.0	109.28	53.46	5.26
66.2	108.8	53.32	5.27
66.4	108.33	51.96	5.27
66.6	107.97	50.53	5.27
66.8	107.77	49.53	5.27
67.0	108.03	50.97	5.27
67.2	108.64	54.14	5.27
67.4	109.35	57.49	5.27
67.6	110.1	60.5	5.27
67.8	110.7	61.3	5.27
68.0	111.18	60.86	5.26
68.2	111.54	59.93	5.26
68.4	111.73	58.75	5.26
68.6	111.53	58.27	5.25
68.8	111.17	57.88	5.25
69.0	110.7	57.53	5.25
69.2	110.17	57.19	5.24
69.4	109.7	56.66	5.24
69.6	109.26	56.14	5.24
69.8	108.83	55.72	5.23
70.0	108.44	55.46	5.23
70.2	108.09	55.57	5.23
70.4	107.8	56.23	5.22
70.6	107.59	57.01	5.22
70.8	107.47	57.84	5.22
71.0	107.47	58.63	5.21
71.2	107.67	58.81	5.21
71.4	108.0	58.89	5.21
71.6	108.45	59.06	5.21
71.8	109.0	59.45	5.2
72.0	109.69	60.76	5.19
72.2	110.46	62.35	5.18
72.4	111.26	63.88	5.17
72.6	112.08	65.1	5.15
72.8	113.0	65.58	5.14
73.0	113.76	65.59	5.12
73.2	114.26	65.13	5.11
73.4	114.1	63.97	5.1
73.6	113.37	62.22	5.08
73.8	112.46	60.18	5.07
74.0	111.52	58.01	5.05
74.2	111.03	55.92	5.04
74.4	110.66	53.95	5.02
74.6	110.38	52.22	5.01
74.8	110.18	50.93	5.0
75.0	110.04	50.83	4.98
75.2	109.97	51.12	4.97
75.4	109.93	51.69	4.95
75.6	109.94	52.4	4.94
75.8	109.95	53.06	4.92
76.0	109.91	53.12	4.91
76.2	109.9	53.1	4.9
76.4	109.91	53.05	4.88
76.6	109.96	52.96	4.87
76.8	110.04	52.84	4.85
77.0	110.16	52.61	4.84
77.2	110.35	52.48	4.82
77.4	110.63	52.5	4.81
77.6	111.0	52.77	4.8
77.8	111.52	53.73	4.78
78.0	112.17	55.11	4.77
78.2	112.93	56.53	4.75
78.4	113.78	57.81	4.75
78.6	114.79	58.49	4.75
78.8	115.88	58.74	4.76
79.0	116.96	58.76	4.77
79.2	117.99	58.62	4.78
79.4	118.84	58.58	4.79
79.6	119.55	58.42	4.8
79.8	120.06	58.08	4.81
80.0	120.35	57.52	4.82
80.2	120.11	56.28	4.83
80.4	119.7	54.93	4.84
80.6	119.19	53.62	4.85
80.8	118.65	52.49	4.87
81.0	118.56	52.46	4.88
81.2	118.53	52.74	4.89
81.4	118.47	53.12	4.9
81.6	118.31	53.47	4.9
81.8	117.83	53.35	4.91
82.0	116.94	52.62	4.92
82.2	115.99	51.78	4.92
82.4	115.04	50.91	4.92
82.6	114.19	50.12	4.92
82.8	113.85	49.86	4.91
83.0	113.61	49.69	4.9
83.2	113.42	49.56	4.89
83.4	113.22	49.41	4.87
83.6	112.82	49.05	4.86
83.8	112.23	48.48	4.84
84.0	111.59	47.88	4.82
84.2	110.93	47.26	4.8
84.4	110.26	46.67	4.79
84.6	109.68	46.15	4.77
84.8	109.14	45.72	4.75
85.0	108.64	45.39	4.74
85.2	108.2	45.2	4.73
85.4	107.82	45.33	4.74
85.6	107.51	45.81	4.75
85.8	107.28	46.34	4.78
86.0	107.11	46.84	4.81
86.2	107.03	47.18	4.84
86.4	107.09	47.05	4.86
86.6	107.2	46.78	4.89
86.8	107.34	46.39	4.91
87.0	107.48	45.9	4.94
87.2	107.61	45.21	4.97
87.4	107.69	44.59	4.99
87.6	107.72	44.17	5.02
87.8	107.65	44.16	5.05
88.0	107.39	45.11	5.07
88.2	107.04	46.31	5.1
88.4	106.63	47.59	5.12
88.6	106.18	48.8	5.15
88.8	105.63	49.28	5.16
89.0	105.11	49.59	5.18
89.2	104.66	49.78	5.19
89.4	104.32	49.89	5.2
89.6	104.37	50.05	5.2
89.8	104.57	50.2	5.2
90.0	104.84	50.33	5.19
90.2	105.1	50.45	5.19
90.4	105.22	50.87	5.18
90.6	105.27	51.22	5.18
90.8	105.25	51.33	5.17
91.0	105.15	51.06	5.16
91.2	104.8	49.41	5.16
91.4	104.38	47.33	5.15
91.6	104.01	45.28	5.15
91.8	103.74	43.55	5.14
92.0	103.88	43.21	5.14
92.2	104.19	43.52	5.13
92.4	104.6	44.32	5.13
92.6	105.06	45.54	5.12
92.8	105.51	47.66	5.12
93.0	105.94	49.8	5.11
93.2	106.35	51.66	5.1
93.4	106.7	52.83	5.1
93.6	106.92	51.48	5.09
93.8	107.07	49.57	5.09
94.0	107.15	47.47	5.08
94.2	107.18	45.52	5.08
94.4	107.0	45.25	5.07
94.6	106.82	45.39	5.06
94.8	106.7	45.8	5.06
95.0	106.72	46.35	5.05
95.2	107.14	46.52	5.07
95.4	107.73	46.78	5.08
95.6	108.43	47.17	5.1
95.8	109.24	47.78	5.12
96.0	110.1	48.8	5.13
96.2	111.0	50.0	5.15
96.4	111.91	51.34	5.17
96.6	112.77	52.92	5.18
96.8	113.53	54.78	5.2
97.0	114.27	56.49	5.21
97.2	114.97	57.87	5.23
97.4	115.68	58.46	5.24
97.6	116.42	57.87	5.26
97.8	117.11	56.86	5.28
98.0	117.72	55.59	5.29
98.2	118.17	54.18	5.31
98.4	118.46	52.82	5.33
98.6	118.64	51.7	5.34
98.8	118.72	51.01	5.36
99.0	118.71	51.76	5.38
99.2	118.62	53.72	5.39
99.4	118.46	55.86	5.41
99.6	118.26	57.82	5.42
99.8	118.01	58.55	5.44
100.0	117.71	57.35	5.45
100.2	117.42	55.83	5.47
100.4	117.18	54.34	5.48
100.6	117.05	53.55	5.5
100.8	117.14	54.43	5.51
101.0	117.29	55.61	5.53
101.2	117.47	56.84	5.54
101.4	117.62	57.68	5.56
101.6	117.7	57.66	5.57
101.8	117.76	57.38	5.59
102.0	117.81	56.88	5.61
102.2	117.86	56.22	5.62
102.4	117.93	55.43	5.64
102.6	117.97	54.62	5.65
102.8	117.99	53.87	5.67
103.0	117.96	53.24	5.68
103.2	117.77	53.02	5.7
103.4	117.56	53.0	5.71
103.6	117.35	53.16	5.73
103.8	117.17	53.5	5.74
104.0	117.05	54.23	5.75
104.2	117.01	55.09	5.76
104.4	117.06	55.94	5.77
104.6	117.22	56.67	5.78
104.8	117.64	56.71	5.79
105.0	118.17	56.52	5.8
105.2	118.73	56.38	5.8
105.4	119.25	56.45	5.81
105.6	119.53	57.69	5.82
105.8	119.73	59.07	5.82
106.0	119.86	60.37	5.83
106.2	119.94	61.24	5.84
106.4	119.93	60.71	5.84
106.6	119.91	59.9	5.85
106.8	119.9	59.0	5.85
107.0	119.92	58.26	5.86
107.2	119.98	58.37	5.87
107.4	120.14	58.76	5.87
107.6	120.43	59.39	5.88
107.8	120.91	60.24	5.88
108.0	121.79	61.41	5.89
108.2	122.8	62.65	5.89
108.4	123.87	63.88	5.9
108.6	124.91	64.9	5.9
108.8	125.86	65.6	5.91
109.0	126.7	66.18	5.91
109.2	127.38	66.65	5.92
109.4	127.83	67.3	5.92
109.6	128.05	67.83	5.93
109.8	128.04	68.04	5.93
110.0	127.74	67.61	5.94
110.2	127.09	66.18	5.95
110.4	126.24	64.54	5.95
110.6	125.25	62.91	5.96
110.8	124.16	62.14	5.96
111.0	123.02	61.75	5.97
111.2	121.9	61.44	5.97
111.4	120.88	60.98	5.98
111.6	120.15	59.91	5.99
111.8	119.5	58.79	5.99
112.0	118.9	57.71	6.0
112.2	118.31	56.81	6.0
112.4	117.55	56.28	6.0
112.6	116.85	56.05	6.01
112.8	116.26	56.17	6.01
113.0	115.93	56.88	6.01
113.2	116.07	58.58	6.01
113.4	116.26	60.33	6.01
113.6	116.41	61.82	6.01
113.8	116.19	62.12	6.01
114.0	115.53	61.03	6.01
114.2	114.76	59.66	6.01
114.4	113.95	58.31	6.02
114.6	113.35	58.04	6.02
114.8	112.88	58.5	6.02
115.0	112.45	59.2	6.02
115.2	112.03	59.99	6.02
115.4	111.48	60.46	6.02
115.6	110.86	60.65	6.02
115.8	110.3	60.75	6.02
116.0	109.84	60.78	6.02
116.2	109.66	60.72	6.03
116.4	109.83	60.6	6.03
116.6	110.12	60.5	6.03
116.8	110.47	60.47	6.03
117.0	110.77	60.58	6.03
117.2	110.7	60.95	6.03
117.4	110.76	61.48	6.03
117.6	111.07	62.14	6.03
117.8	111.95	62.98	6.03
118.0	113.59	63.99	6.03
118.2	115.47	65.07	6.03
118.4	117.43	66.2	6.03
118.6	119.36	67.47	6.03
118.8	121.1	68.67	6.03
119.0	122.48	69.59	6.02
119.2	123.15	69.9	6.02
119.4	122.73	69.29	6.02
119.6	121.97	68.36	6.02
119.8	121.07	67.27	6.02
120.0	120.77	66.47	6.02
120.2	121.01	65.96	6.01
120.4	121.39	65.59	6.01
120.6	121.84	65.35	6.01
120.8	122.31	65.26	6.01
121.0	122.37	65.47	6.01
121.2	122.27	65.86	6.01
121.4	122.16	66.32	6.0
121.6	122.1	66.82	6.0
121.8	122.12	67.31	6.0
122.0	122.52	67.61	6.0
122.2	123.0	67.87	6.0
122.4	123.54	68.09	6.0
122.6	124.11	68.28	6.01
122.8	124.74	68.6	6.01
123.0	125.33	68.87	6.02
123.2	125.79	68.98	6.02
123.4	126.07	68.82	6.03
123.6	125.76	67.8	6.04
123.8	125.16	66.43	6.04
124.0	124.47	64.98	6.05
124.2	123.75	63.63	6.05
124.4	123.38	63.08	6.06
124.6	123.31	63.19	6.07
124.8	123.31	63.54	6.07
125.0	123.37	64.03	6.08
125.2	123.42	64.57	6.08
125.4	123.3	64.68	6.08
125.6	123.09	64.58	6.09
125.8	122.87	64.52	6.09
126.0	122.68	64.53	6.09
126.2	122.54	64.69	6.1
126.4	122.67	65.48	6.1
126.6	122.79	66.3	6.1
126.8	122.84	67.05	6.1
127.0	122.79	67.6	6.1
127.2	122.29	67.37	6.11
127.4	121.67	66.89	6.11
127.6	120.99	66.26	6.11
127.8	120.3	65.55	6.11
128.0	119.79	65.0	6.11
128.2	119.37	64.52	6.11
128.4	119.03	64.09	6.12
128.6	118.77	63.74	6.12
128.8	118.62	63.5	6.12
129.0	118.58	63.4	6.12
129.2	118.64	63.42	6.12
129.4	118.78	63.56	6.12
129.6	119.0	63.83	6.13
129.8	119.3	64.26	6.13
130.0	119.67	64.83	6.13
130.2	120.09	65.48	6.13
130.4	120.56	66.22	6.13
130.6	121.13	67.08	6.13
130.8	121.73	67.97	6.14
131.0	122.29	68.81	6.14
131.2	122.78	69.54	6.14
131.4	122.93	69.85	6.14
131.6	123.01	70.02	6.14
131.8	123.06	70.13	6.14
132.0	123.17	70.23	6.15
132.2	123.63	70.78	6.15
132.4	124.17	71.31	6.15
132.6	124.74	71.73	6.15
132.8	125.28	71.94	6.15
133.0	125.66	71.41	6.15
133.2	125.92	70.49	6.15
133.4	126.12	69.51	6.15
133.6	126.27	68.6	6.15
133.8	126.45	68.34	6.15
134.0	126.59	68.44	6.15
134.2	126.63	68.6	6.15
134.4	126.53	68.72	6.15
134.6	126.03	68.25	6.15
134.8	125.34	67.56	6.15
135.0	124.61	66.84	6.15
135.2	123.91	66.16	6.15
135.4	123.58	65.85	6.15
135.6	123.57	65.87	6.15
135.8	123.63	66.03	6.15
136.0	123.72	66.32	6.15
136.2	123.77	66.68	6.15
136.4	123.46	67.07	6.15
136.6	123.01	67.49	6.14
136.8	122.56	67.92	6.14
137.0	122.15	68.34	6.14
137.2	121.91	68.69	6.14
137.4	121.91	68.94	6.14
137.6	121.97	69.15	6.14
137.8	122.08	69.35	6.14
138.0	122.19	69.58	6.14
138.2	122.28	69.88	6.13
138.4	122.32	70.12	6.13
138.6	122.31	70.24	6.13
138.8	122.18	70.1	6.13
139.0	121.85	69.52	6.13
139.2	121.48	68.87	6.13
139.4	121.09	68.25	6.12
139.6	120.72	67.75	6.12
139.8	120.47	67.83	6.12
140.0	120.28	68.07	6.12
140.2	120.18	68.43	6.11
140.4	120.17	68.88	6.12
140.6	120.35	69.47	6.12
140.8	120.63	70.04	6.13
141.0	120.98	70.48	6.14
141.2	121.39	70.7	6.16
141.4	121.76	70.07	6.17
141.6	122.18	69.27	6.18
141.8	122.67	68.47	6.19
142.0	123.29	67.89	6.2
142.2	124.15	68.01	6.21
142.4	125.06	68.37	6.22
142.6	125.98	68.93	6.23
142.8	126.85	69.67	6.24
143.0	127.62	70.64	6.25
143.2	128.26	71.57	6.26
143.4	128.73	72.33	6.28
143.6	128.91	72.58	6.29
143.8	128.74	72.13	6.3
144.0	128.4	71.54	6.31
144.2	127.94	70.96	6.32
144.4	127.36	70.97	6.33
144.6	126.76	71.25	6.34
144.8	126.2	71.57	6.35
145.0	125.79	71.78	6.36
145.2	125.85	71.63	6.36
145.4	125.94	71.36	6.36
145.6	125.95	71.0	6.36
145.8	125.6	70.63	6.36
146.0	124.85	70.25	6.35
146.2	123.87	69.79	6.34
146.4	122.68	69.23	6.33
146.6	121.17	68.41	6.32
146.8	119.51	67.48	6.31
147.0	117.81	66.5	6.3
147.2	116.14	65.53	6.29
147.4	114.78	64.66	6.28
147.6	113.64	63.89	6.27
147.8	112.65	63.23	6.26
148.0	111.82	62.72	6.25
148.2	111.14	62.38	6.24
148.4	110.57	62.33	6.23
148.6	110.18	62.46	6.22
148.8	109.97	62.77	6.21
149.0	109.97	63.26	6.2
149.2	110.26	64.14	6.19
149.4	110.81	65.23	6.18
149.6	111.51	66.23	6.17
149.8	112.36	67.01	6.16
150.0	113.4	66.86	6.16
150.2	114.51	66.24	6.16
150.4	115.57	65.58	6.17
150.6	116.46	65.09	6.17
150.8	116.81	65.55	6.17
151.0	116.99	66.26	6.18
151.2	117.07	67.1	6.18
151.4	117.18	67.95	6.18
151.6	117.45	68.64	6.19
151.8	117.73	69.24	6.19
152.0	118.0	69.72	6.19
152.2	118.23	69.95	6.19
152.4	118.3	69.74	6.19
152.6	118.4	69.41	6.2
152.8	118.59	69.05	6.2
153.0	118.95	68.79	6.2
153.2	119.65	68.94	6.2
153.4	120.47	69.07	6.2
153.6	121.36	69.11	6.2
153.8	122.38	68.73	6.2
154.0	123.48	67.87	6.19
154.2	124.41	67.02	6.19
154.4	125.02	66.36	6.18
154.6	124.98	66.85	6.18
154.8	124.4	67.76	6.18
155.0	123.36	68.46	6.17
155.2	121.74	68.32	6.17
155.4	119.23	66.06	6.17
155.6	116.56	63.4	6.16
155.8	113.97	60.76	6.16
156.0	112.34	59.45	6.16
156.2	112.09	60.16	6.15
156.4	112.29	61.43	6.15
156.6	112.78	62.99	6.15
156.8	113.37	64.59	6.14
157.0	113.52	65.27	6.14
157.2	112.96	64.62	6.14
157.4	112.34	63.81	6.13
157.6	111.73	62.99	6.13
157.8	111.2	62.3	6.12
158.0	111.03	62.48	6.12
158.2	111.15	63.29	6.12
158.4	111.4	64.27	6.11
158.6	111.76	65.3	6.11
158.8	112.2	66.27	6.11
159.0	112.63	66.52	6.1
159.2	113.13	66.7	6.1
159.4	113.69	66.91	6.09
159.6	114.31	67.23	6.09
159.8	115.06	68.17	6.09
160.0	115.87	69.35	6.1
160.2	116.67	70.47	6.11
160.4	117.42	71.42	6.11
160.6	118.0	71.58	6.12
160.8	118.47	71.34	6.12
161.0	118.84	70.93	6.13
161.2	119.11	70.44	6.13
161.4	119.2	70.16	6.14
161.6	119.19	70.01	6.14
161.8	119.14	69.9	6.15
162.0	119.09	69.85	6.15
162.2	119.14	69.84	6.16
162.4	119.32	69.87	6.16
162.6	119.56	69.95	6.17
162.8	119.88	70.1	6.17
163.0	120.31	70.36	6.17
163.2	121.15	70.98	6.18
163.4	121.87	71.53	6.18
163.6	122.35	71.88	6.18
163.8	122.34	71.86	6.18
164.0	121.08	70.88	6.19
164.2	119.46	69.6	6.19
164.4	117.66	68.15	6.19
164.6	115.89	66.65	6.2
164.8	114.95	65.48	6.2
165.0	114.23	64.43	6.2
165.2	113.68	63.55	6.2
165.4	113.28	62.86	6.2
165.6	112.99	62.4	6.21
165.8	112.71	62.57	6.21
166.0	112.48	63.07	6.21
166.2	112.34	63.7	6.21
166.4	112.29	64.39	6.21
166.6	112.34	65.08	6.22
166.8	112.47	65.3	6.22
167.0	112.7	65.43	6.22
167.2	113.02	65.63	6.22
167.4	113.43	65.99	6.22
167.6	114.03	67.08	6.21
167.8	114.72	68.45	6.21
168.0	115.42	69.7	6.2
168.2	116.1	70.62	6.19
168.4	116.51	69.98	6.19
168.6	116.87	68.92	6.18
168.8	117.23	67.81	6.17
169.0	117.63	66.91	6.17
169.2	118.28	67.45	6.16
169.4	119.0	68.39	6.15
169.6	119.77	69.58	6.15
169.8	120.59	70.92	6.14
170.0	121.53	72.14	6.13
170.2	122.44	73.32	6.12
170.4	123.23	74.42	6.12
170.6	123.83	75.39	6.11
170.8	123.98	76.21	6.11
171.0	123.96	76.77	6.12
171.2	123.8	76.99	6.12
171.4	123.71	76.59	6.13
171.6	123.61	75.66	6.14
171.8	123.28	74.41	6.16
172.0	122.57	72.9	6.17
172.2	120.85	71.11	6.19
172.4	118.87	69.31	6.2
172.6	116.83	67.63	6.21
172.8	114.92	66.22	6.23
173.0	114.38	66.25	6.24
173.2	114.19	66.67	6.25
173.4	114.23	67.36	6.26
173.6	114.41	68.18	6.27
173.8	114.61	68.99	6.27
174.0	114.29	69.22	6.28
174.2	113.74	69.12	6.29
174.4	113.23	68.93	6.29
174.6	112.84	68.69	6.3
174.8	112.65	68.41	6.3
175.0	113.01	68.06	6.3
175.2	113.5	67.8	6.3
175.4	114.05	67.7	6.3
175.6	114.57	67.96	6.3
175.8	114.95	68.89	6.29
176.0	115.26	69.92	6.29
176.2	115.48	70.87	6.29
176.4	115.51	71.33	6.29
176.6	115.35	71.15	6.28
176.8	115.15	70.76	6.28
177.0	114.98	70.23	6.28
177.2	115.01	69.68	6.28
177.4	115.32	69.19	6.28
177.6	115.71	68.79	6.27
177.8	116.14	68.53	6.27
178.0	116.56	68.53	6.27
178.2	116.86	69.15	6.27
178.4	117.14	69.87	6.27
178.6	117.41	70.57	6.26
178.8	117.69	71.03	6.26
179.0	118.0	70.96	6.26
179.2	118.29	70.78	6.26
179.4	118.52	70.54	6.25
179.6	118.61	70.41	6.25
179.8	118.55	70.42	6.25
180.0	118.47	70.5	6.25
180.2	118.39	70.65	6.25
180.4	118.46	70.92	6.24
180.6	118.7	71.32	6.24
180.8	118.95	71.74	6.24
181.0	119.2	72.12	6.24
181.2	119.39	72.39	6.23
181.4	119.38	72.39	6.23
181.6	119.33	72.33	6.23
181.8	119.25	72.22	6.23
182.0	119.17	72.12	6.23
182.2	119.18	72.18	6.22
182.4	119.18	72.23	6.22
182.6	119.16	72.24	6.22
182.8	119.07	72.15	6.22
183.0	118.85	71.83	6.22
183.2	118.6	71.46	6.22
183.4	118.36	71.04	6.22
183.6	118.17	70.61	6.22
183.8	118.08	70.22	6.21
184.0	118.07	69.87	6.21
184.2	118.13	69.59	6.21
184.4	118.27	69.41	6.21
184.6	118.56	69.43	6.21
184.8	118.92	69.57	6.21
185.0	119.34	69.83	6.21
185.2	119.79	70.19	6.22
185.4	120.31	70.84	6.22
185.6	120.81	71.52	6.23
185.8	121.24	72.11	6.24
186.0	121.53	72.48	6.24
186.2	121.45	72.16	6.25
186.4	121.28	71.67	6.26
186.6	121.07	71.1	6.26
186.8	120.9	70.55	6.27
187.0	121.09	70.52	6.27
187.2	121.35	70.57	6.28
187.4	121.62	70.67	6.29
187.6	121.87	70.78	6.29
187.8	121.87	70.63	6.29
188.0	121.68	70.31	6.3
188.2	121.52	70.08	6.3
188.4	121.45	70.03	6.3
188.6	121.69	70.51	6.3
188.8	122.33	71.65	6.3
189.0	123.05	72.85	6.3
189.2	123.76	73.94	6.3
189.4	124.3	74.41	6.29
189.6	124.66	74.38	6.29
189.8	124.86	74.12	6.28
190.0	124.89	73.72	6.28
190.2	124.45	73.31	6.27
190.4	123.86	72.88	6.26
190.6	123.22	72.48	6.26
190.8	122.64	72.15	6.25
191.0	122.61	72.24	6.25
191.2	122.76	72.46	6.24
191.4	122.97	72.71	6.24
191.6	123.18	72.95	6.23
191.8	123.24	72.99	6.22
192.0	123.1	72.77	6.22
192.2	122.88	72.52	6.21
192.4	122.59	72.27	6.21
192.6	122.23	72.16	6.2
192.8	121.83	72.22	6.2
193.0	121.36	72.28	6.2
193.2	120.84	72.29	6.2
193.4	120.2	72.03	6.19
193.6	119.47	71.54	6.19
193.8	118.78	71.03	6.19
194.0	118.17	70.54	6.19
194.2	117.8	70.28	6.19
194.4	117.79	70.4	6.18
194.6	117.91	70.57	6.18
194.8	118.11	70.72	6.18
195.0	118.34	70.81	6.18
195.2	118.43	70.27	6.18
195.4	118.53	69.72	6.17
195.6	118.64	69.3	6.17
195.8	118.77	69.18	6.17
196.0	118.95	70.07	6.17
196.2	119.16	71.15	6.17
196.4	119.39	72.22	6.17
196.6	119.65	72.92	6.16
196.8	119.93	72.87	6.16
197.0	120.22	72.62	6.16
197.2	120.51	72.27	6.16
197.4	120.78	71.97	6.16
197.6	121.02	71.87	6.16
197.8	121.25	71.83	6.16
198.0	121.51	71.87	6.16
198.2	121.8	72.03	6.16
198.4	122.16	72.36	6.15
198.6	122.54	72.74	6.15
198.8	122.93	73.16	6.15
199.0	123.35	73.57	6.15
199.2	123.8	73.94	6.16
199.4	124.2	74.26	6.16
199.6	124.49	74.48	6.17
199.8	124.57	74.52	6.17
200.0	124.41	74.36	6.18
200.2	124.13	74.1	6.18
200.4	123.75	73.77	6.19
200.6	123.3	73.4	6.19
200.8	122.82	73.0	6.2
201.0	122.34	72.65	6.2
201.2	121.9	72.36	6.2
201.4	121.62	72.29	6.21
201.6	121.65	72.59	6.21
201.8	121.71	72.96	6.21
202.0	121.75	73.32	6.22
202.2	121.72	73.61	6.22
202.4	121.33	73.58	6.22
202.6	120.8	73.39	6.22
202.8	120.23	73.07	6.22
203.0	119.67	72.62	6.22
203.2	119.25	71.87	6.21
203.4	118.91	71.04	6.21
203.6	118.66	70.24	6.21
203.8	118.5	69.56	6.21
204.0	118.53	69.34	6.2
204.2	118.7	69.43	6.2
204.4	118.94	69.69	6.2
204.6	119.25	70.07	6.2
204.8	119.55	70.5	6.2
205.0	119.79	70.88	6.19
205.2	120.08	71.33	6.19
205.4	120.44	71.86	6.19
205.6	120.93	72.52	6.19
205.8	121.7	73.52	6.2
206.0	122.48	74.44	6.21
206.2	123.19	75.18	6.22
206.4	123.64	75.34	6.23
206.6	123.73	74.76	6.24
206.8	123.72	74.01	6.25
207.0	123.67	73.28	6.25
207.2	123.76	73.11	6.26
207.4	123.99	73.47	6.27
207.6	124.26	74.01	6.28
207.8	124.55	74.64	6.29
208.0	124.86	75.26	6.3
208.2	125.17	75.74	6.3
208.4	125.47	76.12	6.31
208.6	125.71	76.38	6.32
208.8	125.88	76.47	6.32
209.0	125.96	76.11	6.32
209.2	125.92	75.54	6.32
209.4	125.76	74.93	6.32
209.6	125.45	74.35	6.32
209.8	124.83	74.19	6.32
210.0	124.07	74.15	6.32
210.2	123.24	74.14	6.31
210.4	122.41	74.1	6.31
210.6	121.76	73.88	6.31
210.8	121.19	73.55	6.31
211.0	120.68	73.1	6.31
211.2	120.23	72.53	6.3
211.4	119.96	71.59	6.3
211.6	119.85	70.3	6.3
211.8	119.72	69.08	6.3
212.0	119.5	68.08	6.3
212.2	119.08	67.51	6.3
212.4	117.96	68.3	6.29
212.6	116.8	69.32	6.29
212.8	115.73	70.37	6.29
213.0	114.96	71.11	6.29
213.2	115.06	70.63	6.29
213.4	115.4	69.95	6.29
213.6	115.9	69.23	6.29
213.8	116.43	68.67	6.3
214.0	116.63	69.1	6.3
214.2	116.8	69.73	6.3
214.4	116.95	70.45	6.3
214.6	117.09	71.15	6.3
214.8	117.04	71.45	6.3
215.0	117.1	71.67	6.3
215.2	117.36	71.83	6.3
215.4	118.08	71.97	6.3
215.6	119.43	72.1	6.3
215.8	120.87	72.2	6.3
216.0	122.26	72.26	6.3
216.2	123.18	72.12	6.3
216.4	123.82	72.01	6.3
216.6	124.18	71.98	6.3
216.8	124.06	72.35	6.3
217.0	123.57	73.0	6.31
217.2	122.97	73.69	6.31
217.4	122.41	74.27	6.31
217.6	122.37	74.35	6.31
217.8	122.42	74.28	6.31
218.0	122.51	74.11	6.31
218.2	122.58	73.9	6.31
218.4	122.36	73.72	6.31
218.6	122.09	73.58	6.31
218.8	121.82	73.51	6.31
219.0	121.57	73.54	6.31
219.2	121.63	74.12	6.31
219.4	121.67	74.69	6.31
219.6	121.6	75.08	6.31
219.8	121.27	74.99	6.31
220.0	120.36	73.88	6.3
220.2	119.32	72.5	6.3
220.4	118.27	71.04	6.3
220.6	117.41	69.84	6.3
220.8	117.02	69.36	6.29
221.0	116.79	69.07	6.29
221.2	116.71	68.91	6.29
221.4	116.73	68.8	6.28
221.6	116.72	68.28	6.28
221.8	116.74	67.57	6.28
222.0	116.89	67.1	6.27
222.2	117.22	67.01	6.27
222.4	117.8	67.72	6.27
222.6	118.75	69.77	6.27
222.8	119.86	72.07	6.27
223.0	121.09	74.36	6.27
223.2	122.4	76.06	6.27
223.4	123.75	76.93	6.28
223.6	125.06	77.5	6.28
223.8	126.3	77.84	6.28
224.0	127.23	78.26	6.28
224.2	127.93	78.65	6.29
224.4	128.54	78.82	6.29
224.6	129.09	78.72	6.29
224.8	129.83	77.79	6.29
225.0	130.64	76.39	6.3
225.2	131.31	74.96	6.3
225.4	131.76	73.72	6.3
225.6	131.81	73.51	6.3
225.8	131.42	74.28	6.31
226.0	130.7	75.16	6.31
226.2	129.63	75.93	6.31
226.4	127.98	75.76	6.31
226.6	125.75	74.42	6.32
226.8	123.41	72.82	6.32
227.0	121.14	71.18	6.32
227.2	119.17	69.75	6.33
227.4	118.89	70.03	6.33
227.6	119.03	70.66	6.33
227.8	119.45	71.5	6.33
228.0	120.02	72.43	6.33
228.2	120.61	73.31	6.34
228.4	120.82	73.75	6.34
228.6	120.49	73.58	6.34
228.8	120.09	73.27	6.34
229.0	119.67	72.85	6.34
229.2	119.28	72.36	6.35
229.4	118.99	71.92	6.35
229.6	118.77	71.43	6.35
229.8	118.66	70.89	6.35
230.0	118.7	70.26	6.36
230.2	119.1	69.36	6.36
230.4	119.55	68.51	6.36
230.6	119.99	67.81	6.36
230.8	120.34	67.36	6.37
231.0	119.99	67.63	6.37
231.2	119.63	68.18	6.37
231.4	119.4	68.93	6.37
231.6	119.5	69.79	6.37
231.8	120.56	70.47	6.37
232.0	121.82	71.35	6.37
232.2	123.1	72.49	6.36
232.4	123.99	74.39	6.32
232.6	124.52	76.84	6.28
232.8	124.99	79.18	6.22
233.0	125.58	81.0	6.17
233.2	126.62	81.76	6.12
233.4	127.58	81.78	6.07
233.6	128.29	81.03	6.02
233.8	128.06	78.44	5.97
234.0	127.36	75.17	5.92
234.2	126.55	72.09	5.87
234.4	125.94	70.26	5.82
234.6	126.21	71.89	5.77
234.8	126.59	74.37	5.72
235.0	126.95	77.16	5.67
235.2	127.06	79.46	5.62
235.4	126.44	79.8	5.57
235.6	125.65	79.67	5.52
235.8	124.76	79.23	5.47
236.0	123.94	78.67	5.42
236.2	123.33	78.22	5.37
236.4	122.75	77.72	5.32
236.6	122.2	77.23	5.27
236.8	121.62	76.81	5.22
237.0	120.99	76.52	5.17
237.2	120.38	76.29	5.12
237.4	119.82	76.11	5.07
237.6	119.36	76.01	5.02
237.8	119.06	76.01	4.97
238.0	118.8	76.01	4.92
238.2	118.56	75.96	4.87
238.4	118.31	75.79	4.83
238.6	117.97	75.44	4.79
238.8	117.61	74.97	4.75
239.0	117.23	74.38	4.72
239.2	116.79	73.57	4.71
239.4	116.31	72.57	4.71
239.6	115.83	71.55	4.72
239.8	115.35	70.6	4.73
240.0	114.92	69.91	4.73
240.2	114.56	69.55	4.74
240.4	114.23	69.32	4.74
240.6	113.94	69.19	4.75
240.8	113.62	69.11	4.75
241.0	113.26	69.06	4.76
241.2	113.05	69.01	4.76
241.4	113.08	68.92	4.77
241.6	113.66	68.59	4.78
241.8	114.69	68.12	4.79
242.0	115.86	67.75	4.8
242.2	117.05	67.6	4.82
242.4	118.04	68.33	4.83
242.6	118.88	69.22	4.84
242.8	119.51	70.06	4.86
243.0	119.69	70.44	4.87
243.2	119.4	70.25	4.88
243.4	119.0	69.87	4.9
243.6	118.61	69.4	4.91
243.8	118.8	69.14	4.93
244.0	119.2	68.94	4.94
244.2	119.64	68.71	4.95
244.4	120.04	68.45	4.96
244.6	120.07	68.02	4.97
244.8	119.9	67.52	4.98
245.0	119.66	66.99	4.98
245.2	119.39	66.48	4.99
245.4	119.33	66.12	4.99
245.6	119.29	65.81	4.99
245.8	119.16	65.46	4.99
246.0	118.86	65.04	4.99
246.2	117.99	64.33	4.99
246.4	116.93	63.52	4.99
246.6	115.78	62.66	4.99
246.8	114.63	61.78	4.99
247.0	113.78	60.97	4.99
247.2	113.12	60.21	4.99
247.4	112.54	59.5	4.99
247.6	112.04	58.84	4.99
247.8	111.6	58.26	4.99
248.0	111.18	57.79	4.99
248.2	110.82	57.38	4.99
248.4	110.52	57.02	4.99
248.6	110.29	56.71	4.99
248.8	110.12	56.31	4.99
249.0	110.02	55.96	4.99
249.2	110.01	55.73	4.99
249.4	110.08	55.67	4.99
249.6	110.31	56.08	4.99
249.8	110.63	56.69	4.99
250.0	111.01	57.35	4.98
250.2	111.41	57.97	4.98
250.4	111.8	58.29	4.98
250.6	112.19	58.52	4.98
250.8	112.57	58.69	4.98
251.0	112.89	58.84	4.97
251.2	113.13	59.01	4.97
251.4	113.36	59.11	4.97
251.6	113.62	59.09	4.97
251.8	113.94	58.85	4.97
252.0	114.37	58.35	4.96
252.2	114.85	57.79	4.96
252.4	115.37	57.24	4.96
252.6	115.92	56.84	4.96
252.8	116.51	56.6	4.97
253.0	117.12	56.43	4.98
253.2	117.76	56.32	4.99
253.4	118.46	56.16	5.0
253.6	119.16	56.09	5.01
253.8	119.82	56.16	5.03
254.0	120.36	56.59	5.04
254.2	120.75	57.43	5.05
254.4	121.09	58.27	5.06
254.6	121.39	58.96	5.08
254.8	121.8	58.96	5.09
255.0	122.25	58.41	5.1
255.2	122.62	57.6	5.11
255.4	122.85	56.61	5.12
255.6	122.7	55.62	5.14
255.8	122.19	54.66	5.14
256.0	121.58	53.67	5.15
256.2	120.94	52.66	5.16
256.4	120.48	51.52	5.17
256.6	120.26	50.28	5.17
256.8	120.08	49.22	5.18
257.0	119.9	48.46	5.19
257.2	119.58	48.49	5.19
257.4	119.07	49.54	5.2
257.6	118.54	50.86	5.2
257.8	118.05	52.27	5.21
258.0	117.64	53.57	5.22
258.2	117.69	53.67	5.22
258.4	117.83	53.56	5.23
258.6	117.99	53.34	5.23
258.8	118.13	53.08	5.24
259.0	118.01	53.15	5.24
259.2	117.57	53.67	5.24
259.4	117.16	54.11	5.25
259.6	116.88	54.35	5.25
259.8	116.95	53.95	5.25
260.0	117.52	52.64	5.25
260.2	118.24	51.36	5.24
260.4	119.03	50.37	5.24
260.6	119.75	50.84	5.23
260.8	120.38	52.25	5.22
261.0	120.92	53.73	5.21
261.2	121.34	54.9	5.2
261.4	121.42	53.76	5.19
261.6	121.4	52.24	5.18
261.8	121.35	50.73	5.17
262.0	121.36	49.81	5.16
262.2	121.71	51.18	5.15
262.4	122.1	52.96	5.14
262.6	122.5	54.83	5.13
262.8	122.86	56.44	5.12
263.0	122.96	56.2	5.11
263.2	123.0	55.6	5.1
263.4	123.01	54.84	5.09
263.6	123.03	54.2	5.09
263.8	123.21	54.61	5.09
264.0	123.34	54.96	5.09
264.2	123.37	55.04	5.09
264.4	123.14	54.12	5.09
264.6	122.52	51.59	5.1
264.8	121.78	48.91	5.1
265.0	120.99	46.49	5.1
265.2	120.29	45.5	5.1
265.4	119.82	46.82	5.1
265.6	119.37	48.71	5.11
265.8	118.92	50.83	5.11
266.0	118.44	52.81	5.11
266.2	117.76	53.16	5.11
266.4	117.05	53.05	5.11
266.6	116.32	52.51	5.11
266.8	115.62	51.59	5.12
267.0	114.98	50.03	5.11
267.2	114.4	48.11	5.11
267.4	113.89	46.19	5.11
267.6	113.45	44.46	5.11
267.8	113.12	43.47	5.1
268.0	112.89	43.13	5.1
268.2	112.72	43.22	5.09
268.4	112.59	43.75	5.08
268.6	112.35	44.78	5.08
268.8	112.06	46.24	5.07
269.0	111.92	47.99	5.07
269.2	112.0	49.97	5.06
269.4	112.47	52.26	5.05
269.6	113.34	54.68	5.05
269.8	114.52	56.9	5.04
270.0	116.03	58.73	5.04
270.2	118.3	59.21	5.03
270.4	120.74	59.16	5.03
270.6	122.93	59.03	5.02
270.8	124.19	59.4	5.02
271.0	124.3	60.47	5.02
271.2	124.08	61.74	5.02
271.4	123.8	63.13	5.02
271.6	124.16	64.76	5.02
271.8	124.5	66.06	5.02
272.0	124.71	66.71	5.03
272.2	124.34	65.49	5.03
272.4	123.77	63.47	5.03
272.6	123.17	61.1	5.03
272.8	122.97	59.27	5.03
273.0	123.08	57.93	5.03
273.2	123.21	56.66	5.03
273.4	123.26	55.37	5.03
273.6	122.9	53.54	5.03
273.8	122.26	51.52	5.04
274.0	121.45	49.68	5.04
274.2	120.5	48.21	5.05
274.4	119.39	47.89	5.06
274.6	118.19	48.19	5.06
274.8	116.98	48.86	5.07
275.0	115.78	49.77	5.08
275.2	114.77	50.81	5.08
275.4	113.89	51.85	5.09
275.6	113.09	52.75	5.09
275.8	112.37	53.37	5.1
276.0	111.7	53.39	5.1
276.2	110.99	51.83	5.11
276.4	110.39	50.05	5.11
276.6	109.91	48.32	5.12
276.8	109.59	46.9	5.12
277.0	109.57	46.66	5.12
277.2	109.78	47.31	5.12
277.4	110.12	48.4	5.12
277.6	110.55	49.83	5.12
277.8	111.06	51.66	5.12
278.0	111.59	53.62	5.12
278.2	112.06	55.5	5.11
278.4	112.4	57.05	5.11
278.6	112.38	57.82	5.11
278.8	112.29	58.23	5.11
279.0	112.18	58.34	5.11
279.2	112.23	58.08	5.1
279.4	112.46	57.53	5.1
279.6	112.73	56.98	5.1
279.8	113.04	56.59	5.1
280.0	112.96	57.02	5.1
280.2	112.93	57.81	5.09
280.4	113.29	58.68	5.09
280.6	114.6	59.42	5.09
280.8	117.89	59.76	5.09
281.0	121.18	59.87	5.09
281.2	123.86	59.75	5.09
281.4	123.69	59.08	5.09
281.6	121.83	58.15	5.09
281.8	119.46	57.27	5.09
282.0	117.4	56.78	5.09
282.2	116.7	57.12	5.09
282.4	116.3	57.66	5.09
282.6	116.09	58.25	5.1
282.8	115.83	58.5	5.1
283.0	115.53	58.46	5.1
283.2	115.27	58.33	5.1
283.4	115.04	58.17	5.1
283.6	114.85	58.06	5.1
283.8	114.69	57.99	5.1
284.0	114.57	57.96	5.1
284.2	114.5	57.98	5.1
284.4	114.56	58.26	5.11
284.6	114.65	58.56	5.12
284.8	114.71	58.77	5.13
285.0	114.7	58.77	5.14
285.2	114.51	58.23	5.15
285.4	114.24	57.56	5.15
285.6	113.89	56.82	5.16
285.8	113.45	56.2	5.17
286.0	112.91	55.78	5.18
286.2	112.35	55.45	5.19
286.4	111.82	55.19	5.2
286.6	111.38	55.0	5.21
286.8	111.12	54.89	5.21
287.0	110.92	54.83	5.22
287.2	110.79	54.8	5.23
287.4	110.67	54.75	5.24
287.6	110.48	54.53	5.25
287.8	110.41	54.43	5.25
