0.2	100.53	59.28	5.2
0.4	101.7	62.47	5.2
0.6	102.52	64.27	5.2
0.8	103.05	64.95	5.2
1.0	103.35	64.75	5.2
1.2	103.49	63.91	5.2
1.4	103.53	62.69	5.2
1.6	103.54	61.33	5.2
1.8	103.57	60.08	5.2
2.0	103.79	59.61	5.2
2.2	104.26	60.26	5.2
2.4	104.83	61.16	5.2
2.6	105.46	62.18	5.2
2.8	106.14	62.99	5.2
3.0	106.84	63.45	5.19
3.2	107.52	63.78	5.19
3.4	108.18	63.95	5.19
3.6	108.73	64.05	5.19
3.8	109.18	64.01	5.19
4.0	109.56	63.72	5.18
4.2	109.88	63.12	5.18
4.4	110.11	61.42	5.18
4.6	110.28	59.41	5.18
4.8	110.4	57.62	5.18
5.0	110.48	56.39	5.17
5.2	110.61	57.83	5.17
5.4	110.71	59.91	5.17
5.6	110.75	62.07	5.17
5.8	110.71	63.89	5.17
6.0	110.55	63.28	5.17
6.2	110.28	62.0	5.16
6.4	109.92	60.38	5.16
6.6	109.44	58.67	5.16
6.8	108.76	57.8	5.16
7.0	107.98	57.23	5.16
7.2	107.14	56.86	5.15
7.4	106.27	56.68	5.15
7.6	105.45	56.79	5.15
7.8	104.74	57.2	5.15
8.0	104.04	57.71	5.15
8.2	103.36	58.23	5.14
8.4	102.69	58.7	5.14
8.6	101.96	58.77	5.14
8.8	101.18	58.44	5.14
9.0	100.44	58.03	5.14
9.2	99.76	57.58	5.13
9.4	99.17	57.17	5.13
9.6	98.77	57.02	5.13
9.8	98.56	57.12	5.13
10.0	98.46	57.3	5.13
10.2	98.46	57.55	5.12
10.4	98.55	57.85	5.12
10.6	98.71	58.14	5.12
10.8	98.92	58.39	5.12
11.0	99.2	58.67	5.12
11.2	99.54	58.96	5.11
11.4	99.93	59.27	5.11
11.6	100.38	59.65	5.11
11.8	100.87	60.05	5.11
12.0	101.37	60.45	5.11
12.2	101.86	60.81	5.11
12.4	102.3	61.15	5.1
12.6	102.66	61.44	5.1
12.8	103.01	61.62	5.1
13.0	103.34	61.67	5.1
13.2	103.64	61.38	5.1
13.4	103.93	60.67	5.09
13.6	104.24	59.99	5.09
13.8	104.62	59.48	5.09
14.0	105.17	59.63	5.09
14.2	105.87	60.36	5.09
14.4	106.58	61.31	5.08
14.6	107.26	62.34	5.08
14.8	107.76	63.34	5.08
15.0	108.16	64.22	5.08
15.2	108.48	64.87	5.07
15.4	108.76	65.08	5.07
15.6	109.05	64.43	5.07
15.8	109.25	63.54	5.07
16.0	109.33	62.59	5.06
16.2	109.24	61.95	5.06
16.4	108.92	61.84	5.06
16.6	108.45	61.87	5.06
16.8	107.87	61.95	5.06
17.0	107.15	61.98	5.05
17.2	106.31	61.86	5.05
17.4	105.41	61.68	5.05
17.6	104.48	61.43	5.05
17.8	103.54	61.09	5.04
18.0	102.74	60.47	5.04
18.2	102.0	59.75	5.04
18.4	101.29	59.02	5.04
18.6	100.61	58.34	5.03
18.8	99.95	57.75	5.03
19.0	99.28	57.68	5.03
19.2	98.62	57.82	5.03
19.4	98.0	58.0	5.03
19.6	97.43	58.18	5.02
19.8	96.92	58.27	5.02
20.0	96.52	57.72	5.02
20.2	96.19	56.94	5.02
20.4	95.92	56.21	5.01
20.6	95.71	55.64	5.01
20.8	95.54	55.33	5.01
21.0	95.43	56.36	5.01
21.2	95.34	57.8	5.0
21.4	95.29	59.22	5.0
21.6	95.25	60.42	5.0
21.8	95.22	61.0	5.0
22.0	95.17	59.54	4.99
22.2	95.13	57.78	4.99
22.4	95.09	56.0	4.99
22.6	95.07	54.47	4.99
22.8	95.02	54.39	4.99
23.0	94.98	55.43	4.98
23.2	94.98	56.7	4.98
23.4	95.04	57.99	4.98
23.6	95.16	58.75	4.98
23.8	95.34	58.28	4.97
24.0	95.66	57.75	4.97
24.2	96.16	57.37	4.97
24.4	96.9	57.55	4.96
24.6	98.05	58.96	4.96
24.8	99.36	60.67	4.96
25.0	100.75	62.49	4.95
25.2	102.17	64.21	4.95
25.4	103.54	65.66	4.95
25.6	104.85	66.8	4.94
25.8	106.02	67.5	4.94
26.0	106.97	67.18	4.93
26.2	107.7	66.25	4.93
26.4	108.21	65.02	4.93
26.6	108.48	63.69	4.92
26.8	108.36	62.78	4.92
27.0	108.04	61.91	4.92
27.2	107.55	61.05	4.91
27.4	106.94	60.15	4.91
27.6	106.32	59.07	4.91
27.8	105.63	58.01	4.9
28.0	104.9	57.05	4.9
28.2	104.13	56.24	4.9
28.4	103.36	55.78	4.89
28.6	102.63	56.01	4.89
28.8	101.91	56.41	4.88
29.0	101.18	56.91	4.88
29.2	100.47	57.43	4.88
29.4	99.77	57.9	4.87
29.6	99.08	57.92	4.87
29.8	98.41	57.75	4.87
30.0	97.76	57.45	4.86
30.2	97.15	57.04	4.86
30.4	96.58	56.51	4.86
30.6	96.06	55.68	4.85
30.8	95.6	54.66	4.85
31.0	95.18	53.68	4.84
31.2	94.8	52.81	4.84
31.4	94.46	52.14	4.84
31.6	94.14	52.1	4.83
31.8	93.86	52.52	4.83
32.0	93.61	53.12	4.83
32.2	93.39	53.8	4.82
32.4	93.2	54.51	4.82
32.6	93.05	55.13	4.82
32.8	92.92	55.63	4.81
33.0	92.81	55.97	4.81
33.2	92.71	56.07	4.81
33.4	92.52	55.32	4.81
33.6	92.32	54.22	4.81
33.8	92.19	53.21	4.82
34.0	92.16	52.53	4.82
34.2	92.37	53.22	4.83
34.4	92.76	54.66	4.83
34.6	93.22	56.2	4.84
34.8	93.73	57.58	4.84
35.0	94.25	57.62	4.84
35.2	94.75	57.3	4.85
35.4	95.23	56.9	4.85
35.6	95.64	56.78	4.86
35.8	95.96	57.42	4.86
36.0	96.21	58.08	4.86
36.2	96.38	58.59	4.87
36.4	96.45	58.32	4.87
36.6	96.42	57.36	4.88
36.8	96.33	56.29	4.88
37.0	96.2	55.32	4.89
37.2	96.05	55.25	4.89
37.4	95.88	55.75	4.9
37.6	95.67	56.44	4.9
37.8	95.43	57.2	4.9
38.0	95.13	57.76	4.91
38.2	94.77	57.92	4.91
38.4	94.39	57.95	4.92
38.6	94.01	57.88	4.92
38.8	93.64	57.69	4.93
39.0	93.32	57.2	4.93
39.2	93.03	56.63	4.93
39.4	92.79	56.1	4.94
39.6	92.61	55.7	4.94
39.8	92.5	55.55	4.95
40.0	92.52	56.37	4.95
40.2	92.6	57.33	4.95
40.4	92.73	58.3	4.96
40.6	92.91	59.16	4.96
40.8	93.1	59.51	4.97
41.0	93.31	59.23	4.97
41.2	93.54	58.75	4.97
41.4	93.82	58.13	4.98
41.6	94.14	57.42	4.98
41.8	94.54	56.64	4.98
42.0	94.95	55.94	4.99
42.2	95.37	55.4	4.99
42.4	95.77	55.22	5.0
42.6	96.1	55.98	5.0
42.8	96.39	56.84	5.01
43.0	96.66	57.61	5.01
43.2	96.88	57.92	5.01
43.4	97.07	56.91	5.01
43.6	97.21	55.68	5.02
43.8	97.32	54.46	5.01
44.0	97.36	53.6	5.01
44.2	97.28	53.96	5.01
44.4	97.19	54.57	5.0
44.6	97.16	55.25	5.0
44.8	97.23	55.72	5.0
45.0	97.55	55.39	4.99
45.2	97.95	55.07	4.99
45.4	98.43	54.91	4.98
45.6	98.95	55.47	4.98
45.8	99.49	56.9	4.97
46.0	100.04	58.39	4.97
46.2	100.58	59.68	4.97
46.4	101.01	59.75	4.96
46.6	101.4	59.16	4.96
46.8	101.8	58.44	4.95
47.0	102.24	57.84	4.95
47.2	102.89	58.18	4.94
47.4	103.54	58.74	4.94
47.6	104.14	59.45	4.94
47.8	104.56	60.23	4.93
48.0	104.72	61.02	4.93
48.2	104.75	61.67	4.92
48.4	104.66	62.09	4.92
48.6	104.49	61.81	4.91
48.8	104.23	60.76	4.91
49.0	103.92	59.52	4.91
49.2	103.54	58.28	4.9
49.4	103.14	57.3	4.9
49.6	102.7	57.69	4.89
49.8	102.26	58.27	4.89
50.0	101.82	58.86	4.89
50.2	101.4	59.3	4.88
50.4	101.06	58.79	4.88
50.6	100.79	57.25	4.87
50.8	100.57	55.55	4.87
51.0	100.37	53.89	4.86
51.2	100.2	52.45	4.86
51.4	99.98	52.24	4.86
51.6	99.77	52.73	4.85
51.8	99.61	53.42	4.85
52.0	99.51	54.17	4.84
52.2	99.52	54.69	4.84
52.4	99.7	54.36	4.83
52.6	99.97	54.0	4.83
52.8	100.3	53.73	4.82
53.0	100.68	53.69	4.82
53.2	101.17	54.86	4.82
53.4	101.67	56.31	4.82
53.6	102.13	57.71	4.82
53.8	102.51	58.83	4.82
54.0	102.61	58.59	4.82
54.2	102.54	57.62	4.83
54.4	102.39	56.48	4.83
54.6	102.21	55.38	4.83
54.8	102.06	54.96	4.83
55.0	101.96	55.14	4.83
55.2	101.89	55.59	4.83
55.4	101.9	56.29	4.83
55.6	102.03	57.31	4.84
55.8	102.29	58.55	4.84
56.0	102.61	59.76	4.84
56.2	102.99	60.83	4.84
56.4	103.4	61.2	4.84
56.6	103.82	61.08	4.84
56.8	104.26	60.89	4.84
57.0	104.68	60.76	4.85
57.2	105.08	61.36	4.85
57.4	105.44	62.25	4.85
57.6	105.72	63.12	4.85
57.8	105.92	63.81	4.85
58.0	105.96	63.73	4.85
58.2	105.89	63.4	4.86
58.4	105.71	62.87	4.86
58.6	105.41	62.25	4.86
58.8	104.95	61.69	4.86
59.0	104.42	61.06	4.86
59.2	103.84	60.37	4.86
59.4	103.26	59.61	4.87
59.6	102.74	58.96	4.87
59.8	102.26	58.23	4.87
60.0	101.84	57.33	4.87
60.2	101.5	56.21	4.87
60.4	101.28	54.59	4.87
60.6	101.32	51.46	4.87
60.8	101.42	48.4	4.88
61.0	101.56	45.77	4.88
61.2	101.7	43.9	4.88
61.4	101.74	44.28	4.88
61.6	101.65	46.93	4.88
61.8	101.53	50.22	4.88
62.0	101.41	53.76	4.88
62.2	101.3	56.98	4.89
62.4	101.25	58.98	4.89
62.6	101.21	60.54	4.89
62.8	101.17	61.62	4.89
63.0	101.13	62.14	4.89
63.2	101.08	61.69	4.89
63.4	101.02	60.88	4.89
63.6	100.93	59.87	4.89
63.8	100.83	58.81	4.89
64.0	100.69	58.59	4.89
64.2	100.52	58.47	4.89
64.4	100.31	58.31	4.89
64.6	100.06	58.02	4.89
64.8	99.72	57.09	4.89
65.0	99.28	55.52	4.89
65.2	98.83	53.87	4.89
65.4	98.4	52.29	4.89
65.6	98.03	50.94	4.89
65.8	97.78	50.25	4.89
66.0	97.63	50.02	4.89
66.2	97.57	50.22	4.89
66.4	97.61	50.89	4.89
66.6	97.79	52.42	4.89
66.8	98.07	54.48	4.89
67.0	98.46	56.76	4.89
67.2	98.95	59.08	4.89
67.4	99.59	61.08	4.89
67.6	100.31	62.86	4.89
67.8	101.05	64.39	4.89
68.0	101.77	65.56	4.89
68.2	102.41	66.18	4.89
68.4	102.99	66.5	4.89
68.6	103.5	66.6	4.89
68.8	103.94	66.64	4.89
69.0	104.28	66.59	4.89
69.2	104.5	66.37	4.89
69.4	104.61	65.97	4.89
69.6	104.47	65.21	4.89
69.8	104.21	64.29	4.89
70.0	103.87	63.28	4.89
70.2	103.47	62.24	4.89
70.4	103.13	61.32	4.88
70.6	102.78	60.46	4.88
70.8	102.43	59.68	4.88
71.0	102.07	58.98	4.88
71.2	101.71	58.43	4.88
71.4	101.35	58.06	4.88
71.6	101.0	57.81	4.88
71.8	100.66	57.69	4.88
72.0	100.35	57.69	4.88
72.2	100.04	57.92	4.88
72.4	99.77	58.28	4.88
72.6	99.54	58.69	4.88
72.8	99.37	59.11	4.88
73.0	99.27	59.49	4.88
73.2	99.29	59.68	4.88
73.4	99.37	59.8	4.88
73.6	99.53	59.83	4.88
73.8	99.74	59.78	4.88
74.0	100.04	59.53	4.88
74.2	100.4	59.13	4.88
74.4	100.8	58.73	4.88
74.6	101.21	58.39	4.88
74.8	101.62	58.31	4.88
75.0	102.03	58.7	4.88
75.2	102.4	59.12	4.88
75.4	102.69	59.46	4.88
75.6	102.87	59.56	4.88
75.8	102.82	59.05	4.88
76.0	102.7	58.37	4.88
76.2	102.56	57.59	4.88
76.4	102.46	56.77	4.88
76.6	102.52	55.96	4.88
76.8	102.6	55.27	4.88
77.0	102.7	54.76	4.88
77.2	102.78	54.58	4.88
77.4	102.76	55.04	4.88
77.6	102.76	55.72	4.87
77.8	102.81	56.52	4.87
78.0	102.96	57.31	4.87
78.2	103.27	57.89	4.87
78.4	103.66	58.49	4.87
78.6	104.12	59.11	4.87
78.8	104.63	59.88	4.86
79.0	105.18	60.77	4.86
79.2	105.76	61.62	4.86
79.4	106.35	62.39	4.86
79.6	106.97	62.87	4.86
79.8	107.56	63.19	4.85
80.0	108.12	63.41	4.85
80.2	108.62	63.57	4.85
80.4	109.06	63.7	4.85
80.6	109.37	63.7	4.85
80.8	109.51	63.53	4.84
81.0	109.34	63.05	4.84
81.2	108.93	62.34	4.84
81.4	108.36	61.44	4.84
81.6	107.65	60.4	4.84
81.8	106.84	59.0	4.84
82.0	105.94	57.56	4.83
82.2	104.98	56.19	4.83
82.4	104.0	55.01	4.83
82.6	103.05	54.64	4.83
82.8	102.15	54.94	4.83
83.0	101.27	55.42	4.82
83.2	100.41	55.97	4.82
83.4	99.58	56.44	4.82
83.6	98.81	56.18	4.82
83.8	98.09	55.39	4.82
84.0	97.4	54.47	4.81
84.2	96.75	53.49	4.81
84.4	96.13	52.55	4.81
84.6	95.52	51.91	4.81
84.8	94.92	51.58	4.81
85.0	94.37	51.39	4.81
85.2	93.86	51.31	4.8
85.4	93.4	51.35	4.8
85.6	93.01	51.53	4.8
85.8	92.7	51.84	4.8
86.0	92.44	52.2	4.8
86.2	92.24	52.6	4.79
86.4	92.08	53.01	4.79
86.6	91.97	53.33	4.79
86.8	91.89	53.53	4.79
87.0	91.86	53.7	4.79
87.2	91.85	53.87	4.78
87.4	91.87	54.05	4.78
87.6	91.89	54.28	4.78
87.8	91.93	54.56	4.78
88.0	91.98	54.85	4.78
88.2	92.06	55.12	4.78
88.4	92.17	55.37	4.77
88.6	92.3	55.57	4.77
88.8	92.46	55.75	4.77
89.0	92.64	55.91	4.77
89.2	92.83	56.06	4.77
89.4	92.98	56.19	4.76
89.6	93.18	56.33	4.76
89.8	93.48	56.5	4.76
90.0	93.91	56.71	4.76
90.2	94.59	56.96	4.76
90.4	95.39	57.29	4.76
90.6	96.27	57.75	4.77
90.8	97.23	58.47	4.77
91.0	98.22	59.47	4.77
91.2	99.2	60.48	4.78
91.4	100.12	61.41	4.78
91.6	100.82	61.91	4.78
91.8	101.41	62.23	4.78
92.0	101.94	62.46	4.79
92.2	102.43	62.69	4.79
92.4	102.92	62.99	4.79
92.6	103.39	63.28	4.8
92.8	103.85	63.55	4.8
93.0	104.34	63.91	4.8
93.2	104.82	64.25	4.8
93.4	105.26	64.47	4.81
93.6	105.63	64.51	4.81
93.8	105.83	63.84	4.81
94.0	105.92	62.94	4.82
94.2	105.92	62.06	4.82
94.4	105.85	61.37	4.82
94.6	105.69	61.65	4.82
94.8	105.47	62.4	4.83
95.0	105.19	63.3	4.83
95.2	104.87	64.23	4.83
95.4	104.5	64.77	4.84
95.6	104.08	64.89	4.84
95.8	103.67	64.9	4.84
96.0	103.28	64.84	4.84
96.2	102.95	64.74	4.85
96.4	102.79	65.02	4.85
96.6	102.7	65.24	4.85
96.8	102.67	65.34	4.85
97.0	102.7	65.25	4.86
97.2	102.77	64.6	4.86
97.4	102.88	63.24	4.86
97.6	103.02	61.83	4.86
97.8	103.2	60.56	4.87
98.0	103.41	59.6	4.87
98.2	103.66	59.89	4.87
98.4	103.93	60.56	4.87
98.6	104.21	61.48	4.88
98.8	104.47	62.55	4.88
99.0	104.66	63.6	4.88
99.2	104.83	64.59	4.88
99.4	104.99	65.45	4.89
99.6	105.16	66.12	4.89
99.8	105.4	66.17	4.89
100.0	105.66	65.96	4.89
100.2	105.9	65.62	4.9
100.4	106.11	65.24	4.9
100.6	106.3	65.09	4.91
100.8	106.41	64.9	4.92
101.0	106.41	64.62	4.93
101.2	106.2	64.16	4.94
101.4	105.81	63.53	4.95
101.6	105.3	62.78	4.96
101.8	104.69	61.86	4.97
102.0	103.94	60.61	4.98
102.2	103.2	59.45	4.99
102.4	102.57	58.55	5.0
102.6	102.31	58.51	5.01
102.8	102.35	59.14	5.02
103.0	102.47	60.04	5.03
103.2	102.59	61.06	5.04
103.4	102.45	61.85	5.05
103.6	102.26	62.57	5.06
103.8	102.04	63.18	5.07
104.0	101.85	63.53	5.08
104.2	101.68	63.63	5.09
104.4	101.48	63.62	5.1
104.6	101.25	63.55	5.11
104.8	100.91	63.58	5.12
105.0	100.52	63.62	5.13
105.2	100.07	63.63	5.14
105.4	99.6	63.62	5.15
105.6	99.14	63.64	5.16
105.8	98.63	63.56	5.17
106.0	98.04	63.35	5.18
106.2	97.36	62.92	5.19
106.4	96.41	61.74	5.2
106.6	95.39	60.46	5.21
106.8	94.33	59.24	5.22
107.0	93.25	58.23	5.23
107.2	92.25	58.15	5.24
107.4	91.33	58.71	5.25
107.6	90.47	59.51	5.26
107.8	89.67	60.45	5.27
108.0	88.97	61.37	5.28
108.2	88.41	61.73	5.29
108.4	87.94	62.06	5.3
108.6	87.56	62.4	5.31
108.8	87.28	62.79	5.32
109.0	87.08	63.34	5.33
109.2	86.94	64.1	5.33
109.4	86.92	64.95	5.34
109.6	87.02	65.89	5.35
109.8	87.25	66.91	5.36
110.0	87.72	68.2	5.37
110.2	88.32	69.46	5.38
110.4	89.01	70.61	5.39
110.6	89.8	71.57	5.4
110.8	90.71	71.85	5.41
111.0	91.65	71.88	5.42
111.2	92.57	71.82	5.43
111.4	93.43	71.75	5.44
111.6	94.06	72.3	5.45
111.8	94.58	72.88	5.46
112.0	95.02	73.26	5.47
112.2	95.4	73.25	5.48
112.4	95.72	71.87	5.49
112.6	96.0	70.24	5.5
112.8	96.26	68.59	5.51
113.0	96.51	67.23	5.52
113.2	96.87	67.35	5.53
113.4	97.19	67.72	5.54
113.6	97.46	68.13	5.55
113.8	97.65	68.4	5.56
114.0	97.56	67.33	5.56
114.2	97.38	65.99	5.57
114.4	97.14	64.68	5.58
114.6	96.89	63.58	5.58
114.8	96.71	63.63	5.59
115.0	96.57	64.28	5.59
115.2	96.49	65.15	5.59
115.4	96.46	66.1	5.59
115.6	96.54	66.69	5.59
115.8	96.72	66.99	5.59
116.0	96.95	67.23	5.59
116.2	97.21	67.42	5.59
116.4	97.47	67.61	5.59
116.6	97.73	67.83	5.59
116.8	98.0	68.09	5.59
117.0	98.29	68.45	5.59
117.2	98.56	69.06	5.59
117.4	98.86	69.8	5.59
117.6	99.19	70.56	5.59
117.8	99.58	71.29	5.59
118.0	100.16	72.04	5.59
118.2	100.76	72.58	5.59
118.4	101.33	72.8	5.59
118.6	101.78	72.28	5.59
118.8	102.06	70.71	5.59
119.0	102.21	69.0	5.59
119.2	102.25	67.43	5.59
119.4	102.14	66.99	5.59
119.6	101.88	67.79	5.59
119.8	101.53	68.94	5.59
120.0	101.11	70.21	5.59
120.2	100.64	71.22	5.59
120.4	100.13	71.21	5.59
120.6	99.62	70.98	5.59
120.8	99.11	70.6	5.59
121.0	98.64	70.12	5.59
121.2	98.27	69.76	5.59
121.4	98.02	69.57	5.59
121.6	97.83	69.39	5.59
121.8	97.68	69.21	5.59
122.0	97.57	69.02	5.59
122.2	97.42	68.72	5.59
122.4	97.22	68.3	5.59
122.6	97.07	67.9	5.59
122.8	97.02	67.57	5.59
123.0	97.08	67.35	5.59
123.2	97.43	67.33	5.59
123.4	98.03	67.53	5.59
123.6	98.72	67.91	5.59
123.8	99.46	68.49	5.59
124.0	100.19	69.28	5.59
124.2	100.81	70.83	5.59
124.4	101.35	72.53	5.59
124.6	101.81	74.1	5.59
124.8	102.18	75.35	5.59
125.0	102.35	75.55	5.59
125.2	102.35	74.74	5.59
125.4	102.27	73.64	5.59
125.6	102.15	72.43	5.59
125.8	102.03	71.47	5.59
126.0	101.94	71.11	5.59
126.2	101.89	70.96	5.59
126.4	101.89	71.03	5.59
126.6	101.96	71.3	5.6
126.8	102.24	72.07	5.6
127.0	102.58	72.95	5.6
127.2	102.95	73.85	5.61
127.4	103.31	74.64	5.61
127.6	103.57	74.73	5.61
127.8	103.78	74.59	5.61
128.0	103.97	74.49	5.62
128.2	104.13	74.56	5.62
128.4	104.23	75.53	5.62
128.6	104.33	76.81	5.63
128.8	104.46	78.17	5.63
129.0	104.66	79.45	5.63
129.2	105.12	80.15	5.63
129.4	105.63	80.63	5.64
129.6	106.12	80.95	5.64
129.8	106.5	81.15	5.64
130.0	106.63	81.42	5.65
130.2	106.64	81.49	5.65
130.4	106.52	81.28	5.65
130.6	106.28	80.54	5.65
130.8	105.89	79.04	5.66
131.0	105.42	77.35	5.66
131.2	104.87	75.63	5.66
131.4	104.25	74.27	5.67
131.6	103.57	73.55	5.67
131.8	102.88	73.05	5.67
132.0	102.2	72.73	5.68
132.2	101.57	72.55	5.68
132.4	101.1	72.3	5.68
132.6	100.74	72.1	5.69
132.8	100.44	72.02	5.69
133.0	100.22	72.09	5.69
133.2	100.06	72.32	5.69
133.4	99.91	73.06	5.7
133.6	99.81	74.04	5.7
133.8	99.79	75.05	5.7
134.0	99.86	75.97	5.71
134.2	100.03	76.72	5.71
134.4	100.42	76.47	5.71
134.6	100.9	76.0	5.71
134.8	101.45	75.54	5.72
135.0	102.04	75.22	5.72
135.2	102.65	75.53	5.72
135.4	103.28	76.87	5.73
135.6	103.86	78.34	5.73
135.8	104.36	79.75	5.73
136.0	104.74	80.94	5.73
136.2	104.79	81.0	5.74
136.4	104.7	80.6	5.74
136.6	104.52	79.97	5.74
136.8	104.31	79.18	5.75
137.0	104.18	78.49	5.75
137.2	104.13	77.92	5.75
137.4	104.07	77.34	5.75
137.6	104.0	76.77	5.76
137.8	103.87	76.18	5.76
138.0	103.59	75.43	5.76
138.2	103.29	74.77	5.76
138.4	103.01	74.26	5.76
138.6	102.79	73.98	5.77
138.8	102.72	74.3	5.77
139.0	102.76	74.96	5.77
139.2	102.88	75.76	5.77
139.4	103.08	76.64	5.77
139.6	103.43	77.43	5.77
139.8	103.84	78.14	5.77
140.0	104.26	78.75	5.77
140.2	104.65	79.23	5.77
140.4	104.84	79.33	5.77
140.6	104.95	79.28	5.77
140.8	105.02	79.16	5.77
141.0	105.06	79.04	5.77
141.2	105.13	79.12	5.77
141.4	105.21	79.25	5.77
141.6	105.29	79.43	5.77
141.8	105.41	79.7	5.78
142.0	105.68	80.3	5.78
142.2	105.92	80.83	5.78
142.4	106.09	81.15	5.78
142.6	106.11	81.1	5.78
142.8	105.75	79.85	5.78
143.0	105.25	78.33	5.78
143.2	104.63	76.7	5.78
143.4	103.93	75.12	5.78
143.6	103.2	74.39	5.78
143.8	102.47	73.97	5.78
144.0	101.73	73.79	5.78
144.2	101.03	73.82	5.78
144.4	100.38	74.01	5.78
144.6	99.93	74.32	5.79
144.8	99.55	74.75	5.79
145.0	99.24	75.28	5.79
145.2	99.0	75.89	5.79
145.4	98.82	76.56	5.79
145.6	98.6	77.16	5.79
145.8	98.46	77.8	5.79
146.0	98.42	78.5	5.79
146.2	98.5	79.27	5.79
146.4	98.74	80.14	5.79
146.6	99.39	81.38	5.79
146.8	100.16	82.64	5.79
147.0	101.01	83.85	5.79
147.2	101.88	84.96	5.79
147.4	102.71	85.86	5.79
147.6	103.42	86.48	5.79
147.8	104.05	86.81	5.79
148.0	104.59	86.82	5.8
148.2	105.02	86.46	5.8
148.4	105.13	84.94	5.8
148.6	105.12	83.05	5.8
148.8	105.05	81.17	5.8
149.0	104.96	79.53	5.8
149.2	104.99	78.98	5.8
149.4	105.22	79.86	5.8
149.6	105.45	81.05	5.8
149.8	105.66	82.32	5.8
150.0	105.83	83.45	5.8
150.2	105.74	83.27	5.8
150.4	105.58	82.75	5.8
150.6	105.42	82.1	5.81
150.8	105.27	81.43	5.81
151.0	105.25	81.2	5.81
151.2	105.32	81.21	5.81
151.4	105.46	81.25	5.81
151.6	105.67	81.25	5.81
151.8	105.99	80.86	5.81
152.0	106.39	80.25	5.82
152.2	106.82	79.73	5.82
152.4	107.24	79.42	5.82
152.6	107.58	80.01	5.82
152.8	107.87	81.0	5.82
153.0	108.12	82.01	5.82
153.2	108.33	82.85	5.83
153.4	108.52	82.67	5.83
153.6	108.67	82.16	5.83
153.8	108.76	81.51	5.83
154.0	108.79	80.83	5.83
154.2	108.75	80.73	5.83
154.4	108.62	80.66	5.83
154.6	108.39	80.55	5.84
154.8	108.06	80.3	5.84
155.0	107.5	79.48	5.84
155.2	106.85	78.56	5.84
155.4	106.15	77.59	5.84
155.6	105.44	76.67	5.84
155.8	104.84	76.2	5.85
156.0	104.29	75.91	5.85
156.2	103.76	75.7	5.85
156.4	103.24	75.55	5.85
156.6	102.73	75.4	5.85
156.8	102.16	75.14	5.85
157.0	101.61	74.84	5.86
157.2	101.09	74.49	5.86
157.4	100.61	74.06	5.86
157.6	100.2	73.54	5.86
157.8	99.9	72.34	5.86
158.0	99.68	71.17	5.86
158.2	99.53	70.14	5.86
158.4	99.47	69.39	5.87
158.6	99.49	69.04	5.87
158.8	99.7	70.27	5.87
159.0	99.98	71.98	5.87
159.2	100.3	73.88	5.87
159.4	100.64	75.78	5.87
159.6	100.95	77.45	5.87
159.8	101.16	78.13	5.88
160.0	101.34	78.58	5.88
160.2	101.49	78.84	5.88
160.4	101.62	78.97	5.88
160.6	101.74	79.17	5.88
160.8	101.84	79.34	5.88
161.0	101.92	79.39	5.88
161.2	101.96	79.27	5.89
161.4	101.92	78.74	5.89
161.6	101.82	77.86	5.89
161.8	101.73	76.99	5.89
162.0	101.67	76.28	5.89
162.2	101.72	76.18	5.89
162.4	101.88	76.7	5.89
162.6	102.1	77.4	5.89
162.8	102.37	78.19	5.89
163.0	102.7	78.79	5.89
163.2	103.06	79.21	5.9
163.4	103.43	79.56	5.9
163.6	103.79	79.84	5.9
163.8	104.09	80.01	5.9
164.0	104.34	80.11	5.9
164.2	104.55	80.18	5.9
164.4	104.72	80.22	5.9
164.6	104.81	80.31	5.9
164.8	104.86	80.42	5.9
165.0	104.88	80.55	5.9
165.2	104.9	80.68	5.9
165.4	104.98	80.88	5.9
165.6	105.07	81.09	5.9
165.8	105.15	81.27	5.9
166.0	105.2	81.39	5.91
166.2	105.19	81.35	5.91
166.4	105.12	81.17	5.91
166.6	105.0	80.93	5.91
166.8	104.81	80.65	5.91
167.0	104.54	80.37	5.91
167.2	104.14	80.15	5.91
167.4	103.69	79.93	5.91
167.6	103.21	79.69	5.91
167.8	102.73	79.44	5.91
168.0	102.27	79.12	5.91
168.2	101.86	78.74	5.91
168.4	101.48	78.37	5.91
168.6	101.16	78.02	5.92
168.8	100.9	77.7	5.92
169.0	100.74	77.43	5.92
169.2	100.69	77.23	5.92
169.4	100.71	77.12	5.92
169.6	100.81	77.12	5.92
169.8	100.98	77.25	5.92
170.0	101.24	77.66	5.92
170.2	101.57	78.3	5.92
170.4	101.96	79.04	5.92
170.6	102.4	79.83	5.92
170.8	102.89	80.62	5.92
171.0	103.44	81.19	5.92
171.2	104.02	81.69	5.92
171.4	104.61	82.18	5.93
171.6	105.2	82.7	5.93
171.8	105.76	83.33	5.93
172.0	106.26	84.42	5.93
172.2	106.71	85.43	5.93
172.4	107.12	86.26	5.93
172.6	107.46	86.78	5.93
172.8	107.72	86.18	5.93
173.0	107.9	85.01	5.93
173.2	108.01	83.73	5.93
173.4	108.04	82.54	5.94
173.6	107.94	82.09	5.94
173.8	107.72	82.49	5.94
174.0	107.46	83.09	5.94
174.2	107.21	83.79	5.95
174.4	107.02	84.39	5.95
174.6	106.98	84.65	5.95
174.8	107.0	84.74	5.95
175.0	107.06	84.64	5.96
175.2	107.18	84.22	5.96
175.4	107.34	83.07	5.96
175.6	107.53	81.93	5.96
175.8	107.73	81.0	5.97
176.0	107.91	80.82	5.97
176.2	108.06	82.08	5.97
176.4	108.18	83.54	5.97
176.6	108.28	84.89	5.98
176.8	108.34	85.35	5.98
177.0	108.37	84.53	5.98
177.2	108.35	83.39	5.98
177.4	108.3	82.1	5.99
177.6	108.25	81.22	5.99
177.8	108.18	80.83	5.99
178.0	108.04	80.48	6.0
178.2	107.81	80.09	6.0
178.4	107.4	79.28	6.0
178.6	106.79	78.01	6.01
178.8	106.1	76.73	6.01
179.0	105.36	75.56	6.01
179.2	104.6	74.63	6.01
179.4	103.94	74.84	6.02
179.6	103.31	75.4	6.02
179.8	102.74	76.19	6.02
180.0	102.24	77.12	6.02
180.2	101.83	78.09	6.03
180.4	101.61	78.68	6.03
180.6	101.48	79.22	6.03
180.8	101.43	79.7	6.03
181.0	101.46	80.12	6.04
181.2	101.56	80.48	6.04
181.4	101.59	80.58	6.04
181.6	101.71	80.65	6.04
181.8	101.94	80.75	6.05
182.0	102.31	80.92	6.05
182.2	102.96	81.34	6.05
182.4	103.91	82.03	6.05
182.6	104.94	82.77	6.06
182.8	105.99	83.52	6.06
183.0	106.98	84.21	6.06
183.2	107.8	84.79	6.06
183.4	108.5	85.23	6.07
183.6	109.07	85.49	6.07
183.8	109.46	85.49	6.07
184.0	109.51	85.03	6.08
184.2	109.44	84.36	6.08
184.4	109.29	83.54	6.08
184.6	109.11	82.63	6.08
184.8	108.99	81.5	6.08
185.0	108.92	80.42	6.08
185.2	108.92	79.54	6.08
185.4	109.03	78.96	6.08
185.6	109.43	79.35	6.08
185.8	110.03	80.48	6.08
186.0	110.69	81.76	6.08
186.2	111.34	83.03	6.08
186.4	111.83	83.72	6.08
186.6	112.14	83.7	6.08
186.8	112.35	83.52	6.07
187.0	112.48	83.26	6.07
187.2	112.61	83.24	6.07
187.4	112.74	83.54	6.07
187.6	112.71	83.81	6.07
187.8	112.47	83.96	6.07
188.0	111.76	83.7	6.07
188.2	110.52	82.96	6.07
188.4	109.11	82.05	6.07
188.6	107.64	81.06	6.06
188.8	106.34	80.11	6.06
189.0	105.62	79.38	6.06
189.2	105.07	78.76	6.06
189.4	104.68	78.29	6.06
189.6	104.41	78.0	6.06
189.8	104.25	77.92	6.06
190.0	104.12	78.35	6.06
190.2	103.99	79.41	6.06
190.4	103.93	80.51	6.05
190.6	103.95	81.56	6.05
190.8	104.04	82.42	6.05
191.0	104.24	82.63	6.05
191.2	104.57	81.72	6.05
191.4	104.95	80.69	6.05
191.6	105.36	79.7	6.05
191.8	105.78	78.94	6.05
192.0	106.19	79.29	6.05
192.2	106.58	80.51	6.04
192.4	106.91	81.86	6.04
192.6	107.17	83.13	6.04
192.8	107.3	83.92	6.04
193.0	107.11	83.3	6.04
193.2	106.89	82.52	6.04
193.4	106.72	81.82	6.04
193.6	106.65	81.41	6.04
193.8	107.02	82.73	6.04
194.0	107.54	84.31	6.04
194.2	108.15	85.85	6.04
194.4	108.83	87.03	6.04
194.6	109.53	86.74	6.04
194.8	110.22	86.03	6.04
195.0	110.89	85.07	6.04
195.2	111.49	84.0	6.04
195.4	111.96	83.01	6.04
195.6	112.34	82.15	6.04
195.8	112.63	81.51	6.04
196.0	112.79	81.51	6.04
196.2	112.82	82.42	6.04
196.4	112.75	83.43	6.04
196.6	112.59	84.31	6.04
196.8	112.37	84.4	6.04
197.0	112.1	83.06	6.04
197.2	111.76	81.41	6.04
197.4	111.35	79.65	6.05
197.6	110.86	78.01	6.05
197.8	110.2	77.58	6.05
198.0	109.47	77.69	6.05
198.2	108.71	78.02	6.05
198.4	107.95	78.48	6.05
198.6	107.21	78.98	6.05
198.8	106.62	78.95	6.05
199.0	106.09	78.85	6.05
199.2	105.63	78.75	6.05
199.4	105.23	78.65	6.05
199.6	104.9	78.61	6.05
199.8	104.65	78.76	6.05
200.0	104.48	79.0	6.05
200.2	104.37	79.32	6.05
200.4	104.32	79.7	6.05
200.6	104.33	80.14	6.05
200.8	104.39	80.89	6.05
201.0	104.51	81.65	6.05
201.2	104.67	82.3	6.06
201.4	104.87	82.72	6.06
201.6	105.11	82.64	6.06
201.8	105.37	81.58	6.06
202.0	105.66	80.4	6.06
202.2	105.99	79.28	6.06
202.4	106.36	78.39	6.06
202.6	106.77	78.55	6.06
202.8	107.21	79.14	6.06
203.0	107.69	80.0	6.06
203.2	108.21	81.05	6.06
203.4	108.78	82.3	6.06
203.6	109.38	83.58	6.06
203.8	110.01	84.74	6.06
204.0	110.64	85.65	6.06
204.2	111.28	85.59	6.07
204.4	111.92	85.17	6.07
204.6	112.54	84.68	6.07
204.8	113.15	84.32	6.07
205.0	113.73	84.98	6.07
205.2	114.28	85.81	6.07
205.4	114.78	86.66	6.07
205.6	115.23	87.35	6.07
205.8	115.62	87.43	6.08
206.0	115.93	87.32	6.08
206.2	116.15	87.04	6.08
206.4	116.27	86.66	6.08
206.6	116.24	86.24	6.08
206.8	116.11	85.75	6.08
207.0	115.85	85.23	6.08
207.2	115.47	84.69	6.08
207.4	114.89	84.26	6.09
207.6	114.21	83.82	6.09
207.8	113.46	83.36	6.09
208.0	112.66	82.86	6.09
208.2	111.86	82.23	6.09
208.4	111.08	81.49	6.09
208.6	110.32	80.72	6.09
208.8	109.57	79.96	6.09
209.0	108.85	79.24	6.1
209.2	108.2	78.61	6.1
209.4	107.61	78.09	6.1
209.6	107.07	77.67	6.1
209.8	106.59	77.38	6.1
210.0	106.16	77.25	6.1
210.2	105.8	77.41	6.1
210.4	105.5	77.85	6.1
210.6	105.27	78.42	6.11
210.8	105.12	79.06	6.11
211.0	105.07	79.74	6.11
211.2	105.16	80.38	6.11
211.4	105.39	80.94	6.11
211.6	105.68	81.47	6.11
211.8	106.0	81.94	6.11
212.0	106.35	82.33	6.11
212.2	106.66	82.59	6.11
212.4	106.94	82.74	6.12
212.6	107.19	82.81	6.12
212.8	107.39	82.8	6.12
213.0	107.5	82.74	6.12
213.2	107.49	82.66	6.12
213.4	107.42	82.48	6.12
213.6	107.31	82.16	6.12
213.8	107.17	81.67	6.12
214.0	106.97	80.46	6.12
214.2	106.76	79.17	6.13
214.4	106.58	78.02	6.13
214.6	106.45	77.19	6.13
214.8	106.42	77.43	6.12
215.0	106.51	78.5	6.12
215.2	106.67	79.8	6.12
215.4	106.89	81.16	6.12
215.6	107.23	82.05	6.12
215.8	107.65	82.54	6.12
216.0	108.08	82.9	6.12
216.2	108.5	83.18	6.12
216.4	108.87	83.65	6.11
216.6	109.17	84.16	6.11
216.8	109.37	84.49	6.11
217.0	109.44	84.52	6.11
217.2	109.26	83.72	6.11
217.4	108.88	82.39	6.11
217.6	108.42	80.87	6.1
217.8	107.9	79.3	6.1
218.0	107.44	78.12	6.1
218.2	107.04	77.37	6.1
218.4	106.65	76.79	6.1
218.6	106.26	76.36	6.1
218.8	105.87	76.09	6.1
219.0	105.42	75.96	6.09
219.2	104.95	75.94	6.09
219.4	104.49	76.02	6.09
219.6	104.06	76.16	6.09
219.8	103.67	76.36	6.09
220.0	103.42	76.59	6.09
220.2	103.24	76.83	6.09
220.4	103.1	77.07	6.08
220.6	102.99	77.27	6.08
220.8	102.88	77.43	6.08
221.0	102.74	77.33	6.08
221.2	102.57	77.12	6.08
221.4	102.4	76.93	6.08
221.6	102.23	76.81	6.08
221.8	102.06	76.82	6.07
222.0	101.74	77.24	6.07
222.2	101.49	77.81	6.07
222.4	101.35	78.51	6.07
222.6	101.38	79.32	6.07
222.8	101.78	80.24	6.07
223.0	102.49	81.24	6.07
223.2	103.36	82.26	6.07
223.4	104.36	83.29	6.07
223.6	105.49	84.31	6.07
223.8	106.68	85.26	6.07
224.0	107.85	86.1	6.07
224.2	108.95	86.78	6.07
224.4	109.81	87.23	6.07
224.6	110.5	87.43	6.07
224.8	111.03	87.35	6.07
225.0	111.39	86.98	6.07
225.2	111.51	85.79	6.07
225.4	111.47	84.38	6.07
225.6	111.3	82.93	6.07
225.8	111.03	81.59	6.07
226.0	110.69	81.32	6.07
226.2	110.29	81.58	6.07
226.4	109.86	81.99	6.07
226.6	109.41	82.41	6.07
226.8	108.95	82.7	6.07
227.0	108.63	81.72	6.07
227.2	108.35	80.21	6.07
227.4	108.08	78.64	6.07
227.6	107.8	77.16	6.07
227.8	107.51	75.93	6.07
228.0	107.18	75.64	6.07
228.2	106.79	76.58	6.07
228.4	106.36	77.78	6.07
228.6	105.88	79.08	6.07
228.8	105.34	80.34	6.07
229.0	104.63	81.01	6.07
229.2	103.75	80.92	6.07
229.4	102.87	80.69	6.07
229.6	102.07	80.42	6.07
229.8	101.37	80.2	6.07
230.0	101.03	80.5	6.07
230.2	100.93	81.1	6.06
230.4	100.97	81.71	6.06
230.6	101.11	82.25	6.05
230.8	101.32	82.42	6.04
231.0	101.56	82.06	6.02
231.2	101.85	81.72	6.01
231.4	102.18	81.57	6.0
231.6	102.56	82.12	5.98
231.8	102.99	83.46	5.97
232.0	103.39	84.92	5.95
232.2	103.75	86.28	5.94
232.4	104.0	87.02	5.92
232.6	104.12	87.1	5.91
232.8	104.14	86.85	5.9
233.0	104.05	86.32	5.88
233.2	103.79	85.42	5.87
233.4	103.4	84.28	5.85
233.6	102.94	83.08	5.84
233.8	102.43	81.93	5.83
234.0	101.92	81.03	5.81
234.2	101.48	80.94	5.8
234.4	101.07	81.07	5.78
234.6	100.69	81.33	5.77
234.8	100.35	81.67	5.76
235.0	100.07	82.02	5.74
235.2	99.92	82.02	5.73
235.4	99.81	81.98	5.71
235.6	99.73	81.89	5.7
235.8	99.68	81.78	5.69
236.0	99.63	81.65	5.67
236.2	99.51	81.66	5.66
236.4	99.38	81.62	5.64
236.6	99.27	81.48	5.63
236.8	99.16	81.22	5.62
237.0	99.07	80.68	5.6
237.2	99.05	79.56	5.59
237.4	99.03	78.37	5.57
237.6	99.01	77.21	5.56
237.8	98.96	76.19	5.55
238.0	98.83	75.75	5.53
238.2	98.61	75.86	5.52
238.4	98.41	76.12	5.5
238.6	98.23	76.45	5.49
238.8	98.12	76.75	5.48
239.0	98.14	76.63	5.46
239.2	98.24	76.47	5.45
239.4	98.44	76.32	5.43
239.6	98.72	76.21	5.42
239.8	99.12	76.29	5.42
240.0	99.6	76.46	5.42
240.2	100.17	76.71	5.42
240.4	100.84	77.06	5.42
240.6	101.68	77.69	5.42
240.8	102.53	78.27	5.42
241.0	103.32	78.68	5.42
241.2	103.93	78.58	5.42
241.4	104.28	77.82	5.41
241.6	104.51	76.93	5.41
241.8	104.64	76.08	5.41
242.0	104.74	75.93	5.41
242.2	104.78	76.18	5.41
242.4	104.72	76.5	5.41
242.6	104.53	76.79	5.41
242.8	104.1	76.59	5.41
243.0	103.49	76.05	5.41
243.2	102.79	75.34	5.41
243.4	102.04	74.52	5.4
243.6	101.29	73.61	5.4
243.8	100.66	72.58	5.4
244.0	100.05	71.58	5.4
244.2	99.48	70.65	5.4
244.4	98.96	69.88	5.4
244.6	98.5	69.32	5.4
244.8	98.13	69.57	5.4
245.0	97.82	70.06	5.4
245.2	97.57	70.69	5.39
245.4	97.39	71.4	5.39
245.6	97.26	72.11	5.39
245.8	97.2	72.54	5.39
246.0	97.2	72.86	5.39
246.2	97.25	73.12	5.39
246.4	97.34	73.33	5.39
246.6	97.47	73.49	5.39
246.8	97.62	73.62	5.39
247.0	97.81	73.71	5.38
247.2	98.02	73.73	5.38
247.4	98.25	73.69	5.38
247.6	98.5	73.54	5.38
247.8	98.76	73.31	5.38
248.0	99.03	73.05	5.38
248.2	99.3	72.78	5.38
248.4	99.54	72.63	5.38
248.6	99.76	72.55	5.38
248.8	100.01	72.4	5.38
249.0	100.29	72.14	5.37
249.2	100.66	71.27	5.37
249.4	101.1	70.25	5.37
249.6	101.59	69.45	5.37
249.8	102.15	69.14	5.36
250.0	102.79	70.37	5.36
250.2	103.48	71.9	5.35
250.4	104.18	73.45	5.35
250.6	104.91	74.41	5.35
250.8	105.64	74.59	5.34
251.0	106.29	74.47	5.34
251.2	106.81	74.11	5.34
251.4	107.13	73.77	5.33
251.6	107.23	73.3	5.33
251.8	107.09	72.61	5.32
252.0	106.66	71.68	5.32
252.2	105.64	70.09	5.32
252.4	104.38	68.31	5.31
252.6	102.95	66.48	5.31
252.8	101.45	64.71	5.31
253.0	100.17	63.66	5.3
253.2	99.0	62.99	5.3
253.4	97.89	62.5	5.29
253.6	96.86	62.16	5.29
253.8	95.89	61.91	5.29
254.0	95.03	61.55	5.28
254.2	94.3	60.86	5.28
254.4	93.65	60.23	5.28
254.6	93.09	59.7	5.27
254.8	92.6	59.32	5.27
255.0	92.19	59.12	5.26
255.2	91.84	59.51	5.26
255.4	91.55	60.23	5.26
255.6	91.34	61.09	5.25
255.8	91.21	62.03	5.25
256.0	91.17	62.98	5.25
256.2	91.22	63.77	5.24
256.4	91.38	64.35	5.24
256.6	91.62	64.87	5.23
256.8	91.94	65.33	5.23
257.0	92.34	65.75	5.23
257.2	92.83	66.14	5.22
257.4	93.4	66.51	5.22
257.6	94.02	66.82	5.22
257.8	94.68	67.07	5.21
258.0	95.37	67.26	5.21
258.2	96.1	67.42	5.2
258.4	96.82	67.49	5.2
258.6	97.49	67.44	5.2
258.8	98.11	67.26	5.19
259.0	98.44	66.67	5.19
259.2	98.73	66.0	5.19
259.4	99.03	65.35	5.18
259.6	99.39	64.83	5.18
259.8	99.94	64.77	5.17
260.0	100.62	64.86	5.17
260.2	101.44	65.08	5.17
260.4	102.47	65.41	5.16
260.6	103.8	65.82	5.16
260.8	105.18	66.22	5.16
261.0	106.52	66.55	5.15
261.2	107.62	66.63	5.15
261.4	108.53	66.53	5.15
261.6	109.31	66.34	5.14
261.8	109.96	66.09	5.14
262.0	110.52	65.86	5.14
262.2	110.93	65.56	5.13
262.4	111.14	65.15	5.13
262.6	111.03	64.48	5.13
262.8	110.61	63.58	5.12
263.0	110.06	62.66	5.12
263.2	109.42	61.8	5.12
263.4	108.86	61.28	5.12
263.6	108.44	61.16	5.11
263.8	108.04	61.19	5.11
264.0	107.67	61.3	5.11
264.2	107.32	61.46	5.1
264.4	106.99	61.48	5.1
264.6	106.68	61.41	5.1
264.8	106.38	61.32	5.09
265.0	106.11	61.21	5.09
265.2	105.84	61.08	5.09
265.4	105.61	60.97	5.08
265.6	105.39	60.85	5.08
265.8	105.17	60.7	5.08
266.0	104.95	60.52	5.07
266.2	104.71	60.29	5.07
266.4	104.43	59.93	5.07
266.6	104.14	59.56	5.06
266.8	103.83	59.19	5.06
267.0	103.51	58.86	5.06
267.2	103.12	58.61	5.05
267.4	102.69	58.45	5.05
267.6	102.3	58.37	5.05
267.8	101.98	58.38	5.05
268.0	101.8	58.52	5.04
268.2	101.81	58.82	5.04
268.4	101.94	59.21	5.04
268.6	102.19	59.67	5.04
268.8	102.57	60.2	5.04
269.0	103.09	60.79	5.04
269.2	103.69	61.38	5.04
269.4	104.35	61.95	5.04
269.6	105.04	62.45	5.05
269.8	105.74	62.86	5.05
270.0	106.4	63.16	5.05
270.2	107.01	63.35	5.05
270.4	107.51	63.31	5.05
270.6	107.89	63.12	5.05
270.8	108.15	62.83	5.06
271.0	108.26	62.46	5.06
271.2	108.15	62.06	5.06
271.4	107.91	61.6	5.06
271.6	107.56	61.1	5.06
271.8	107.14	60.56	5.06
272.0	106.69	59.95	5.07
272.2	106.2	59.34	5.07
272.4	105.68	58.77	5.07
272.6	105.15	58.26	5.07
272.8	104.65	57.94	5.07
273.0	104.18	57.75	5.07
273.2	103.72	57.63	5.07
273.4	103.3	57.58	5.08
273.6	102.92	57.57	5.08
273.8	102.59	57.56	5.08
274.0	102.31	57.59	5.08
274.2	102.06	57.67	5.08
274.4	101.86	57.79	5.08
274.6	101.7	58.03	5.08
274.8	101.57	58.32	5.09
275.0	101.48	58.62	5.09
275.2	101.44	58.89	5.09
275.4	101.45	59.06	5.09
275.6	101.52	59.1	5.09
275.8	101.62	59.1	5.09
276.0	101.72	59.07	5.09
276.2	101.82	59.04	5.1
276.4	101.88	59.01	5.1
276.6	101.95	59.0	5.1
276.8	102.03	59.02	5.1
277.0	102.09	59.05	5.1
277.2	102.13	59.12	5.1
277.4	102.25	59.28	5.1
277.6	102.5	59.57	5.11
277.8	103.03	60.11	5.11
278.0	103.83	60.88	5.11
278.2	104.75	61.74	5.11
278.4	105.75	62.63	5.11
278.6	106.79	63.46	5.11
278.8	107.83	64.22	5.11
279.0	108.81	64.88	5.1
279.2	109.64	65.37	5.1
279.4	110.24	65.63	5.1
279.6	110.73	65.76	5.1
279.8	111.17	65.79	5.1
280.0	111.68	65.78	5.1
280.2	112.15	65.69	5.1
280.4	112.51	65.48	5.1
280.6	112.67	65.06	5.1
280.8	112.57	64.4	5.1
281.0	112.32	63.64	5.1
281.2	111.92	62.84	5.1
281.4	111.39	62.12	5.1
281.6	110.75	61.47	5.1
281.8	110.03	60.87	5.1
282.0	109.24	60.33	5.1
282.2	108.42	59.85	5.1
282.4	107.59	59.45	5.1
282.6	106.75	59.12	5.1
282.8	105.93	58.86	5.1
283.0	105.15	58.68	5.1
283.2	104.47	58.65	5.1
283.4	103.85	58.69	5.1
283.6	103.28	58.76	5.1
283.8	102.75	58.84	5.1
284.0	102.26	58.86	5.1
284.2	101.8	58.8	5.1
284.4	101.4	58.74	5.1
284.6	101.05	58.69	5.1
284.8	100.75	58.69	5.1
285.0	100.51	58.78	5.1
285.2	100.33	58.93	5.1
285.4	100.23	59.13	5.09
285.6	100.2	59.39	5.09
285.8	100.3	59.72	5.09
286.0	100.5	60.13	5.09
286.2	100.76	60.55	5.09
286.4	101.06	60.98	5.09
286.6	101.35	61.42	5.09
286.8	101.63	61.82	5.09
287.0	101.92	62.16	5.09
287.2	102.22	62.4	5.09
287.4	102.5	62.35	5.09
287.6	102.8	62.12	5.09
287.8	103.15	61.89	5.09
