0.2	123.14	52.14	6.06
0.4	123.04	52.11	6.05
0.6	122.96	52.13	6.05
0.8	122.89	52.19	6.04
1.0	122.83	52.27	6.04
1.2	122.77	52.38	6.04
1.4	122.71	52.49	6.03
1.6	122.63	52.61	6.03
1.8	122.55	52.74	6.02
2.0	122.44	52.85	6.02
2.2	122.31	52.94	6.02
2.4	122.06	52.96	6.01
2.6	121.79	52.94	6.01
2.8	121.51	52.92	6.0
3.0	121.24	52.89	6.0
3.2	121.01	52.87	6.0
3.4	120.88	52.9	5.99
3.6	120.82	52.95	5.99
3.8	120.79	52.99	5.98
4.0	120.78	53.03	5.98
4.2	120.78	53.06	5.98
4.4	120.77	53.04	5.97
4.6	120.75	53.0	5.97
4.8	120.73	52.93	5.96
5.0	120.7	52.86	5.96
5.2	120.67	52.78	5.96
5.4	120.61	52.69	5.95
5.6	120.51	52.6	5.95
5.8	120.43	52.52	5.94
6.0	120.38	52.45	5.94
6.2	120.36	52.42	5.94
6.4	120.44	52.45	5.93
6.6	120.64	52.55	5.93
6.8	120.86	52.69	5.93
7.0	121.1	52.86	5.93
7.2	121.33	53.05	5.94
7.4	121.51	53.31	5.94
7.6	121.6	53.62	5.94
7.8	121.68	53.92	5.94
8.0	121.76	54.19	5.94
8.2	121.84	54.41	5.94
8.4	121.93	54.46	5.94
8.6	122.02	54.29	5.94
8.8	122.16	54.07	5.94
9.0	122.34	53.85	5.94
9.2	122.59	53.66	5.94
9.4	122.96	53.62	5.94
9.6	123.51	53.82	5.94
9.8	124.11	54.08	5.94
10.0	124.74	54.35	5.94
10.2	125.37	54.63	5.94
10.4	125.95	54.84	5.94
10.6	126.44	54.94	5.94
10.8	126.9	55.01	5.94
11.0	127.3	55.02	5.95
11.2	127.64	55.0	5.95
11.4	127.89	54.89	5.95
11.6	128.03	54.71	5.95
11.8	128.13	54.5	5.95
12.0	128.2	54.28	5.95
12.2	128.24	54.05	5.95
12.4	128.3	53.85	5.95
12.6	128.42	53.67	5.95
12.8	128.53	53.54	5.95
13.0	128.64	53.45	5.95
13.2	128.74	53.44	5.95
13.4	128.83	53.56	5.94
13.6	128.91	53.89	5.94
13.8	128.97	54.26	5.94
14.0	129.01	54.62	5.93
14.2	129.01	54.95	5.93
14.4	128.95	55.1	5.93
14.6	128.83	55.02	5.93
14.8	128.68	54.86	5.92
15.0	128.5	54.65	5.92
15.2	128.29	54.41	5.92
15.4	128.07	54.18	5.91
15.6	127.84	54.01	5.91
15.8	127.61	53.85	5.91
16.0	127.37	53.73	5.9
16.2	127.13	53.66	5.9
16.4	126.89	53.65	5.9
16.6	126.66	53.81	5.89
16.8	126.44	54.01	5.89
17.0	126.23	54.24	5.89
17.2	126.04	54.49	5.89
17.4	125.89	54.72	5.88
17.6	125.81	54.88	5.88
17.8	125.74	55.01	5.88
18.0	125.7	55.12	5.87
18.2	125.66	55.2	5.87
18.4	125.61	55.24	5.87
18.6	125.53	55.15	5.86
18.8	125.44	55.06	5.86
19.0	125.35	54.97	5.86
19.2	125.24	54.91	5.85
19.4	125.13	54.92	5.85
19.6	124.96	55.19	5.85
19.8	124.79	55.53	5.85
20.0	124.64	55.89	5.86
20.2	124.5	56.25	5.86
20.4	124.4	56.57	5.86
20.6	124.42	56.66	5.87
20.8	124.48	56.67	5.87
21.0	124.57	56.65	5.88
21.2	124.68	56.62	5.88
21.4	124.8	56.59	5.89
21.6	124.9	56.67	5.89
21.8	125.0	56.78	5.9
22.0	125.09	56.9	5.9
22.2	125.17	57.0	5.91
22.4	125.24	57.09	5.91
22.6	125.31	57.1	5.92
22.8	125.35	57.09	5.93
23.0	125.36	57.05	5.93
23.2	125.34	56.98	5.94
23.4	125.27	56.89	5.94
23.6	125.04	56.73	5.94
23.8	124.77	56.55	5.95
24.0	124.49	56.38	5.95
24.2	124.23	56.23	5.95
24.4	124.0	56.12	5.95
24.6	123.92	56.14	5.95
24.8	123.91	56.21	5.95
25.0	123.94	56.31	5.95
25.2	124.03	56.43	5.95
25.4	124.17	56.57	5.95
25.6	124.43	56.74	5.95
25.8	124.71	56.89	5.95
26.0	124.99	57.03	5.94
26.2	125.25	57.13	5.94
26.4	125.44	57.18	5.94
26.6	125.49	57.13	5.94
26.8	125.49	57.02	5.94
27.0	125.43	56.86	5.93
27.2	125.32	56.64	5.93
27.4	125.14	56.33	5.93
27.6	124.89	55.9	5.93
27.8	124.61	55.46	5.92
28.0	124.32	55.01	5.92
28.2	124.04	54.59	5.92
28.4	123.83	54.26	5.92
28.6	123.71	54.06	5.92
28.8	123.62	53.92	5.93
29.0	123.56	53.85	5.93
29.2	123.53	53.85	5.94
29.4	123.51	53.92	5.94
29.6	123.51	54.08	5.95
29.8	123.5	54.28	5.95
30.0	123.5	54.5	5.96
30.2	123.48	54.75	5.96
30.4	123.41	54.99	5.97
30.6	123.31	55.22	5.97
30.8	123.19	55.42	5.98
31.0	123.05	55.59	5.98
31.2	122.9	55.7	5.99
31.4	122.75	55.64	5.99
31.6	122.59	55.52	6.0
31.8	122.42	55.36	6.0
32.0	122.23	55.18	6.01
32.2	122.02	54.98	6.01
32.4	121.73	54.8	6.02
32.6	121.44	54.63	6.02
32.8	121.15	54.51	6.02
33.0	120.89	54.44	6.02
33.2	120.67	54.44	6.02
33.4	120.6	54.7	6.02
33.6	120.57	55.01	6.02
33.8	120.57	55.33	6.02
34.0	120.59	55.65	6.02
34.2	120.62	55.87	6.02
34.4	120.64	55.9	6.02
34.6	120.65	55.87	6.02
34.8	120.67	55.81	6.02
35.0	120.7	55.73	6.03
35.2	120.73	55.65	6.03
35.4	120.76	55.6	6.02
35.6	120.78	55.56	6.02
35.8	120.81	55.52	6.03
36.0	120.83	55.5	6.03
36.2	120.82	55.49	6.03
36.4	120.78	55.52	6.03
36.6	120.75	55.55	6.04
36.8	120.73	55.61	6.04
37.0	120.75	55.68	6.05
37.2	120.85	55.78	6.05
37.4	121.04	55.89	6.06
37.6	121.25	56.02	6.06
37.8	121.48	56.14	6.07
38.0	121.7	56.25	6.08
38.2	121.88	56.34	6.08
38.4	122.04	56.4	6.09
38.6	122.17	56.44	6.09
38.8	122.27	56.46	6.1
39.0	122.35	56.45	6.1
39.2	122.35	56.41	6.11
39.4	122.33	56.35	6.11
39.6	122.29	56.26	6.12
39.8	122.24	56.17	6.12
40.0	122.21	56.06	6.13
40.2	122.21	55.92	6.13
40.4	122.23	55.77	6.14
40.6	122.29	55.64	6.14
40.8	122.36	55.55	6.15
41.0	122.48	55.5	6.15
41.2	122.67	55.6	6.16
41.4	122.9	55.75	6.16
41.6	123.15	55.94	6.17
41.8	123.4	56.17	6.17
42.0	123.64	56.42	6.18
42.2	123.85	56.72	6.18
42.4	124.04	57.01	6.19
42.6	124.21	57.29	6.19
42.8	124.35	57.53	6.2
43.0	124.45	57.69	6.21
43.2	124.5	57.7	6.21
43.4	124.52	57.66	6.22
43.6	124.51	57.57	6.22
43.8	124.48	57.44	6.23
44.0	124.44	57.26	6.23
44.2	124.38	57.05	6.24
44.4	124.31	56.83	6.24
44.6	124.23	56.6	6.25
44.8	124.14	56.37	6.25
45.0	124.04	56.17	6.26
45.2	123.92	56.03	6.26
45.4	123.79	55.94	6.26
45.6	123.67	55.87	6.27
45.8	123.56	55.83	6.27
46.0	123.47	55.82	6.27
46.2	123.41	55.85	6.26
46.4	123.39	55.92	6.26
46.6	123.4	56.0	6.25
46.8	123.45	56.08	6.24
47.0	123.54	56.16	6.23
47.2	123.75	56.19	6.22
47.4	124.02	56.19	6.21
47.6	124.3	56.19	6.2
47.8	124.57	56.2	6.19
48.0	124.81	56.23	6.18
48.2	124.92	56.36	6.17
48.4	124.97	56.52	6.16
48.6	124.98	56.67	6.15
48.8	124.96	56.79	6.14
49.0	124.91	56.86	6.13
49.2	124.86	56.72	6.12
49.4	124.8	56.49	6.11
49.6	124.72	56.21	6.1
49.8	124.64	55.91	6.09
50.0	124.56	55.6	6.08
50.2	124.48	55.35	6.07
50.4	124.41	55.14	6.06
50.6	124.34	54.93	6.05
50.8	124.28	54.74	6.04
51.0	124.21	54.56	6.03
51.2	124.18	54.41	6.02
51.4	124.16	54.26	6.01
51.6	124.12	54.11	6.01
51.8	124.05	53.95	6.0
52.0	123.94	53.77	5.99
52.2	123.72	53.51	5.98
52.4	123.44	53.21	5.97
52.6	123.12	52.9	5.97
52.8	122.78	52.6	5.96
53.0	122.44	52.32	5.95
53.2	122.08	52.08	5.94
53.4	121.74	51.89	5.93
53.6	121.42	51.73	5.92
53.8	121.15	51.62	5.91
54.0	120.93	51.56	5.91
54.2	120.8	51.53	5.91
54.4	120.8	51.55	5.91
54.6	120.88	51.63	5.92
54.8	121.02	51.8	5.94
55.0	121.22	52.07	5.95
55.2	121.49	52.49	5.96
55.4	121.88	53.21	5.97
55.6	122.3	53.99	5.98
55.8	122.72	54.8	5.99
56.0	123.11	55.58	6.01
56.2	123.44	56.27	6.02
56.4	123.64	56.7	6.03
56.6	123.77	57.03	6.04
56.8	123.83	57.3	6.05
57.0	123.81	57.5	6.06
57.2	123.69	57.67	6.07
57.4	123.43	57.85	6.08
57.6	123.13	57.97	6.1
57.8	122.81	57.99	6.11
58.0	122.48	57.92	6.12
58.2	122.25	57.57	6.13
58.4	122.08	57.05	6.15
58.6	121.94	56.47	6.16
58.8	121.83	55.9	6.16
59.0	121.74	55.38	6.17
59.2	121.64	55.15	6.18
59.4	121.54	55.17	6.18
59.6	121.48	55.26	6.18
59.8	121.45	55.39	6.17
60.0	121.48	55.52	6.17
60.2	121.6	55.47	6.16
60.4	121.81	55.23	6.15
60.6	122.08	55.02	6.14
60.8	122.4	54.89	6.12
61.0	122.75	54.89	6.11
61.2	123.16	55.35	6.1
61.4	123.6	56.19	6.09
61.6	124.05	57.12	6.07
61.8	124.5	58.04	6.06
62.0	124.92	58.89	6.05
62.2	125.28	59.28	6.04
62.4	125.57	59.3	6.03
62.6	125.81	59.2	6.02
62.8	126.01	59.02	6.0
63.0	126.14	58.79	5.99
63.2	126.17	58.7	5.98
63.4	126.11	58.76	5.97
63.6	126.0	58.84	5.95
63.8	125.87	58.9	5.94
64.0	125.74	58.95	5.93
64.2	125.64	58.93	5.92
64.4	125.65	58.78	5.92
64.6	125.66	58.61	5.92
64.8	125.68	58.43	5.92
65.0	125.67	58.24	5.92
65.2	125.64	58.11	5.92
65.4	125.54	58.08	5.92
65.6	125.41	58.07	5.92
65.8	125.26	58.06	5.92
66.0	125.07	58.06	5.92
66.2	124.86	58.04	5.93
66.4	124.59	57.93	5.93
66.6	124.3	57.81	5.93
66.8	124.0	57.68	5.93
67.0	123.7	57.55	5.93
67.2	123.41	57.42	5.93
67.4	123.15	57.28	5.93
67.6	122.92	57.16	5.94
67.8	122.71	57.06	5.94
68.0	122.52	57.0	5.94
68.2	122.34	56.97	5.94
68.4	122.19	57.09	5.94
68.6	122.06	57.31	5.94
68.8	121.94	57.52	5.95
69.0	121.84	57.71	5.95
69.2	121.74	57.84	5.95
69.4	121.63	57.7	5.95
69.6	121.5	57.3	5.95
69.8	121.38	56.87	5.95
70.0	121.28	56.47	5.95
70.2	121.21	56.15	5.96
70.4	121.18	56.06	5.96
70.6	121.21	56.48	5.96
70.8	121.28	57.0	5.96
71.0	121.37	57.56	5.96
71.2	121.49	58.12	5.96
71.4	121.64	58.56	5.96
71.6	121.81	58.66	5.96
71.8	121.99	58.69	5.96
72.0	122.19	58.66	5.96
72.2	122.39	58.6	5.96
72.4	122.6	58.56	5.96
72.6	122.8	58.61	5.97
72.8	123.0	58.67	5.97
73.0	123.18	58.73	5.97
73.2	123.36	58.77	5.97
73.4	123.51	58.8	5.97
73.6	123.55	58.7	5.97
73.8	123.6	58.6	5.97
74.0	123.66	58.54	5.97
74.2	123.76	58.53	5.97
74.4	123.92	58.63	5.97
74.6	124.3	59.13	5.97
74.8	124.71	59.64	5.97
75.0	125.13	60.12	5.98
75.2	125.55	60.47	5.98
75.4	125.92	60.54	5.98
75.6	126.15	59.98	5.98
75.8	126.34	59.27	5.98
76.0	126.49	58.47	5.98
76.2	126.59	57.63	5.98
76.4	126.65	56.88	5.98
76.6	126.65	56.39	5.98
76.8	126.63	55.98	5.98
77.0	126.57	55.66	5.98
77.2	126.5	55.43	5.98
77.4	126.41	55.34	5.98
77.6	126.31	55.48	5.99
77.8	126.2	55.68	5.99
78.0	126.09	55.9	5.99
78.2	125.98	56.12	5.99
78.4	125.88	56.23	5.99
78.6	125.83	56.19	5.99
78.8	125.76	56.07	5.99
79.0	125.67	55.88	5.99
79.2	125.53	55.62	5.99
79.4	125.29	55.23	5.99
79.6	124.88	54.66	6.0
79.8	124.45	54.07	6.01
80.0	124.01	53.52	6.02
80.2	123.59	53.04	6.03
80.4	123.26	52.78	6.04
80.6	123.11	52.89	6.05
80.8	123.02	53.12	6.06
81.0	122.97	53.41	6.07
81.2	122.95	53.73	6.08
81.4	122.96	53.99	6.1
81.6	122.97	54.12	6.11
81.8	122.99	54.21	6.12
82.0	123.02	54.28	6.13
82.2	123.03	54.31	6.14
82.4	123.02	54.31	6.15
82.6	122.95	54.28	6.16
82.8	122.87	54.22	6.17
83.0	122.77	54.14	6.18
83.2	122.67	54.03	6.19
83.4	122.58	53.91	6.2
83.6	122.52	53.73	6.22
83.8	122.47	53.56	6.23
84.0	122.41	53.4	6.24
84.2	122.34	53.28	6.25
84.4	122.25	53.21	6.26
84.6	122.1	53.3	6.27
84.8	121.95	53.43	6.28
85.0	121.79	53.58	6.29
85.2	121.63	53.75	6.3
85.4	121.49	53.91	6.3
85.6	121.34	53.92	6.31
85.8	121.22	53.92	6.31
86.0	121.13	53.93	6.3
86.2	121.08	53.97	6.3
86.4	121.08	54.04	6.3
86.6	121.2	54.28	6.29
86.8	121.37	54.57	6.28
87.0	121.58	54.89	6.27
87.2	121.81	55.23	6.26
87.4	122.07	55.56	6.25
87.6	122.33	55.84	6.24
87.8	122.59	56.11	6.24
88.0	122.85	56.37	6.23
88.2	123.1	56.61	6.22
88.4	123.34	56.85	6.21
88.6	123.5	57.08	6.2
88.8	123.63	57.3	6.19
89.0	123.76	57.51	6.18
89.2	123.89	57.7	6.18
89.4	124.03	57.88	6.17
89.6	124.26	58.02	6.16
89.8	124.49	58.14	6.15
90.0	124.73	58.25	6.14
90.2	124.96	58.36	6.13
90.4	125.17	58.47	6.12
90.6	125.31	58.62	6.12
90.8	125.43	58.76	6.11
91.0	125.52	58.9	6.1
91.2	125.58	59.04	6.09
91.4	125.6	59.17	6.08
91.6	125.57	59.26	6.07
91.8	125.51	59.34	6.07
92.0	125.45	59.42	6.06
92.2	125.4	59.49	6.05
92.4	125.38	59.57	6.04
92.6	125.46	59.72	6.03
92.8	125.56	59.84	6.02
93.0	125.64	59.92	6.01
93.2	125.71	59.95	6.01
93.4	125.73	59.84	6.0
93.6	125.66	59.47	5.99
93.8	125.54	59.06	5.98
94.0	125.38	58.66	5.97
94.2	125.19	58.3	5.96
94.4	124.93	58.08	5.95
94.6	124.53	58.2	5.95
94.8	124.14	58.41	5.94
95.0	123.79	58.68	5.94
95.2	123.5	58.99	5.94
95.4	123.39	59.27	5.95
95.6	123.57	59.43	5.97
95.8	123.85	59.61	5.98
96.0	124.17	59.81	6.01
96.2	124.52	60.05	6.03
96.4	124.81	60.41	6.05
96.6	124.97	60.96	6.07
96.8	125.1	61.5	6.09
97.0	125.23	62.0	6.11
97.2	125.35	62.41	6.13
97.4	125.49	62.52	6.15
97.6	125.65	62.3	6.17
97.8	125.82	62.0	6.19
98.0	125.99	61.68	6.2
98.2	126.16	61.39	6.22
98.4	126.35	61.39	6.24
98.6	126.55	61.58	6.26
98.8	126.72	61.8	6.28
99.0	126.88	62.03	6.3
99.2	127.0	62.22	6.32
99.4	127.06	62.24	6.34
99.6	127.07	62.18	6.36
99.8	127.04	62.05	6.39
100.0	126.98	61.83	6.41
100.2	126.86	61.51	6.43
100.4	126.71	61.01	6.45
100.6	126.51	60.45	6.47
100.8	126.27	59.86	6.49
101.0	125.99	59.27	6.51
101.2	125.64	58.71	6.52
101.4	125.22	58.24	6.54
101.6	124.77	57.82	6.55
101.8	124.34	57.45	6.56
102.0	123.94	57.16	6.57
102.2	123.63	56.94	6.58
102.4	123.44	56.82	6.58
102.6	123.3	56.79	6.58
102.8	123.21	56.84	6.58
103.0	123.13	56.97	6.58
103.2	123.06	57.3	6.58
103.4	122.99	57.77	6.58
103.6	122.93	58.26	6.58
103.8	122.88	58.73	6.58
104.0	122.85	59.14	6.58
104.2	122.86	59.28	6.58
104.4	122.88	59.29	6.58
104.6	122.9	59.21	6.59
104.8	122.9	59.05	6.59
105.0	122.86	58.81	6.59
105.2	122.75	58.42	6.59
105.4	122.6	58.0	6.59
105.6	122.43	57.58	6.59
105.8	122.23	57.21	6.59
106.0	122.0	56.91	6.59
106.2	121.68	56.86	6.59
106.4	121.38	56.89	6.59
106.6	121.12	57.0	6.59
106.8	120.94	57.2	6.59
107.0	120.89	57.46	6.6
107.2	121.09	57.78	6.6
107.4	121.39	58.16	6.6
107.6	121.76	58.59	6.6
107.8	122.19	59.07	6.61
108.0	122.66	59.6	6.61
108.2	123.14	60.18	6.61
108.4	123.64	60.77	6.61
108.6	124.14	61.36	6.62
108.8	124.62	61.94	6.62
109.0	125.08	62.5	6.62
109.2	125.5	63.02	6.62
109.4	125.88	63.46	6.63
109.6	126.22	63.81	6.63
109.8	126.5	64.05	6.63
110.0	126.71	63.93	6.63
110.2	126.86	63.71	6.64
110.4	126.93	63.43	6.64
110.6	126.94	63.14	6.64
110.8	126.86	62.9	6.64
111.0	126.61	62.9	6.65
111.2	126.31	62.94	6.65
111.4	126.0	63.0	6.65
111.6	125.7	63.08	6.65
111.8	125.49	63.12	6.65
112.0	125.45	63.09	6.65
112.2	125.44	63.05	6.65
112.4	125.46	63.01	6.65
112.6	125.49	63.0	6.65
112.8	125.49	63.04	6.65
113.0	125.43	63.13	6.65
113.2	125.38	63.25	6.65
113.4	125.33	63.39	6.65
113.6	125.29	63.53	6.65
113.8	125.31	63.65	6.65
114.0	125.36	63.76	6.65
114.2	125.42	63.87	6.65
114.4	125.46	64.0	6.65
114.6	125.48	64.14	6.65
114.8	125.41	64.37	6.65
115.0	125.3	64.61	6.65
115.2	125.16	64.83	6.65
115.4	125.01	65.01	6.65
115.6	124.85	65.12	6.65
115.8	124.73	65.02	6.65
116.0	124.6	64.85	6.65
116.2	124.46	64.64	6.65
116.4	124.31	64.39	6.65
116.6	124.13	64.13	6.65
116.8	123.85	63.87	6.65
117.0	123.56	63.63	6.65
117.2	123.27	63.41	6.65
117.4	123.02	63.24	6.65
117.6	122.8	63.12	6.65
117.8	122.69	63.08	6.65
118.0	122.64	63.12	6.66
118.2	122.65	63.26	6.66
118.4	122.73	63.5	6.66
118.6	122.88	63.89	6.66
118.8	123.14	64.59	6.66
119.0	123.45	65.35	6.67
119.2	123.81	66.13	6.67
119.4	124.2	66.87	6.67
119.6	124.6	67.42	6.67
119.8	125.01	67.69	6.67
120.0	125.42	67.86	6.68
120.2	125.82	67.96	6.68
120.4	126.2	68.01	6.68
120.6	126.56	68.09	6.68
120.8	126.87	68.21	6.68
121.0	127.14	68.3	6.69
121.2	127.36	68.34	6.69
121.4	127.53	68.33	6.69
121.6	127.59	68.21	6.69
121.8	127.55	67.95	6.69
122.0	127.46	67.66	6.69
122.2	127.34	67.35	6.69
122.4	127.2	67.03	6.69
122.6	127.08	66.74	6.7
122.8	126.98	66.5	6.7
123.0	126.9	66.31	6.69
123.2	126.84	66.18	6.69
123.4	126.82	66.13	6.69
123.6	126.84	66.24	6.69
123.8	126.92	66.55	6.69
124.0	127.04	66.9	6.69
124.2	127.2	67.25	6.69
124.4	127.38	67.59	6.69
124.6	127.63	67.74	6.69
124.8	127.92	67.74	6.69
125.0	128.2	67.68	6.69
125.2	128.47	67.58	6.69
125.4	128.7	67.45	6.69
125.6	128.8	67.34	6.69
125.8	128.8	67.25	6.68
126.0	128.76	67.15	6.68
126.2	128.67	67.05	6.68
126.4	128.54	66.95	6.68
126.6	128.4	66.87	6.68
126.8	128.23	66.81	6.68
127.0	128.04	66.74	6.68
127.2	127.83	66.66	6.68
127.4	127.6	66.58	6.68
127.6	127.32	66.46	6.68
127.8	127.02	66.32	6.68
128.0	126.72	66.17	6.68
128.2	126.42	66.03	6.68
128.4	126.14	65.89	6.68
128.6	125.88	65.76	6.68
128.8	125.66	65.64	6.69
129.0	125.48	65.56	6.69
129.2	125.38	65.53	6.69
129.4	125.35	65.58	6.69
129.6	125.51	65.81	6.7
129.8	125.83	66.19	6.7
130.0	126.2	66.63	6.7
130.2	126.59	67.09	6.71
130.4	126.98	67.56	6.71
130.6	127.25	68.0	6.71
130.8	127.43	68.39	6.71
131.0	127.57	68.71	6.72
131.2	127.67	68.95	6.72
131.4	127.73	69.09	6.72
131.6	127.75	68.96	6.73
131.8	127.74	68.7	6.73
132.0	127.72	68.36	6.73
132.2	127.68	67.97	6.73
132.4	127.64	67.56	6.74
132.6	127.61	67.19	6.74
132.8	127.59	66.84	6.74
133.0	127.58	66.52	6.74
133.2	127.58	66.24	6.74
133.4	127.6	66.03	6.75
133.6	127.65	66.0	6.74
133.8	127.72	66.03	6.74
134.0	127.79	66.1	6.74
134.2	127.86	66.2	6.74
134.4	127.93	66.31	6.74
134.6	127.97	66.38	6.74
134.8	128.01	66.46	6.74
135.0	128.05	66.55	6.73
135.2	128.07	66.63	6.73
135.4	128.11	66.75	6.73
135.6	128.15	66.91	6.73
135.8	128.18	67.04	6.72
136.0	128.19	67.14	6.72
136.2	128.16	67.18	6.72
136.4	128.06	67.05	6.72
136.6	127.89	66.74	6.72
136.8	127.68	66.4	6.71
137.0	127.46	66.06	6.71
137.2	127.23	65.76	6.71
137.4	127.01	65.63	6.71
137.6	126.83	65.76	6.7
137.8	126.66	65.95	6.7
138.0	126.49	66.19	6.7
138.2	126.34	66.44	6.7
138.4	126.2	66.67	6.7
138.6	126.06	66.72	6.69
138.8	125.94	66.76	6.69
139.0	125.85	66.82	6.69
139.2	125.79	66.9	6.69
139.4	125.78	67.04	6.69
139.6	125.83	67.33	6.69
139.8	125.94	67.68	6.69
140.0	126.09	68.05	6.69
140.2	126.28	68.46	6.69
140.4	126.53	68.88	6.69
140.6	126.87	69.29	6.69
140.8	127.23	69.71	6.69
141.0	127.61	70.11	6.69
141.2	127.97	70.48	6.69
141.4	128.3	70.84	6.69
141.6	128.54	71.17	6.69
141.8	128.75	71.44	6.69
142.0	128.92	71.65	6.69
142.2	129.04	71.78	6.69
142.4	129.12	71.78	6.69
142.6	129.14	71.53	6.69
142.8	129.11	71.22	6.69
143.0	129.05	70.86	6.69
143.2	128.96	70.49	6.69
143.4	128.83	70.14	6.69
143.6	128.66	70.02	6.69
143.8	128.47	69.94	6.69
144.0	128.26	69.88	6.69
144.2	128.05	69.82	6.69
144.4	127.84	69.75	6.69
144.6	127.65	69.59	6.69
144.8	127.48	69.39	6.68
145.0	127.32	69.18	6.68
145.2	127.19	68.98	6.68
145.4	127.08	68.8	6.68
145.6	126.99	68.71	6.68
145.8	126.94	68.67	6.68
146.0	126.92	68.66	6.68
146.2	126.96	68.65	6.68
146.4	127.05	68.65	6.68
146.6	127.29	68.63	6.67
146.8	127.61	68.59	6.67
147.0	127.95	68.54	6.67
147.2	128.31	68.48	6.67
147.4	128.65	68.41	6.67
147.6	128.9	68.3	6.67
147.8	129.09	68.17	6.66
148.0	129.26	68.03	6.66
148.2	129.39	67.89	6.66
148.4	129.49	67.75	6.66
148.6	129.58	67.62	6.66
148.8	129.65	67.5	6.66
149.0	129.69	67.39	6.66
149.2	129.7	67.29	6.65
149.4	129.68	67.22	6.65
149.6	129.58	67.19	6.65
149.8	129.4	67.19	6.65
150.0	129.2	67.22	6.65
150.2	129.02	67.28	6.65
150.4	128.86	67.35	6.64
150.6	128.76	67.45	6.64
150.8	128.84	67.56	6.64
151.0	128.96	67.69	6.64
151.2	129.12	67.83	6.64
151.4	129.31	67.98	6.64
151.6	129.5	68.14	6.64
151.8	129.66	68.3	6.63
152.0	129.83	68.47	6.63
152.2	130.0	68.62	6.63
152.4	130.17	68.77	6.63
152.6	130.36	68.91	6.63
152.8	130.58	69.04	6.63
153.0	130.79	69.14	6.63
153.2	131.01	69.22	6.63
153.4	131.23	69.28	6.62
153.6	131.43	69.3	6.62
153.8	131.63	69.29	6.62
154.0	131.81	69.24	6.62
154.2	131.97	69.15	6.62
154.4	132.11	69.03	6.62
154.6	132.22	68.85	6.62
154.8	132.31	68.61	6.61
155.0	132.35	68.33	6.61
155.2	132.35	68.03	6.61
155.4	132.28	67.72	6.61
155.6	132.15	67.4	6.61
155.8	131.85	67.09	6.61
156.0	131.49	66.79	6.61
156.2	131.09	66.49	6.6
156.4	130.67	66.2	6.6
156.6	130.25	65.93	6.6
156.8	129.9	65.66	6.6
157.0	129.57	65.41	6.6
157.2	129.26	65.19	6.6
157.4	128.97	65.0	6.6
157.6	128.7	64.85	6.6
157.8	128.46	64.78	6.59
158.0	128.23	64.76	6.59
158.2	128.03	64.78	6.59
158.4	127.85	64.85	6.59
158.6	127.69	64.96	6.59
158.8	127.57	65.17	6.59
159.0	127.47	65.41	6.59
159.2	127.39	65.65	6.59
159.4	127.31	65.86	6.59
159.6	127.23	66.02	6.59
159.8	127.13	65.94	6.59
160.0	127.02	65.81	6.58
160.2	126.9	65.64	6.58
160.4	126.76	65.46	6.58
160.6	126.62	65.29	6.58
160.8	126.43	65.27	6.58
161.0	126.23	65.29	6.58
161.2	126.01	65.33	6.58
161.4	125.79	65.37	6.58
161.6	125.56	65.4	6.58
161.8	125.29	65.33	6.58
162.0	125.01	65.23	6.58
162.2	124.75	65.13	6.57
162.4	124.53	65.05	6.57
162.6	124.35	64.99	6.57
162.8	124.31	64.99	6.57
163.0	124.36	65.06	6.57
163.2	124.47	65.17	6.57
163.4	124.62	65.33	6.57
163.6	124.81	65.54	6.57
163.8	124.99	65.79	6.57
164.0	125.18	66.1	6.57
164.2	125.4	66.46	6.57
164.4	125.67	66.9	6.57
164.6	125.99	67.4	6.57
164.8	126.49	68.17	6.57
165.0	127.05	69.02	6.57
165.2	127.62	69.83	6.56
165.4	128.16	70.56	6.56
165.6	128.65	71.14	6.56
165.8	128.88	71.18	6.56
166.0	129.03	71.03	6.56
166.2	129.12	70.76	6.56
166.4	129.17	70.39	6.56
166.6	129.18	69.95	6.56
166.8	129.25	69.6	6.56
167.0	129.29	69.23	6.56
167.2	129.3	68.84	6.56
167.4	129.26	68.46	6.56
167.6	129.17	68.09	6.56
167.8	128.93	67.69	6.56
168.0	128.63	67.33	6.56
168.2	128.3	67.02	6.56
168.4	127.96	66.78	6.56
168.6	127.62	66.62	6.56
168.8	127.35	66.75	6.56
169.0	127.12	66.99	6.56
169.2	126.91	67.25	6.56
169.4	126.75	67.51	6.56
169.6	126.62	67.73	6.56
169.8	126.59	67.63	6.56
170.0	126.59	67.45	6.56
170.2	126.61	67.24	6.57
170.4	126.66	67.01	6.57
170.6	126.7	66.8	6.57
170.8	126.73	66.69	6.57
171.0	126.75	66.61	6.57
171.2	126.76	66.55	6.57
171.4	126.75	66.52	6.57
171.6	126.74	66.51	6.57
171.8	126.71	66.55	6.57
172.0	126.65	66.6	6.57
172.2	126.57	66.65	6.58
172.4	126.44	66.69	6.58
172.6	126.26	66.68	6.58
172.8	125.95	66.57	6.58
173.0	125.63	66.45	6.58
173.2	125.31	66.34	6.58
173.4	125.0	66.26	6.58
173.6	124.75	66.27	6.58
173.8	124.6	66.43	6.59
174.0	124.5	66.64	6.59
174.2	124.45	66.89	6.59
174.4	124.46	67.15	6.59
174.6	124.53	67.39	6.59
174.8	124.64	67.55	6.59
175.0	124.82	67.74	6.6
175.2	125.07	67.96	6.6
175.4	125.41	68.26	6.6
175.6	125.93	68.79	6.6
175.8	126.61	69.53	6.6
176.0	127.31	70.25	6.61
176.2	128.0	70.9	6.61
176.4	128.64	71.4	6.61
176.6	129.04	71.34	6.61
176.8	129.3	71.0	6.61
177.0	129.48	70.53	6.61
177.2	129.57	70.0	6.62
177.4	129.59	69.47	6.62
177.6	129.56	69.28	6.62
177.8	129.48	69.13	6.62
178.0	129.35	69.0	6.62
178.2	129.18	68.86	6.63
178.4	128.98	68.68	6.63
178.6	128.77	68.28	6.63
178.8	128.53	67.86	6.63
179.0	128.29	67.43	6.63
179.2	128.03	67.02	6.63
179.4	127.77	66.66	6.63
179.6	127.49	66.51	6.63
179.8	127.22	66.43	6.63
180.0	126.98	66.39	6.63
180.2	126.76	66.38	6.63
180.4	126.58	66.38	6.63
180.6	126.53	66.32	6.63
180.8	126.52	66.25	6.63
181.0	126.53	66.18	6.63
181.2	126.55	66.11	6.63
181.4	126.55	66.04	6.63
181.6	126.47	65.99	6.63
181.8	126.37	65.93	6.62
182.0	126.24	65.89	6.62
182.2	126.07	65.85	6.62
182.4	125.88	65.83	6.62
182.6	125.59	65.82	6.62
182.8	125.27	65.82	6.62
183.0	124.95	65.83	6.62
183.2	124.65	65.85	6.62
183.4	124.39	65.88	6.62
183.6	124.25	65.89	6.62
183.8	124.18	65.91	6.62
184.0	124.17	65.95	6.62
184.2	124.23	66.04	6.62
184.4	124.33	66.16	6.62
184.6	124.54	66.44	6.62
184.8	124.81	66.78	6.62
185.0	125.11	67.15	6.62
185.2	125.43	67.52	6.62
185.4	125.74	67.86	6.62
185.6	126.01	68.1	6.62
185.8	126.25	68.29	6.62
186.0	126.47	68.44	6.62
186.2	126.66	68.54	6.63
186.4	126.82	68.61	6.63
186.6	126.93	68.64	6.63
186.8	127.01	68.63	6.63
187.0	127.04	68.57	6.63
187.2	127.05	68.46	6.63
187.4	127.02	68.31	6.63
187.6	126.91	67.99	6.63
187.8	126.76	67.62	6.63
188.0	126.6	67.24	6.63
188.2	126.45	66.89	6.63
188.4	126.32	66.59	6.63
188.6	126.23	66.44	6.63
188.8	126.19	66.42	6.63
189.0	126.19	66.49	6.63
189.2	126.25	66.66	6.63
189.4	126.37	66.92	6.63
189.6	126.65	67.41	6.63
189.8	127.02	68.01	6.63
190.0	127.4	68.64	6.63
190.2	127.79	69.25	6.63
190.4	128.15	69.79	6.63
190.6	128.34	70.06	6.63
190.8	128.46	70.19	6.63
191.0	128.54	70.22	6.63
191.2	128.57	70.16	6.63
191.4	128.57	70.0	6.63
191.6	128.58	69.71	6.63
191.8	128.57	69.34	6.63
192.0	128.52	68.92	6.63
192.2	128.44	68.47	6.63
192.4	128.31	68.01	6.63
192.6	128.07	67.53	6.63
192.8	127.77	67.08	6.63
193.0	127.46	66.67	6.63
193.2	127.15	66.34	6.63
193.4	126.86	66.11	6.63
193.6	126.62	66.13	6.63
193.8	126.46	66.34	6.63
194.0	126.35	66.64	6.62
194.2	126.33	67.0	6.62
194.4	126.38	67.39	6.62
194.6	126.65	67.77	6.61
194.8	127.06	68.13	6.61
195.0	127.51	68.44	6.6
195.2	127.97	68.69	6.6
195.4	128.42	68.85	6.59
195.6	128.69	68.66	6.59
195.8	128.87	68.33	6.58
196.0	129.01	67.98	6.58
196.2	129.13	67.66	6.57
196.4	129.25	67.42	6.57
196.6	129.42	67.72	6.56
196.8	129.6	68.19	6.56
197.0	129.79	68.71	6.55
197.2	129.98	69.22	6.55
197.4	130.17	69.65	6.55
197.6	130.33	69.65	6.54
197.8	130.49	69.44	6.53
198.0	130.65	69.15	6.53
198.2	130.82	68.85	6.53
198.4	131.02	68.56	6.52
198.6	131.3	68.52	6.52
198.8	131.61	68.58	6.52
199.0	131.91	68.67	6.52
199.2	132.19	68.76	6.53
199.4	132.41	68.84	6.53
199.6	132.48	68.81	6.53
199.8	132.51	68.75	6.53
200.0	132.5	68.67	6.53
200.2	132.47	68.55	6.53
200.4	132.43	68.4	6.53
200.6	132.44	68.22	6.53
200.8	132.44	68.01	6.54
201.0	132.42	67.79	6.54
201.2	132.36	67.55	6.54
201.4	132.27	67.31	6.54
201.6	132.09	67.09	6.54
201.8	131.86	66.87	6.54
202.0	131.59	66.64	6.55
202.2	131.31	66.38	6.55
202.4	131.0	66.1	6.55
202.6	130.71	65.76	6.56
202.8	130.42	65.38	6.56
203.0	130.1	64.99	6.56
203.2	129.77	64.59	6.56
203.4	129.42	64.18	6.57
203.6	129.02	63.77	6.57
203.8	128.59	63.36	6.57
204.0	128.16	62.97	6.58
204.2	127.72	62.59	6.58
204.4	127.29	62.24	6.58
204.6	126.9	61.91	6.58
204.8	126.53	61.62	6.59
205.0	126.17	61.38	6.59
205.2	125.82	61.19	6.59
205.4	125.47	61.05	6.59
205.6	125.1	61.05	6.6
205.8	124.73	61.15	6.6
206.0	124.36	61.29	6.6
206.2	124.01	61.45	6.6
206.4	123.69	61.61	6.61
206.6	123.4	61.67	6.61
206.8	123.15	61.64	6.61
207.0	122.93	61.6	6.62
207.2	122.74	61.58	6.62
207.4	122.58	61.58	6.62
207.6	122.44	61.65	6.62
207.8	122.29	61.82	6.63
208.0	122.2	62.05	6.63
208.2	122.16	62.32	6.63
208.4	122.2	62.66	6.64
208.6	122.32	63.04	6.64
208.8	122.58	63.49	6.64
209.0	122.94	63.99	6.65
209.2	123.39	64.54	6.65
209.4	123.93	65.15	6.65
209.6	124.6	65.84	6.66
209.8	125.49	66.71	6.66
210.0	126.44	67.59	6.66
210.2	127.41	68.46	6.67
210.4	128.36	69.26	6.67
210.6	129.23	69.92	6.67
210.8	129.9	70.34	6.68
211.0	130.5	70.63	6.68
211.2	131.01	70.82	6.69
211.4	131.45	70.89	6.69
211.6	131.8	70.84	6.69
211.8	132.06	70.63	6.7
212.0	132.25	70.37	6.7
212.2	132.37	70.06	6.7
212.4	132.43	69.74	6.71
212.6	132.42	69.48	6.71
212.8	132.35	69.36	6.71
213.0	132.23	69.25	6.72
213.2	132.06	69.14	6.72
213.4	131.86	69.01	6.73
213.6	131.64	68.81	6.73
213.8	131.41	68.44	6.73
214.0	131.15	68.06	6.74
214.2	130.87	67.69	6.74
214.4	130.57	67.35	6.75
214.6	130.26	67.1	6.75
214.8	129.95	67.12	6.75
215.0	129.62	67.19	6.76
215.2	129.26	67.27	6.76
215.4	128.87	67.34	6.77
215.6	128.44	67.37	6.77
215.8	127.87	67.1	6.77
216.0	127.26	66.74	6.78
216.2	126.63	66.35	6.78
216.4	126.03	65.95	6.79
216.6	125.46	65.59	6.79
216.8	125.01	65.34	6.79
217.0	124.68	65.21	6.79
217.2	124.41	65.14	6.79
217.4	124.18	65.14	6.79
217.6	123.99	65.21	6.79
217.8	123.79	65.34	6.79
218.0	123.54	65.53	6.78
218.2	123.35	65.79	6.78
218.4	123.24	66.12	6.78
218.6	123.22	66.54	6.77
218.8	123.37	67.09	6.77
219.0	123.81	67.84	6.77
219.2	124.33	68.63	6.77
219.4	124.91	69.4	6.76
219.6	125.52	70.12	6.76
219.8	126.09	70.68	6.76
220.0	126.54	70.91	6.75
220.2	126.95	71.03	6.75
220.4	127.31	71.05	6.75
220.6	127.62	70.99	6.75
220.8	127.87	70.87	6.74
221.0	127.94	70.68	6.74
221.2	127.97	70.47	6.74
221.4	127.98	70.26	6.73
221.6	127.98	70.06	6.73
221.8	128.0	69.91	6.73
222.0	128.15	69.92	6.73
222.2	128.35	70.02	6.72
222.4	128.58	70.16	6.72
222.6	128.83	70.35	6.72
222.8	129.08	70.57	6.72
223.0	129.31	70.85	6.72
223.2	129.53	71.16	6.72
223.4	129.74	71.45	6.72
223.6	129.92	71.71	6.71
223.8	130.09	71.91	6.71
224.0	130.2	71.94	6.71
224.2	130.27	71.85	6.71
224.4	130.32	71.72	6.71
224.6	130.36	71.56	6.71
224.8	130.38	71.39	6.71
225.0	130.43	71.26	6.71
225.2	130.48	71.17	6.71
225.4	130.52	71.09	6.71
225.6	130.55	71.02	6.71
225.8	130.56	70.96	6.71
226.0	130.52	70.91	6.71
226.2	130.43	70.86	6.71
226.4	130.32	70.82	6.7
226.6	130.2	70.81	6.7
226.8	130.07	70.81	6.7
227.0	129.93	70.84	6.7
227.2	129.83	70.95	6.7
227.4	129.72	71.07	6.69
227.6	129.61	71.18	6.69
227.8	129.5	71.29	6.68
228.0	129.39	71.36	6.68
228.2	129.31	71.34	6.67
228.4	129.21	71.3	6.67
228.6	129.09	71.24	6.66
228.8	128.94	71.15	6.66
229.0	128.74	71.06	6.65
229.2	128.35	70.95	6.65
229.4	127.93	70.84	6.64
229.6	127.5	70.73	6.64
229.8	127.08	70.62	6.63
230.0	126.7	70.52	6.63
230.2	126.44	70.37	6.62
230.4	126.26	70.22	6.62
230.6	126.14	70.14	6.62
230.8	126.09	70.15	6.61
231.0	126.12	70.27	6.61
231.2	126.29	70.74	6.6
231.4	126.55	71.43	6.6
231.6	126.85	72.16	6.59
231.8	127.17	72.89	6.59
232.0	127.48	73.55	6.58
232.2	127.68	73.84	6.58
232.4	127.84	73.97	6.57
232.6	127.97	74.03	6.57
232.8	128.06	74.03	6.56
233.0	128.13	74.01	6.56
233.2	128.15	74.12	6.55
233.4	128.15	74.25	6.55
233.6	128.14	74.35	6.55
233.8	128.11	74.43	6.54
234.0	128.1	74.47	6.54
234.2	128.08	74.34	6.53
234.4	128.08	74.13	6.53
234.6	128.11	73.91	6.53
234.8	128.17	73.7	6.52
235.0	128.27	73.54	6.51
235.2	128.46	73.54	6.5
235.4	128.72	73.65	6.49
235.6	129.02	73.8	6.47
235.8	129.36	73.99	6.45
236.0	129.75	74.19	6.43
236.2	130.23	74.45	6.41
236.4	130.73	74.68	6.4
236.6	131.22	74.87	6.38
236.8	131.67	74.98	6.36
237.0	132.04	74.95	6.34
237.2	132.23	74.57	6.32
237.4	132.34	74.1	6.3
237.6	132.38	73.56	6.29
237.8	132.36	73.01	6.27
238.0	132.27	72.47	6.25
238.2	132.1	72.21	6.23
238.4	131.89	71.97	6.21
238.6	131.66	71.73	6.19
238.8	131.41	71.49	6.17
239.0	131.16	71.21	6.16
239.2	131.0	70.68	6.14
239.4	130.86	70.08	6.12
239.6	130.74	69.48	6.1
239.8	130.63	68.91	6.09
240.0	130.52	68.41	6.07
240.2	130.37	68.16	6.06
240.4	130.21	68.11	6.04
240.6	130.06	68.12	6.03
240.8	129.93	68.18	6.02
241.0	129.84	68.26	6.01
241.2	129.86	68.28	6.0
241.4	129.95	68.25	5.99
241.6	130.05	68.19	5.98
241.8	130.15	68.08	5.97
242.0	130.23	67.93	5.96
242.2	130.17	67.66	5.94
242.4	130.02	67.3	5.93
242.6	129.84	66.9	5.92
242.8	129.63	66.47	5.91
243.0	129.41	66.02	5.9
243.2	129.2	65.55	5.89
243.4	129.02	65.09	5.88
243.6	128.84	64.64	5.86
243.8	128.68	64.2	5.85
244.0	128.53	63.78	5.84
244.2	128.4	63.41	5.83
244.4	128.3	63.11	5.83
244.6	128.23	62.86	5.82
244.8	128.19	62.63	5.81
245.0	128.18	62.44	5.81
245.2	128.23	62.27	5.81
245.4	128.39	62.16	5.81
245.6	128.58	62.06	5.81
245.8	128.79	61.95	5.81
246.0	129.01	61.83	5.81
246.2	129.21	61.67	5.82
246.4	129.32	61.41	5.82
246.6	129.42	61.12	5.82
246.8	129.51	60.8	5.82
247.0	129.59	60.47	5.82
247.2	129.67	60.13	5.82
247.4	129.81	59.8	5.82
247.6	129.93	59.46	5.82
247.8	130.04	59.13	5.83
248.0	130.11	58.79	5.83
248.2	130.14	58.46	5.83
248.4	130.0	58.13	5.83
248.6	129.82	57.81	5.83
248.8	129.62	57.5	5.83
249.0	129.42	57.19	5.83
249.2	129.25	56.91	5.83
249.4	129.21	56.68	5.83
249.6	129.24	56.48	5.83
249.8	129.29	56.27	5.83
250.0	129.33	56.05	5.83
250.2	129.36	55.8	5.83
250.4	129.3	55.42	5.83
250.6	129.2	54.99	5.83
250.8	129.08	54.55	5.82
251.0	128.94	54.1	5.82
251.2	128.81	53.66	5.82
251.4	128.74	53.36	5.82
251.6	128.66	53.07	5.82
251.8	128.58	52.79	5.81
252.0	128.48	52.5	5.81
252.2	128.35	52.2	5.81
252.4	128.17	51.7	5.81
252.6	127.94	51.19	5.81
252.8	127.67	50.7	5.8
253.0	127.36	50.26	5.8
253.2	126.98	49.89	5.8
253.4	126.44	49.8	5.8
253.6	125.83	49.85	5.8
253.8	125.22	49.95	5.79
254.0	124.63	50.09	5.79
254.2	124.09	50.24	5.79
254.4	123.71	50.2	5.79
254.6	123.48	50.04	5.79
254.8	123.35	49.93	5.78
255.0	123.3	49.92	5.78
255.2	123.33	50.05	5.78
255.4	123.46	50.62	5.78
255.6	123.68	51.54	5.77
255.8	123.97	52.57	5.77
256.0	124.34	53.61	5.76
256.2	124.78	54.61	5.76
256.4	125.37	55.3	5.75
256.6	126.03	55.81	5.75
256.8	126.7	56.2	5.74
257.0	127.35	56.47	5.74
257.2	127.94	56.63	5.73
257.4	128.38	56.68	5.73
257.6	128.74	56.62	5.73
257.8	129.01	56.45	5.72
258.0	129.19	56.18	5.72
258.2	129.25	55.75	5.71
258.4	129.16	55.15	5.71
258.6	129.0	54.48	5.7
258.8	128.78	53.77	5.7
259.0	128.53	53.06	5.7
259.2	128.26	52.38	5.69
259.4	128.0	51.77	5.69
259.6	127.74	51.23	5.68
259.8	127.51	50.77	5.68
260.0	127.32	50.41	5.67
260.2	127.22	50.25	5.67
260.4	127.23	50.3	5.68
260.6	127.27	50.44	5.68
260.8	127.33	50.64	5.68
261.0	127.4	50.88	5.69
261.2	127.38	51.1	5.69
261.4	127.33	51.29	5.7
261.6	127.29	51.47	5.7
261.8	127.27	51.63	5.7
262.0	127.28	51.75	5.71
262.2	127.42	51.84	5.71
262.4	127.58	51.87	5.71
262.6	127.76	51.83	5.72
262.8	127.93	51.72	5.72
263.0	128.08	51.47	5.73
263.2	128.18	51.07	5.73
263.4	128.25	50.61	5.73
263.6	128.29	50.11	5.74
263.8	128.3	49.6	5.74
264.0	128.25	49.12	5.75
264.2	128.16	48.67	5.75
264.4	128.02	48.25	5.75
264.6	127.84	47.85	5.76
264.8	127.62	47.48	5.76
265.0	127.29	47.16	5.76
265.2	126.89	46.89	5.77
265.4	126.5	46.67	5.77
265.6	126.12	46.5	5.77
265.8	125.78	46.38	5.77
266.0	125.6	46.32	5.77
266.2	125.55	46.33	5.77
266.4	125.53	46.4	5.76
266.6	125.53	46.54	5.76
266.8	125.54	46.74	5.76
267.0	125.51	47.16	5.75
267.2	125.45	47.66	5.75
267.4	125.36	48.15	5.74
267.6	125.23	48.58	5.73
267.8	125.07	48.9	5.73
268.0	124.78	48.8	5.72
268.2	124.44	48.54	5.72
268.4	124.08	48.2	5.71
268.6	123.72	47.81	5.71
268.8	123.36	47.39	5.7
269.0	123.01	47.01	5.7
269.2	122.7	46.67	5.69
269.4	122.45	46.42	5.69
269.6	122.28	46.28	5.68
269.8	122.23	46.34	5.68
270.0	122.34	46.73	5.69
270.2	122.56	47.24	5.69
270.4	122.88	47.86	5.7
270.6	123.31	48.56	5.7
270.8	123.95	49.32	5.71
271.0	124.69	50.11	5.72
271.2	125.45	50.85	5.72
271.4	126.19	51.51	5.73
271.6	126.79	51.98	5.73
271.8	127.19	52.2	5.74
272.0	127.48	52.26	5.74
272.2	127.65	52.17	5.75
272.4	127.71	51.92	5.75
272.6	127.59	51.35	5.76
272.8	127.36	50.67	5.76
273.0	127.05	49.93	5.77
273.2	126.68	49.18	5.77
273.4	126.28	48.53	5.78
273.6	125.85	48.12	5.79
273.8	125.42	47.8	5.79
274.0	125.02	47.56	5.8
274.2	124.66	47.39	5.8
274.4	124.42	47.26	5.8
274.6	124.32	47.16	5.8
274.8	124.3	47.15	5.8
275.0	124.33	47.24	5.8
275.2	124.42	47.47	5.8
275.4	124.52	47.96	5.8
275.6	124.64	48.64	5.79
275.8	124.81	49.4	5.79
276.0	125.04	50.19	5.78
276.2	125.34	50.96	5.77
276.4	125.8	51.65	5.77
276.6	126.28	52.25	5.76
276.8	126.75	52.73	5.75
277.0	127.16	53.04	5.75
277.2	127.38	52.91	5.74
277.4	127.49	52.55	5.74
277.6	127.51	52.06	5.73
277.8	127.47	51.51	5.73
278.0	127.38	50.97	5.72
278.2	127.26	50.69	5.71
278.4	127.1	50.44	5.71
278.6	126.9	50.19	5.7
278.8	126.67	49.94	5.7
279.0	126.4	49.65	5.69
279.2	126.04	49.2	5.68
279.4	125.69	48.75	5.68
279.6	125.36	48.33	5.67
279.8	125.07	47.95	5.67
280.0	124.88	47.65	5.66
280.2	124.91	47.48	5.66
280.4	125.0	47.42	5.66
280.6	125.14	47.47	5.66
280.8	125.31	47.63	5.66
281.0	125.49	48.02	5.66
281.2	125.65	48.73	5.66
281.4	125.81	49.46	5.67
281.6	125.95	50.13	5.67
281.8	126.07	50.65	5.67
282.0	126.15	50.55	5.68
282.2	126.19	50.06	5.68
282.4	126.19	49.42	5.68
282.6	126.14	48.7	5.68
282.8	126.03	47.98	5.69
283.0	125.81	47.51	5.69
283.2	125.5	47.21	5.69
283.4	125.16	46.99	5.69
283.6	124.78	46.85	5.7
283.8	124.39	46.8	5.7
284.0	123.97	46.87	5.7
284.2	123.55	47.03	5.7
284.4	123.17	47.24	5.7
284.6	122.84	47.48	5.71
284.8	122.59	47.75	5.71
285.0	122.5	47.87	5.71
285.2	122.55	47.95	5.71
285.4	122.68	48.1	5.71
285.6	122.89	48.35	5.72
285.8	123.17	48.75	5.72
286.0	123.57	49.73	5.72
286.2	124.02	50.83	5.72
286.4	124.49	51.93	5.72
286.6	124.95	52.93	5.73
286.8	125.35	53.56	5.73
287.0	125.66	53.65	5.73
287.2	125.92	53.54	5.73
287.4	126.13	53.28	5.74
287.6	126.29	52.92	5.74
287.8	126.38	52.62	5.74
