0.2	86.85	49.89	40.04
0.4	87.37	50.52	40.04
0.6	87.82	51.07	40.04
0.8	88.2	51.52	40.04
1.0	88.52	51.88	40.04
1.2	88.77	52.14	40.04
1.4	88.96	52.3	40.04
1.6	89.1	52.35	40.04
1.8	89.18	52.27	40.04
2.0	89.2	52.0	40.04
2.2	89.17	51.69	40.04
2.4	89.11	51.36	40.04
2.6	89.0	51.11	40.04
2.8	88.84	50.99	40.04
3.0	88.68	50.93	40.04
3.2	88.54	50.93	40.04
3.4	88.47	50.99	40.04
3.6	88.48	51.13	40.04
3.8	88.56	51.29	40.04
4.0	88.72	51.49	40.04
4.2	89.02	51.7	40.06
4.4	89.53	51.91	40.07
4.6	90.05	52.1	40.1
4.8	90.5	52.25	40.12
5.0	90.73	52.32	40.15
5.2	90.62	52.27	40.17
5.4	90.38	52.16	40.2
5.6	90.05	51.99	40.22
5.8	89.67	51.75	40.24
6.0	89.3	51.44	40.26
6.2	88.91	51.1	40.29
6.4	88.51	50.76	40.31
6.6	88.11	50.44	40.33
6.8	87.7	50.16	40.35
7.0	87.34	49.93	40.37
7.2	87.06	49.79	40.4
7.4	86.9	49.75	40.42
7.6	86.97	49.92	40.44
7.8	87.14	50.17	40.46
8.0	87.4	50.48	40.48
8.2	87.73	50.79	40.51
8.4	88.1	51.07	40.53
8.6	88.51	51.36	40.55
8.8	88.96	51.66	40.57
9.0	89.42	52.01	40.59
9.2	89.89	52.39	40.62
9.4	90.38	52.75	40.64
9.6	90.87	53.08	40.66
9.8	91.38	53.36	40.68
10.0	91.89	53.56	40.7
10.2	92.4	53.66	40.72
10.4	92.9	53.6	40.75
10.6	93.42	53.3	40.77
10.8	93.88	52.94	40.79
11.0	94.23	52.55	40.82
11.2	94.34	52.34	40.84
11.4	94.3	52.19	40.87
11.6	94.14	52.01	40.89
11.8	93.87	51.68	40.92
12.0	93.52	51.12	40.94
12.2	93.14	50.52	40.96
12.4	92.77	49.97	40.99
12.6	92.52	49.61	41.01
12.8	92.44	49.52	41.04
13.0	92.42	49.54	41.06
13.2	92.44	49.66	41.08
13.4	92.47	49.85	41.09
13.6	92.48	50.09	41.1
13.8	92.49	50.36	41.1
14.0	92.51	50.63	41.09
14.2	92.55	50.88	41.09
14.4	92.6	51.08	41.08
14.6	92.62	51.2	41.07
14.8	92.58	51.24	41.07
15.0	92.39	51.09	41.06
15.2	92.06	50.76	41.05
15.4	91.66	50.36	41.04
15.6	91.23	49.92	41.04
15.8	90.84	49.49	41.03
16.0	90.47	49.09	41.02
16.2	90.1	48.72	41.02
16.4	89.73	48.36	41.01
16.6	89.35	48.07	41.0
16.8	88.96	47.84	40.99
17.0	88.57	47.65	40.99
17.2	88.2	47.49	40.98
17.4	87.83	47.32	40.97
17.6	87.47	47.13	40.97
17.8	87.15	46.98	40.96
18.0	86.86	46.9	40.95
18.2	86.62	46.91	40.94
18.4	86.45	47.16	40.93
18.6	86.36	47.5	40.92
18.8	86.34	47.92	40.91
19.0	86.41	48.41	40.92
19.2	86.66	48.92	40.94
19.4	86.98	49.46	40.98
19.6	87.36	50.02	41.02
19.8	87.74	50.59	41.07
20.0	88.1	51.22	41.11
20.2	88.42	51.79	41.16
20.4	88.71	52.27	41.2
20.6	88.94	52.53	41.25
20.8	89.06	52.44	41.29
21.0	89.12	52.23	41.33
21.2	89.14	51.96	41.38
21.4	89.1	51.73	41.42
21.6	89.02	51.65	41.47
21.8	88.91	51.57	41.51
22.0	88.78	51.45	41.56
22.2	88.61	51.21	41.6
22.4	88.42	50.77	41.65
22.6	88.23	50.3	41.69
22.8	88.05	49.86	41.73
23.0	87.89	49.49	41.77
23.2	87.78	49.39	41.82
23.4	87.7	49.39	41.86
23.6	87.67	49.47	41.9
23.8	87.67	49.62	41.94
24.0	87.79	49.87	41.98
24.2	87.94	50.15	42.03
24.4	88.11	50.43	42.07
24.6	88.27	50.68	42.11
24.8	88.38	50.76	42.15
25.0	88.45	50.76	42.2
25.2	88.49	50.72	42.24
25.4	88.5	50.67	42.29
25.6	88.49	50.7	42.33
25.8	88.45	50.75	42.38
26.0	88.38	50.77	42.42
26.2	88.28	50.75	42.47
26.4	88.16	50.6	42.51
26.6	88.0	50.35	42.56
26.8	87.83	50.06	42.6
27.0	87.65	49.75	42.65
27.2	87.47	49.47	42.69
27.4	87.28	49.23	42.73
27.6	87.1	49.03	42.78
27.8	86.92	48.86	42.82
28.0	86.76	48.74	42.86
28.2	86.62	48.69	42.9
28.4	86.49	48.69	42.94
28.6	86.4	48.76	42.98
28.8	86.35	48.89	43.02
29.0	86.35	49.1	43.07
29.2	86.42	49.39	43.11
29.4	86.54	49.74	43.16
29.6	86.71	50.13	43.21
29.8	86.93	50.56	43.26
30.0	87.24	51.03	43.31
30.2	87.58	51.49	43.37
30.4	87.93	51.93	43.42
30.6	88.26	52.32	43.48
30.8	88.51	52.54	43.54
31.0	88.74	52.7	43.59
31.2	88.93	52.82	43.65
31.4	89.1	52.91	43.71
31.6	89.25	53.04	43.77
31.8	89.37	53.16	43.82
32.0	89.47	53.25	43.88
32.2	89.54	53.28	43.93
32.4	89.58	53.2	43.99
32.6	89.6	53.03	44.04
32.8	89.59	52.83	44.1
33.0	89.55	52.61	44.15
33.2	89.45	52.42	44.21
33.4	89.29	52.27	44.26
33.6	89.11	52.15	44.32
33.8	88.94	52.04	44.37
34.0	88.8	51.95	44.43
34.2	88.73	51.84	44.48
34.4	88.71	51.77	44.53
34.6	88.73	51.74	44.58
34.8	88.81	51.77	44.62
35.0	88.98	51.98	44.64
35.2	89.2	52.24	44.66
35.4	89.45	52.5	44.67
35.6	89.7	52.74	44.69
35.8	89.93	52.82	44.7
36.0	90.13	52.79	44.72
36.2	90.3	52.71	44.74
36.4	90.43	52.58	44.75
36.6	90.49	52.4	44.77
36.8	90.48	52.19	44.79
37.0	90.42	51.97	44.8
37.2	90.31	51.76	44.82
37.4	90.16	51.58	44.83
37.6	89.97	51.46	44.85
37.8	89.75	51.39	44.86
38.0	89.51	51.37	44.88
38.2	89.26	51.4	44.9
38.4	88.97	51.55	44.91
38.6	88.7	51.75	44.93
38.8	88.46	51.99	44.94
39.0	88.28	52.27	44.96
39.2	88.24	52.57	44.97
39.4	88.29	52.88	44.98
39.6	88.42	53.2	44.99
39.8	88.61	53.51	45.0
40.0	88.88	53.77	45.01
40.2	89.19	54.01	45.02
40.4	89.52	54.25	45.03
40.6	89.86	54.49	45.04
40.8	90.15	54.82	45.05
41.0	90.41	55.15	45.06
41.2	90.64	55.45	45.07
41.4	90.83	55.71	45.08
41.6	90.98	55.81	45.08
41.8	91.08	55.82	45.09
42.0	91.14	55.77	45.1
42.2	91.14	55.68	45.11
42.4	91.0	55.52	45.12
42.6	90.79	55.35	45.13
42.8	90.59	55.2	45.14
43.0	90.44	55.12	45.15
43.2	90.49	55.21	45.16
43.4	90.7	55.45	45.16
43.6	90.99	55.76	45.17
43.8	91.34	56.14	45.18
44.0	91.76	56.59	45.19
44.2	92.2	57.07	45.21
44.4	92.65	57.57	45.22
44.6	93.08	58.06	45.23
44.8	93.44	58.56	45.25
45.0	93.73	59.03	45.26
45.2	93.93	59.37	45.27
45.4	94.03	59.53	45.29
45.6	93.95	59.22	45.3
45.8	93.73	58.63	45.31
46.0	93.43	57.92	45.33
46.2	93.07	57.15	45.34
46.4	92.69	56.56	45.36
46.6	92.3	56.06	45.37
46.8	91.88	55.61	45.38
47.0	91.46	55.23	45.4
47.2	91.01	54.91	45.41
47.4	90.55	54.66	45.42
47.6	90.14	54.5	45.43
47.8	89.78	54.44	45.45
48.0	89.54	54.54	45.46
48.2	89.44	54.81	45.47
48.4	89.42	55.15	45.49
48.6	89.47	55.5	45.5
48.8	89.57	55.8	45.52
49.0	89.73	55.98	45.54
49.2	89.89	56.13	45.56
49.4	90.04	56.25	45.58
49.6	90.13	56.34	45.61
49.8	90.11	56.39	45.63
50.0	90.05	56.44	45.65
50.2	89.97	56.51	45.67
50.4	89.88	56.68	45.69
50.6	89.78	56.96	45.71
50.8	89.67	57.24	45.73
51.0	89.54	57.49	45.75
51.2	89.38	57.59	45.77
51.4	89.16	57.5	45.79
51.6	88.95	57.38	45.81
51.8	88.77	57.27	45.83
52.0	88.64	57.25	45.86
52.2	88.6	57.38	45.88
52.4	88.63	57.58	45.9
52.6	88.71	57.84	45.92
52.8	88.89	58.17	45.93
53.0	89.15	58.57	45.94
53.2	89.46	58.98	45.94
53.4	89.81	59.38	45.94
53.6	90.19	59.73	45.94
53.8	90.58	60.01	45.92
54.0	90.93	60.23	45.91
54.2	91.22	60.39	45.89
54.4	91.34	60.45	45.87
54.6	91.31	60.44	45.86
54.8	91.21	60.35	45.84
55.0	91.05	60.22	45.82
55.2	90.84	59.98	45.81
55.4	90.59	59.7	45.79
55.6	90.36	59.42	45.77
55.8	90.14	59.16	45.76
56.0	90.01	59.02	45.74
56.2	89.97	58.99	45.72
56.4	90.0	59.02	45.7
56.6	90.1	59.1	45.69
56.8	90.32	59.22	45.68
57.0	90.66	59.36	45.67
57.2	91.05	59.56	45.67
57.4	91.46	59.82	45.67
57.6	91.86	60.22	45.68
57.8	92.24	60.72	45.7
58.0	92.59	61.21	45.71
58.2	92.89	61.63	45.73
58.4	93.14	61.86	45.75
58.6	93.32	61.94	45.77
58.8	93.41	61.91	45.79
59.0	93.41	61.79	45.81
59.2	93.18	61.54	45.83
59.4	92.88	61.21	45.84
59.6	92.54	60.85	45.86
59.8	92.23	60.48	45.88
60.0	92.07	60.12	45.9
60.2	91.99	59.82	45.92
60.4	91.98	59.6	45.93
60.6	92.06	59.49	45.95
60.8	92.29	59.71	45.97
61.0	92.61	60.06	45.99
61.2	92.96	60.45	46.0
61.4	93.33	60.83	46.02
61.6	93.67	61.01	46.04
61.8	93.97	61.11	46.06
62.0	94.21	61.15	46.08
62.2	94.36	61.14	46.1
62.4	94.32	61.11	46.12
62.6	94.19	61.04	46.14
62.8	93.98	60.91	46.16
63.0	93.71	60.73	46.18
63.2	93.42	60.46	46.2
63.4	93.09	60.13	46.22
63.6	92.74	59.77	46.24
63.8	92.37	59.38	46.26
64.0	91.92	58.92	46.28
64.2	91.45	58.45	46.3
64.4	91.05	58.07	46.32
64.6	90.73	57.82	46.33
64.8	90.66	57.94	46.35
65.0	90.8	58.38	46.36
65.2	91.03	58.9	46.37
65.4	91.31	59.41	46.38
65.6	91.6	59.68	46.38
65.8	91.87	59.71	46.38
66.0	92.1	59.68	46.38
66.2	92.27	59.61	46.38
66.4	92.27	59.63	46.38
66.6	92.13	59.71	46.38
66.8	91.93	59.77	46.38
67.0	91.67	59.81	46.38
67.2	91.41	59.77	46.38
67.4	91.13	59.66	46.38
67.6	90.85	59.51	46.38
67.8	90.57	59.3	46.38
68.0	90.28	58.98	46.37
68.2	90.01	58.59	46.37
68.4	89.78	58.24	46.37
68.6	89.62	57.98	46.37
68.8	89.6	57.98	46.37
69.0	89.72	58.22	46.37
69.2	89.9	58.57	46.37
69.4	90.12	58.99	46.37
69.6	90.34	59.43	46.37
69.8	90.55	59.86	46.37
70.0	90.76	60.28	46.37
70.2	90.98	60.66	46.37
70.4	91.22	60.92	46.36
70.6	91.44	61.1	46.36
70.8	91.62	61.22	46.36
71.0	91.72	61.26	46.35
71.2	91.7	61.26	46.35
71.4	91.58	61.17	46.34
71.6	91.38	61.01	46.34
71.8	91.06	60.73	46.33
72.0	90.57	60.25	46.33
72.2	90.05	59.74	46.33
72.4	89.52	59.24	46.32
72.6	89.06	58.83	46.32
72.8	88.77	58.66	46.31
73.0	88.56	58.58	46.31
73.2	88.45	58.59	46.31
73.4	88.42	58.7	46.3
73.6	88.53	58.87	46.3
73.8	88.72	59.12	46.3
74.0	88.98	59.44	46.3
74.2	89.33	59.84	46.3
74.4	89.78	60.39	46.31
74.6	90.24	60.92	46.32
74.8	90.68	61.39	46.34
75.0	91.01	61.65	46.35
75.2	91.21	61.67	46.36
75.4	91.31	61.57	46.37
75.6	91.31	61.39	46.39
75.8	91.18	61.16	46.4
76.0	90.94	60.89	46.41
76.2	90.62	60.59	46.42
76.4	90.25	60.28	46.43
76.6	89.85	59.97	46.44
76.8	89.43	59.67	46.46
77.0	89.0	59.41	46.47
77.2	88.58	59.2	46.48
77.4	88.16	59.12	46.49
77.6	87.77	59.13	46.5
77.8	87.43	59.19	46.51
78.0	87.16	59.29	46.52
78.2	87.04	59.36	46.53
78.4	87.06	59.38	46.54
78.6	87.17	59.45	46.55
78.8	87.35	59.59	46.55
79.0	87.58	59.9	46.56
79.2	87.88	60.53	46.56
79.4	88.17	61.15	46.57
79.6	88.43	61.69	46.58
79.8	88.61	61.95	46.58
80.0	88.64	61.68	46.59
80.2	88.6	61.26	46.59
80.4	88.49	60.76	46.6
80.6	88.29	60.33	46.6
80.8	88.01	60.13	46.61
81.0	87.68	59.96	46.62
81.2	87.31	59.81	46.62
81.4	86.91	59.62	46.63
81.6	86.47	59.31	46.63
81.8	86.05	59.0	46.64
82.0	85.69	58.71	46.64
82.2	85.39	58.48	46.65
82.4	85.27	58.34	46.65
82.6	85.26	58.29	46.66
82.8	85.36	58.33	46.66
83.0	85.56	58.48	46.67
83.2	85.97	58.88	46.68
83.4	86.46	59.37	46.69
83.6	86.97	59.88	46.7
83.8	87.46	60.36	46.72
84.0	87.85	60.64	46.73
84.2	88.17	60.85	46.74
84.4	88.39	60.99	46.76
84.6	88.49	61.08	46.77
84.8	88.37	61.13	46.78
85.0	88.18	61.13	46.8
85.2	87.94	61.08	46.81
85.4	87.72	60.97	46.82
85.6	87.54	60.77	46.83
85.8	87.42	60.58	46.85
86.0	87.36	60.42	46.86
86.2	87.41	60.39	46.87
86.4	87.63	60.57	46.89
86.6	87.93	60.81	46.9
86.8	88.29	61.08	46.91
87.0	88.72	61.37	46.92
87.2	89.21	61.65	46.94
87.4	89.69	61.87	46.95
87.6	90.12	61.99	46.96
87.8	90.4	61.92	46.98
88.0	90.45	61.55	46.99
88.2	90.41	61.07	47.0
88.4	90.28	60.54	47.02
88.6	90.09	60.02	47.03
88.8	89.89	59.6	47.04
89.0	89.64	59.21	47.06
89.2	89.36	58.86	47.07
89.4	89.06	58.54	47.08
89.6	88.7	58.26	47.1
89.8	88.34	58.02	47.11
90.0	88.0	57.86	47.12
90.2	87.7	57.76	47.13
90.4	87.48	57.79	47.14
90.6	87.39	57.98	47.15
90.8	87.35	58.21	47.17
91.0	87.37	58.46	47.17
91.2	87.45	58.68	47.18
91.4	87.59	58.79	47.18
91.6	87.75	58.86	47.18
91.8	87.94	58.93	47.18
92.0	88.13	58.99	47.18
92.2	88.3	59.1	47.17
92.4	88.46	59.2	47.17
92.6	88.59	59.29	47.16
92.8	88.68	59.34	47.16
93.0	88.67	59.34	47.15
93.2	88.61	59.29	47.15
93.4	88.51	59.2	47.14
93.6	88.38	59.05	47.14
93.8	88.21	58.77	47.13
94.0	88.01	58.4	47.13
94.2	87.82	58.04	47.12
94.4	87.65	57.73	47.12
94.6	87.54	57.51	47.11
94.8	87.5	57.52	47.11
95.0	87.54	57.65	47.1
95.2	87.67	57.88	47.1
95.4	87.89	58.21	47.09
95.6	88.33	58.73	47.09
95.8	88.87	59.33	47.08
96.0	89.45	59.95	47.08
96.2	90.03	60.56	47.07
96.4	90.55	61.1	47.07
96.6	91.03	61.55	47.07
96.8	91.43	61.89	47.06
97.0	91.74	62.1	47.06
97.2	91.84	61.97	47.06
97.4	91.85	61.71	47.06
97.6	91.78	61.39	47.05
97.8	91.64	61.05	47.05
98.0	91.44	60.85	47.05
98.2	91.22	60.7	47.05
98.4	91.0	60.6	47.05
98.6	90.83	60.57	47.04
98.8	90.75	60.7	47.04
99.0	90.75	60.91	47.04
99.2	90.84	61.15	47.04
99.4	91.03	61.39	47.03
99.6	91.42	61.56	47.03
99.8	91.92	61.69	47.03
100.0	92.44	61.79	47.03
100.2	92.94	61.87	47.02
100.4	93.29	61.92	47.02
100.6	93.53	61.96	47.02
100.8	93.69	61.98	47.03
101.0	93.76	61.99	47.03
101.2	93.71	62.01	47.03
101.4	93.58	62.0	47.03
101.6	93.36	61.94	47.03
101.8	93.05	61.82	47.03
102.0	92.63	61.54	47.03
102.2	92.16	61.22	47.03
102.4	91.7	60.9	47.03
102.6	91.26	60.61	47.03
102.8	90.89	60.37	47.04
103.0	90.61	60.22	47.04
103.2	90.42	60.18	47.04
103.4	90.4	60.35	47.04
103.6	90.64	60.86	47.04
103.8	90.96	61.46	47.04
104.0	91.31	62.04	47.04
104.2	91.6	62.49	47.04
104.4	91.74	62.66	47.04
104.6	91.82	62.73	47.04
104.8	91.84	62.7	47.05
105.0	91.8	62.62	47.05
105.2	91.68	62.48	47.05
105.4	91.51	62.28	47.05
105.6	91.29	62.03	47.05
105.8	91.0	61.71	47.05
106.0	90.66	61.34	47.05
106.2	90.3	60.98	47.05
106.4	89.94	60.65	47.05
106.6	89.6	60.4	47.05
106.8	89.3	60.24	47.05
107.0	89.05	60.16	47.05
107.2	88.88	60.16	47.06
107.4	88.86	60.34	47.07
107.6	88.94	60.62	47.08
107.8	89.1	60.93	47.1
108.0	89.32	61.23	47.12
108.2	89.61	61.37	47.14
108.4	89.94	61.45	47.17
108.6	90.26	61.53	47.21
108.8	90.55	61.62	47.24
109.0	90.78	61.95	47.27
109.2	90.92	62.25	47.31
109.4	90.97	62.44	47.34
109.6	90.86	62.35	47.37
109.8	90.5	61.7	47.4
110.0	90.04	60.93	47.44
110.2	89.53	60.15	47.47
110.4	89.01	59.57	47.5
110.6	88.53	59.42	47.53
110.8	88.1	59.39	47.57
111.0	87.73	59.43	47.6
111.2	87.47	59.48	47.63
111.4	87.37	59.4	47.66
111.6	87.37	59.35	47.69
111.8	87.48	59.35	47.71
112.0	87.7	59.43	47.74
112.2	88.09	59.68	47.75
112.4	88.54	59.99	47.75
112.6	89.0	60.36	47.76
112.8	89.43	60.78	47.76
113.0	89.76	61.27	47.77
113.2	90.02	61.71	47.78
113.4	90.2	62.04	47.79
113.6	90.25	62.08	47.79
113.8	90.18	61.82	47.8
114.0	90.03	61.45	47.81
114.2	89.85	61.02	47.82
114.4	89.61	60.58	47.82
114.6	89.37	60.19	47.83
114.8	89.18	59.89	47.84
115.0	89.09	59.74	47.85
115.2	89.3	60.03	47.85
115.4	89.66	60.51	47.86
115.6	90.08	61.07	47.87
115.8	90.5	61.64	47.88
116.0	90.83	62.07	47.88
116.2	91.11	62.41	47.89
116.4	91.32	62.62	47.9
116.6	91.43	62.62	47.91
116.8	91.41	62.32	47.91
117.0	91.31	61.9	47.92
117.2	91.11	61.44	47.93
117.4	90.82	61.08	47.94
117.6	90.42	60.86	47.95
117.8	89.98	60.66	47.95
118.0	89.52	60.46	47.96
118.2	89.08	60.19	47.97
118.4	88.68	59.84	47.97
118.6	88.32	59.5	47.98
118.8	88.02	59.22	47.99
119.0	87.83	59.07	48.0
119.2	87.74	59.08	48.0
119.4	87.75	59.17	48.01
119.6	87.86	59.35	48.02
119.8	88.11	59.62	48.02
120.0	88.49	59.96	48.03
120.2	88.9	60.3	48.04
120.4	89.31	60.62	48.04
120.6	89.59	60.81	48.05
120.8	89.8	60.92	48.05
121.0	89.97	60.98	48.06
121.2	90.12	60.99	48.06
121.4	90.27	60.99	48.07
121.6	90.38	60.94	48.08
121.8	90.44	60.86	48.08
122.0	90.35	60.72	48.09
122.2	90.14	60.52	48.09
122.4	89.91	60.31	48.1
122.6	89.71	60.12	48.11
122.8	89.63	59.93	48.11
123.0	89.66	59.79	48.12
123.2	89.78	59.77	48.12
123.4	90.0	59.91	48.13
123.6	90.41	60.52	48.14
123.8	90.91	61.24	48.14
124.0	91.46	61.96	48.15
124.2	92.06	62.49	48.16
124.4	92.67	62.67	48.17
124.6	93.26	62.77	48.18
124.8	93.79	62.81	48.18
125.0	94.22	62.99	48.19
125.2	94.52	63.21	48.2
125.4	94.71	63.35	48.21
125.6	94.75	63.32	48.22
125.8	94.54	62.89	48.23
126.0	94.22	62.36	48.24
126.2	93.82	61.79	48.25
126.4	93.37	61.36	48.26
126.6	92.89	61.14	48.27
126.8	92.44	61.0	48.27
127.0	92.07	60.92	48.28
127.2	91.87	60.87	48.29
127.4	91.89	60.85	48.3
127.6	92.03	60.89	48.31
127.8	92.25	61.0	48.32
128.0	92.56	61.24	48.32
128.2	92.93	61.6	48.33
128.4	93.31	61.99	48.33
128.6	93.67	62.36	48.34
128.8	93.94	62.67	48.34
129.0	94.11	62.88	48.34
129.2	94.19	62.96	48.35
129.4	94.15	62.88	48.35
129.6	93.89	62.38	48.36
129.8	93.51	61.69	48.36
130.0	93.04	60.94	48.37
130.2	92.54	60.22	48.37
130.4	92.0	59.78	48.38
130.6	91.49	59.46	48.38
130.8	91.02	59.27	48.39
131.0	90.64	59.23	48.39
131.2	90.47	59.47	48.39
131.4	90.41	59.8	48.4
131.6	90.44	60.18	48.4
131.8	90.55	60.53	48.41
132.0	90.77	60.72	48.41
132.2	91.03	60.88	48.42
132.4	91.28	61.01	48.42
132.6	91.48	61.13	48.43
132.8	91.59	61.27	48.43
133.0	91.65	61.38	48.43
133.2	91.65	61.46	48.44
133.4	91.58	61.5	48.44
133.6	91.45	61.5	48.45
133.8	91.24	61.45	48.45
134.0	90.94	61.32	48.46
134.2	90.42	61.0	48.46
134.4	89.86	60.64	48.47
134.6	89.32	60.3	48.47
134.8	88.86	60.06	48.48
135.0	88.63	60.03	48.48
135.2	88.5	60.1	48.48
135.4	88.46	60.26	48.49
135.6	88.5	60.49	48.49
135.8	88.59	60.78	48.5
136.0	88.8	61.14	48.51
136.2	89.12	61.57	48.52
136.4	89.67	62.08	48.53
136.6	90.37	62.65	48.54
136.8	91.12	63.24	48.55
137.0	91.86	63.83	48.56
137.2	92.47	64.43	48.57
137.4	93.01	64.96	48.59
137.6	93.48	65.37	48.6
137.8	93.85	65.5	48.61
138.0	94.13	65.4	48.62
138.2	94.32	65.2	48.64
138.4	94.43	64.98	48.65
138.6	94.43	64.85	48.66
138.8	94.38	64.74	48.67
139.0	94.31	64.68	48.69
139.2	94.29	64.72	48.7
139.4	94.33	64.86	48.71
139.6	94.37	65.02	48.72
139.8	94.39	65.15	48.74
140.0	94.34	65.16	48.75
140.2	94.23	65.07	48.76
140.4	94.07	64.91	48.77
140.6	93.87	64.68	48.78
140.8	93.62	64.33	48.79
141.0	93.33	63.92	48.81
141.2	93.01	63.51	48.82
141.4	92.66	63.15	48.83
141.6	92.26	62.97	48.84
141.8	91.86	62.9	48.84
142.0	91.5	62.88	48.85
142.2	91.23	62.89	48.85
142.4	91.11	62.88	48.85
142.6	91.09	62.91	48.85
142.8	91.13	63.0	48.84
143.0	91.27	63.27	48.84
143.2	91.48	63.65	48.83
143.4	91.65	63.96	48.82
143.6	91.72	64.1	48.82
143.8	91.56	63.81	48.81
144.0	91.29	63.35	48.8
144.2	90.92	62.77	48.8
144.4	90.48	62.13	48.79
144.6	89.98	61.46	48.79
144.8	89.43	60.81	48.78
145.0	88.85	60.21	48.77
145.2	88.25	59.78	48.77
145.4	87.65	59.44	48.76
145.6	87.07	59.18	48.76
145.8	86.53	59.0	48.75
146.0	86.05	58.93	48.74
146.2	85.64	58.91	48.74
146.4	85.33	58.93	48.73
146.6	85.15	58.96	48.73
146.8	85.2	58.9	48.72
147.0	85.35	58.87	48.71
147.2	85.57	58.91	48.71
147.4	85.85	59.08	48.7
147.6	86.15	59.54	48.7
147.8	86.45	60.05	48.69
148.0	86.72	60.55	48.69
148.2	86.89	60.9	48.69
148.4	86.89	60.98	48.68
148.6	86.85	60.98	48.68
148.8	86.81	60.91	48.68
149.0	86.85	60.86	48.68
149.2	87.03	60.85	48.67
149.4	87.21	60.83	48.67
149.6	87.37	60.79	48.67
149.8	87.46	60.73	48.67
150.0	87.39	60.62	48.67
150.2	87.28	60.5	48.66
150.4	87.14	60.37	48.66
150.6	86.97	60.23	48.66
150.8	86.77	60.0	48.65
151.0	86.59	59.81	48.65
151.2	86.47	59.68	48.65
151.4	86.43	59.66	48.65
151.6	86.62	59.96	48.65
151.8	86.94	60.43	48.66
152.0	87.34	60.96	48.67
152.2	87.78	61.48	48.69
152.4	88.24	61.87	48.7
152.6	88.7	62.13	48.72
152.8	89.13	62.32	48.73
153.0	89.52	62.44	48.75
153.2	89.81	62.48	48.76
153.4	90.02	62.46	48.78
153.6	90.16	62.39	48.79
153.8	90.23	62.27	48.81
154.0	90.25	62.14	48.83
154.2	90.21	61.98	48.84
154.4	90.12	61.77	48.86
154.6	89.97	61.5	48.88
154.8	89.74	61.06	48.89
155.0	89.47	60.56	48.91
155.2	89.18	60.07	48.92
155.4	88.88	59.61	48.94
155.6	88.58	59.28	48.95
155.8	88.3	59.09	48.97
156.0	88.06	59.01	48.98
156.2	87.89	59.04	49.0
156.4	87.84	59.27	49.01
156.6	87.96	59.75	49.02
156.8	88.16	60.3	49.02
157.0	88.43	60.84	49.03
157.2	88.77	61.3	49.03
157.4	89.17	61.48	49.02
157.6	89.59	61.61	49.02
157.8	89.97	61.69	49.01
158.0	90.28	61.8	49.0
158.2	90.46	62.0	48.98
158.4	90.56	62.17	48.97
158.6	90.58	62.27	48.96
158.8	90.51	62.2	48.94
159.0	90.36	61.95	48.93
159.2	90.16	61.65	48.92
159.4	89.91	61.32	48.91
159.6	89.62	61.05	48.89
159.8	89.31	60.85	48.88
160.0	89.02	60.69	48.87
160.2	88.76	60.57	48.85
160.4	88.6	60.47	48.84
160.6	88.56	60.39	48.82
160.8	88.59	60.38	48.81
161.0	88.68	60.46	48.8
161.2	88.86	60.72	48.79
161.4	89.13	61.23	48.79
161.6	89.41	61.77	48.79
161.8	89.67	62.27	48.8
162.0	89.83	62.61	48.81
162.2	89.87	62.7	48.83
162.4	89.82	62.67	48.85
162.6	89.67	62.53	48.87
162.8	89.41	62.24	48.89
163.0	89.02	61.84	48.91
163.2	88.55	61.37	48.93
163.4	88.02	60.84	48.95
163.6	87.42	60.3	48.97
163.8	86.76	59.75	48.98
164.0	86.09	59.24	49.0
164.2	85.45	58.79	49.02
164.4	84.87	58.43	49.04
164.6	84.43	58.27	49.06
164.8	84.08	58.21	49.07
165.0	83.83	58.27	49.09
165.2	83.7	58.43	49.11
165.4	83.74	58.75	49.12
165.6	83.91	59.16	49.13
165.8	84.16	59.61	49.13
166.0	84.47	60.07	49.14
166.2	84.81	60.46	49.14
166.4	85.15	60.78	49.14
166.6	85.5	61.06	49.14
166.8	85.84	61.31	49.13
167.0	86.15	61.56	49.13
167.2	86.42	61.75	49.12
167.4	86.64	61.88	49.12
167.6	86.8	61.91	49.11
167.8	86.81	61.67	49.11
168.0	86.76	61.38	49.1
168.2	86.69	61.08	49.1
168.4	86.61	60.86	49.09
168.6	86.57	60.93	49.09
168.8	86.56	61.1	49.08
169.0	86.62	61.36	49.08
169.2	86.76	61.69	49.07
169.4	87.07	62.09	49.07
169.6	87.45	62.53	49.07
169.8	87.9	62.98	49.06
170.0	88.42	63.43	49.06
170.2	89.02	63.85	49.05
170.4	89.6	64.22	49.05
170.6	90.14	64.53	49.04
170.8	90.52	64.71	49.04
171.0	90.73	64.75	49.03
171.2	90.87	64.73	49.03
171.4	90.94	64.63	49.02
171.6	91.01	64.47	49.02
171.8	91.05	64.27	49.01
172.0	91.02	64.07	49.01
172.2	90.94	63.9	49.0
172.4	90.7	63.92	49.0
172.6	90.42	63.98	49.0
172.8	90.14	64.02	48.99
173.0	89.88	64.02	48.99
173.2	89.73	63.71	48.98
173.4	89.65	63.4	48.98
173.6	89.65	63.12	48.97
173.8	89.73	62.95	48.97
174.0	89.98	63.15	48.96
174.2	90.29	63.46	48.96
174.4	90.64	63.85	48.96
174.6	91.02	64.32	48.97
174.8	91.4	64.85	48.98
175.0	91.75	65.31	49.0
175.2	92.05	65.61	49.02
175.4	92.2	65.5	49.04
175.6	92.21	65.01	49.06
175.8	92.16	64.4	49.07
176.0	92.05	63.76	49.09
176.2	91.97	63.38	49.11
176.4	91.86	63.09	49.13
176.6	91.68	62.84	49.15
176.8	91.41	62.6	49.16
177.0	90.79	62.25	49.18
177.2	90.15	61.94	49.2
177.4	89.57	61.69	49.22
177.6	89.14	61.55	49.23
177.8	89.29	61.73	49.25
178.0	89.68	62.03	49.27
178.2	90.19	62.39	49.28
178.4	90.78	62.76	49.3
178.6	91.34	63.05	49.32
178.8	91.84	63.25	49.33
179.0	92.3	63.39	49.35
179.2	92.67	63.44	49.37
179.4	92.85	63.32	49.4
179.6	92.9	63.09	49.42
179.8	92.87	62.81	49.44
180.0	92.8	62.53	49.46
180.2	92.73	62.28	49.48
180.4	92.64	62.06	49.5
180.6	92.54	61.92	49.52
180.8	92.44	61.86	49.54
181.0	92.31	62.01	49.57
181.2	92.21	62.25	49.59
181.4	92.16	62.55	49.61
181.6	92.19	62.9	49.63
181.8	92.43	63.27	49.65
182.0	92.75	63.65	49.67
182.2	93.14	64.02	49.68
182.4	93.57	64.36	49.7
182.6	94.08	64.62	49.72
182.8	94.58	64.83	49.74
183.0	95.01	64.96	49.76
183.2	95.33	65.03	49.79
183.4	95.36	65.0	49.81
183.6	95.27	64.89	49.83
183.8	95.09	64.7	49.85
184.0	94.84	64.42	49.87
184.2	94.59	64.02	49.9
184.4	94.28	63.57	49.92
184.6	93.9	63.07	49.94
184.8	93.43	62.56	49.96
185.0	92.76	62.06	49.98
185.2	92.05	61.57	50.0
185.4	91.35	61.12	50.02
185.6	90.69	60.72	50.04
185.8	90.21	60.43	50.06
186.0	89.87	60.23	50.08
186.2	89.62	60.11	50.1
186.4	89.48	60.09	50.12
186.6	89.45	60.19	50.13
186.8	89.52	60.42	50.15
187.0	89.7	60.73	50.15
187.2	89.96	61.1	50.16
187.4	90.33	61.51	50.16
187.6	90.82	61.93	50.16
187.8	91.34	62.37	50.16
188.0	91.88	62.82	50.15
188.2	92.39	63.33	50.15
188.4	92.85	63.88	50.14
188.6	93.25	64.33	50.14
188.8	93.56	64.62	50.13
189.0	93.71	64.46	50.13
189.2	93.75	64.06	50.12
189.4	93.69	63.57	50.11
189.6	93.52	63.1	50.11
189.8	93.19	62.88	50.1
190.0	92.82	62.73	50.1
190.2	92.46	62.62	50.09
190.4	92.19	62.55	50.09
190.6	92.11	62.47	50.08
190.8	92.12	62.45	50.08
191.0	92.22	62.49	50.07
191.2	92.45	62.66	50.07
191.4	92.79	62.97	50.06
191.6	93.16	63.32	50.06
191.8	93.52	63.66	50.05
192.0	93.8	63.96	50.05
192.2	93.99	64.19	50.04
192.4	94.11	64.33	50.04
192.6	94.14	64.34	50.03
192.8	94.02	64.02	50.03
193.0	93.83	63.62	50.02
193.2	93.6	63.21	50.02
193.4	93.37	62.96	50.01
193.6	93.18	63.0	50.01
193.8	92.97	63.07	50.0
194.0	92.7	63.1	50.0
194.2	92.26	62.84	49.99
194.4	91.7	62.35	49.99
194.6	91.13	61.86	49.98
194.8	90.63	61.46	49.98
195.0	90.31	61.42	49.97
195.2	90.14	61.64	49.97
195.4	90.11	62.02	49.96
195.6	90.2	62.54	49.96
195.8	90.46	63.25	49.95
196.0	90.84	64.01	49.95
196.2	91.32	64.76	49.94
196.4	91.9	65.39	49.93
196.6	92.6	65.77	49.92
196.8	93.3	66.05	49.9
197.0	93.96	66.25	49.87
197.2	94.44	66.41	49.85
197.4	94.77	66.53	49.81
197.6	95.01	66.6	49.78
197.8	95.19	66.61	49.75
198.0	95.32	66.57	49.72
198.2	95.4	66.49	49.68
198.4	95.4	66.39	49.65
198.6	95.3	66.26	49.62
198.8	95.11	66.12	49.59
199.0	94.89	66.0	49.56
199.2	94.63	65.92	49.53
199.4	94.42	66.09	49.49
199.6	94.21	66.27	49.46
199.8	93.97	66.4	49.43
200.0	93.7	66.34	49.4
200.2	93.3	65.79	49.36
200.4	92.93	65.21	49.33
200.6	92.64	64.74	49.3
200.8	92.52	64.68	49.28
201.0	92.62	65.11	49.27
201.2	92.84	65.7	49.28
201.4	93.15	66.35	49.29
201.6	93.62	66.92	49.31
201.8	94.11	67.4	49.35
202.0	94.56	67.74	49.39
202.2	94.82	67.81	49.42
202.4	94.85	67.54	49.46
202.6	94.73	67.13	49.5
202.8	94.47	66.65	49.53
203.0	94.08	66.26	49.57
203.2	93.57	65.87	49.61
203.4	92.99	65.46	49.65
203.6	92.35	65.03	49.68
203.8	91.66	64.54	49.72
204.0	90.97	64.06	49.75
204.2	90.3	63.6	49.79
204.4	89.71	63.18	49.82
204.6	89.24	62.81	49.86
204.8	88.86	62.55	49.89
205.0	88.61	62.46	49.92
205.2	88.55	62.7	49.96
205.4	88.71	63.34	49.99
205.6	88.96	64.06	50.02
205.8	89.28	64.76	50.06
206.0	89.6	65.15	50.09
206.2	89.9	65.25	50.13
206.4	90.19	65.29	50.16
206.6	90.48	65.33	50.2
206.8	90.75	65.65	50.23
207.0	90.99	66.0	50.27
207.2	91.2	66.3	50.3
207.4	91.38	66.44	50.34
207.6	91.54	66.21	50.38
207.8	91.65	65.87	50.41
208.0	91.68	65.5	50.45
208.2	91.6	65.19	50.48
208.4	91.37	65.04	50.52
208.6	91.07	64.92	50.55
208.8	90.75	64.83	50.59
209.0	90.43	64.71	50.62
209.2	90.13	64.54	50.66
209.4	89.88	64.41	50.69
209.6	89.69	64.35	50.72
209.8	89.59	64.4	50.76
210.0	89.61	64.62	50.79
210.2	89.73	64.91	50.82
210.4	89.97	65.25	50.85
210.6	90.42	65.62	50.86
210.8	91.04	66.02	50.87
211.0	91.67	66.41	50.86
211.2	92.25	66.76	50.86
211.4	92.6	67.12	50.85
211.6	92.78	67.39	50.83
211.8	92.82	67.51	50.82
212.0	92.71	67.36	50.8
212.2	92.39	66.66	50.79
212.4	91.97	65.82	50.77
212.6	91.47	64.95	50.76
212.8	90.92	64.29	50.74
213.0	90.35	64.02	50.73
213.2	89.81	63.88	50.72
213.4	89.32	63.85	50.7
213.6	88.94	63.86	50.69
213.8	88.75	63.81	50.67
214.0	88.69	63.84	50.66
214.2	88.73	63.96	50.64
214.4	88.89	64.23	50.63
214.6	89.24	64.84	50.62
214.8	89.65	65.49	50.6
215.0	90.08	66.07	50.59
215.2	90.47	66.41	50.57
215.4	90.78	66.3	50.56
215.6	91.03	66.08	50.54
215.8	91.19	65.82	50.53
216.0	91.22	65.75	50.52
216.2	91.14	65.83	50.5
216.4	90.97	65.91	50.49
216.6	90.73	65.95	50.47
216.8	90.39	65.71	50.46
217.0	90.0	65.33	50.45
217.2	89.61	64.94	50.43
217.4	89.24	64.58	50.42
217.6	88.95	64.4	50.4
217.8	88.78	64.41	50.39
218.0	88.7	64.52	50.37
218.2	88.73	64.71	50.36
218.4	88.93	64.98	50.35
218.6	89.38	65.37	50.33
218.8	89.91	65.78	50.32
219.0	90.5	66.18	50.3
219.2	91.1	66.54	50.29
219.4	91.66	66.79	50.27
219.6	92.16	66.97	50.25
219.8	92.54	67.08	50.23
220.0	92.71	67.09	50.21
220.2	92.62	66.99	50.19
220.4	92.4	66.83	50.16
220.6	92.08	66.63	50.14
220.8	91.71	66.41	50.11
221.0	91.31	66.17	50.09
221.2	90.9	65.93	50.06
221.4	90.49	65.71	50.04
221.6	90.13	65.49	50.01
221.8	89.84	65.26	49.99
222.0	89.62	65.09	49.97
222.2	89.48	65.02	49.94
222.4	89.44	65.06	49.92
222.6	89.62	65.48	49.89
222.8	89.91	66.07	49.86
223.0	90.27	66.67	49.83
223.2	90.66	67.22	49.81
223.4	91.07	67.5	49.81
223.6	91.45	67.55	49.82
223.8	91.77	67.5	49.83
224.0	92.0	67.35	49.85
224.2	92.02	67.15	49.87
224.4	91.87	66.91	49.89
224.6	91.62	66.63	49.91
224.8	91.28	66.32	49.93
225.0	90.84	66.01	49.95
225.2	90.35	65.7	49.97
225.4	89.82	65.37	49.99
225.6	89.27	65.02	50.01
225.8	88.73	64.56	50.03
226.0	88.22	64.01	50.05
226.2	87.75	63.52	50.06
226.4	87.37	63.16	50.08
226.6	87.09	63.01	50.1
226.8	87.02	63.42	50.12
227.0	87.06	63.98	50.13
227.2	87.2	64.61	50.14
227.4	87.44	65.24	50.15
227.6	87.87	65.67	50.15
227.8	88.34	66.0	50.14
228.0	88.78	66.22	50.13
228.2	89.15	66.3	50.11
228.4	89.23	66.1	50.08
228.6	89.2	65.78	50.05
228.8	89.06	65.37	50.02
229.0	88.8	64.91	49.98
229.2	88.4	64.45	49.95
229.4	87.93	64.0	49.92
229.6	87.44	63.58	49.88
229.8	86.94	63.22	49.85
230.0	86.48	63.05	49.82
230.2	86.09	62.97	49.78
230.4	85.79	62.98	49.75
230.6	85.61	63.08	49.72
230.8	85.63	63.3	49.69
231.0	85.85	63.6	49.65
231.2	86.21	63.98	49.62
231.4	86.72	64.4	49.59
231.6	87.45	64.86	49.56
231.8	88.36	65.33	49.53
232.0	89.29	65.83	49.5
232.2	90.2	66.34	49.48
232.4	90.93	66.95	49.47
232.6	91.48	67.58	49.47
232.8	91.86	68.1	49.48
233.0	92.05	68.44	49.49
233.2	91.83	68.17	49.49
233.4	91.43	67.67	49.5
233.6	90.94	67.09	49.5
233.8	90.41	66.51	49.51
234.0	90.04	66.32	49.51
234.2	89.73	66.24	49.51
234.4	89.51	66.25	49.52
234.6	89.42	66.36	49.52
234.8	89.63	66.58	49.52
235.0	90.0	66.88	49.53
235.2	90.44	67.2	49.53
235.4	90.91	67.52	49.53
235.6	91.3	67.77	49.54
235.8	91.63	67.95	49.54
236.0	91.89	68.07	49.54
236.2	92.08	68.13	49.55
236.4	92.16	68.04	49.55
236.6	92.14	67.86	49.56
236.8	92.02	67.63	49.56
237.0	91.82	67.39	49.56
237.2	91.42	67.21	49.57
237.4	90.93	67.05	49.57
237.6	90.44	66.9	49.57
237.8	90.0	66.74	49.58
238.0	89.75	66.42	49.58
238.2	89.66	66.08	49.58
238.4	89.69	65.82	49.59
238.6	89.84	65.73	49.59
238.8	90.17	66.18	49.6
239.0	90.63	66.91	49.61
239.2	91.17	67.7	49.62
239.4	91.76	68.44	49.63
239.6	92.4	68.78	49.64
239.8	93.02	68.92	49.65
240.0	93.59	68.92	49.67
240.2	94.06	68.8	49.68
240.4	94.31	68.61	49.7
240.6	94.41	68.33	49.71
240.8	94.35	67.95	49.73
241.0	94.09	67.45	49.75
241.2	93.58	66.81	49.76
241.4	92.95	66.14	49.78
241.6	92.25	65.48	49.79
241.8	91.55	64.91	49.81
242.0	90.91	64.51	49.82
242.2	90.32	64.22	49.84
242.4	89.82	64.03	49.85
242.6	89.43	63.96	49.87
242.8	89.27	64.13	49.88
243.0	89.27	64.43	49.89
243.2	89.4	64.78	49.91
243.4	89.64	65.15	49.92
243.6	90.04	65.43	49.92
243.8	90.58	65.57	49.92
244.0	91.15	65.72	49.92
244.2	91.72	65.89	49.92
244.4	92.2	66.16	49.91
244.6	92.54	66.57	49.91
244.8	92.81	66.97	49.9
245.0	93.01	67.32	49.89
245.2	93.14	67.5	49.88
245.4	93.19	67.53	49.88
245.6	93.16	67.47	49.87
245.8	93.06	67.32	49.86
246.0	92.8	67.03	49.85
246.2	92.45	66.68	49.85
246.4	92.1	66.34	49.84
246.6	91.79	66.07	49.83
246.8	91.65	66.05	49.82
247.0	91.68	66.26	49.81
247.2	91.81	66.55	49.81
247.4	92.04	66.9	49.8
247.6	92.44	67.25	49.8
247.8	92.99	67.58	49.8
248.0	93.55	67.86	49.8
248.2	94.06	68.08	49.81
248.4	94.36	68.14	49.82
248.6	94.43	68.03	49.84
248.8	94.37	67.83	49.86
249.0	94.19	67.56	49.88
249.2	93.88	67.22	49.9
249.4	93.46	66.84	49.92
249.6	92.97	66.43	49.94
249.8	92.41	66.03	49.96
250.0	91.78	65.66	49.98
250.2	91.08	65.35	50.0
250.4	90.41	65.1	50.02
250.6	89.81	64.91	50.04
250.8	89.32	64.82	50.05
251.0	89.13	64.9	50.07
251.2	89.1	65.07	50.09
251.4	89.18	65.31	50.11
251.6	89.38	65.6	50.12
251.8	89.74	65.95	50.14
252.0	90.19	66.31	50.16
252.2	90.65	66.65	50.18
252.4	91.07	66.9	50.2
252.6	91.34	66.95	50.22
252.8	91.48	66.87	50.24
253.0	91.53	66.7	50.26
253.2	91.47	66.48	50.28
253.4	91.24	66.21	50.3
253.6	90.91	65.92	50.32
253.8	90.53	65.64	50.34
254.0	90.14	65.39	50.36
254.2	89.77	65.21	50.37
254.4	89.45	65.1	50.39
254.6	89.21	65.08	50.41
254.8	89.08	65.17	50.43
255.0	89.18	65.48	50.45
255.2	89.5	65.98	50.46
255.4	89.91	66.53	50.48
255.6	90.39	67.09	50.5
255.8	90.89	67.55	50.5
256.0	91.39	67.89	50.5
256.2	91.84	68.17	50.5
256.4	92.23	68.37	50.5
256.6	92.44	68.49	50.49
256.8	92.5	68.54	50.48
257.0	92.46	68.5	50.47
257.2	92.31	68.38	50.45
257.4	92.02	68.11	50.44
257.6	91.62	67.77	50.43
257.8	91.17	67.39	50.42
258.0	90.68	66.99	50.41
258.2	90.15	66.59	50.39
258.4	89.62	66.21	50.38
258.6	89.14	65.91	50.37
258.8	88.76	65.71	50.36
259.0	88.55	65.71	50.35
259.2	88.64	66.05	50.34
259.4	88.85	66.48	50.32
259.6	89.15	66.95	50.31
259.8	89.51	67.39	50.3
260.0	89.92	67.59	50.3
260.2	90.32	67.72	50.29
260.4	90.69	67.8	50.29
260.6	90.99	67.81	50.29
260.8	91.06	67.79	50.29
261.0	91.04	67.73	50.3
261.2	90.95	67.61	50.3
261.4	90.8	67.45	50.31
261.6	90.61	67.16	50.31
261.8	90.4	66.86	50.31
262.0	90.16	66.57	50.32
262.2	89.93	66.32	50.32
262.4	89.65	66.24	50.33
262.6	89.4	66.26	50.33
262.8	89.23	66.34	50.33
263.0	89.17	66.47	50.34
263.2	89.35	66.61	50.34
263.4	89.78	66.75	50.34
263.6	90.33	66.96	50.35
263.8	90.98	67.28	50.35
264.0	91.68	67.76	50.35
264.2	92.43	68.54	50.36
264.4	93.16	69.37	50.36
264.6	93.85	70.15	50.37
264.8	94.45	70.77	50.37
265.0	94.89	71.11	50.38
265.2	95.22	71.31	50.38
265.4	95.42	71.37	50.38
265.6	95.39	71.27	50.39
265.8	95.17	71.03	50.39
266.0	94.89	70.74	50.4
266.2	94.61	70.43	50.4
266.4	94.45	70.21	50.41
266.6	94.44	70.07	50.41
266.8	94.51	70.0	50.41
267.0	94.7	70.01	50.42
267.2	95.05	70.14	50.42
267.4	95.6	70.42	50.42
267.6	96.21	70.75	50.43
267.8	96.83	71.13	50.43
268.0	97.4	71.56	50.43
268.2	97.88	72.04	50.43
268.4	98.27	72.42	50.43
268.6	98.52	72.66	50.42
268.8	98.58	72.5	50.42
269.0	98.43	71.98	50.41
269.2	98.13	71.31	50.41
269.4	97.68	70.56	50.4
269.6	97.02	69.87	50.4
269.8	96.22	69.25	50.39
270.0	95.38	68.68	50.38
270.2	94.57	68.19	50.38
270.4	93.93	67.81	50.37
270.6	93.51	67.58	50.37
270.8	93.2	67.44	50.36
271.0	93.03	67.42	50.36
271.2	93.04	67.55	50.35
271.4	93.29	67.93	50.34
271.6	93.6	68.31	50.34
271.8	93.91	68.61	50.34
272.0	94.12	68.68	50.34
272.2	94.1	68.26	50.34
272.4	94.0	67.74	50.35
272.6	93.84	67.19	50.36
272.8	93.64	66.82	50.37
273.0	93.42	66.75	50.38
273.2	93.15	66.72	50.38
273.4	92.81	66.67	50.39
273.6	92.33	66.42	50.4
273.8	91.67	65.86	50.4
274.0	91.02	65.28	50.41
274.2	90.41	64.78	50.42
274.4	89.96	64.51	50.42
274.6	89.76	64.66	50.43
274.8	89.71	64.93	50.44
275.0	89.79	65.29	50.44
275.2	90.05	65.66	50.45
275.4	90.52	65.93	50.46
275.6	91.06	66.21	50.47
275.8	91.62	66.5	50.47
276.0	92.11	66.81	50.48
276.2	92.5	67.13	50.49
276.4	92.82	67.45	50.49
276.6	93.09	67.74	50.5
276.8	93.3	68.03	50.51
277.0	93.44	68.27	50.52
277.2	93.48	68.42	50.52
277.4	93.4	68.43	50.53
277.6	93.05	68.05	50.54
277.8	92.58	67.53	50.55
278.0	92.07	66.99	50.55
278.2	91.54	66.48	50.56
278.4	91.06	66.31	50.57
278.6	90.66	66.26	50.57
278.8	90.37	66.33	50.58
279.0	90.23	66.51	50.59
279.2	90.44	66.87	50.59
279.4	90.84	67.32	50.6
279.6	91.36	67.79	50.61
279.8	91.96	68.27	50.61
280.0	92.65	68.67	50.61
280.2	93.33	69.0	50.61
280.4	93.95	69.24	50.61
280.6	94.44	69.38	50.61
280.8	94.63	69.33	50.61
281.0	94.65	69.16	50.61
281.2	94.5	68.86	50.61
281.4	94.16	68.42	50.61
281.6	93.59	67.77	50.61
281.8	92.91	67.06	50.61
282.0	92.17	66.35	50.61
282.2	91.43	65.72	50.61
282.4	90.76	65.36	50.61
282.6	90.15	65.09	50.6
282.8	89.64	64.92	50.6
283.0	89.25	64.82	50.6
283.2	89.16	64.77	50.6
283.4	89.25	64.78	50.6
283.6	89.43	64.86	50.6
283.8	89.68	65.02	50.6
284.0	89.95	65.33	50.6
284.2	90.22	65.74	50.6
284.4	90.44	66.13	50.6
284.6	90.6	66.44	50.6
284.8	90.57	66.45	50.6
285.0	90.41	66.27	50.6
285.2	90.17	65.99	50.6
285.4	89.87	65.65	50.6
285.6	89.54	65.3	50.6
285.8	89.19	64.95	50.6
286.0	88.81	64.61	50.6
286.2	88.44	64.31	50.6
286.4	88.03	64.05	50.6
286.6	87.65	63.87	50.59
286.8	87.32	63.79	50.59
287.0	87.07	63.84	50.59
287.2	86.97	64.11	50.59
287.4	87.04	64.61	50.59
287.6	87.23	65.23	50.59
287.8	87.53	65.9	50.59
