0.2	97.3	67.47	41.36
0.4	97.57	67.16	41.36
0.6	97.72	66.81	41.36
0.8	97.73	66.45	41.36
1.0	97.63	66.07	41.36
1.2	97.41	65.68	41.36
1.4	97.08	65.29	41.36
1.6	96.65	64.91	41.36
1.8	96.12	64.54	41.36
2.0	95.47	64.21	41.36
2.2	94.73	63.91	41.37
2.4	93.95	63.64	41.39
2.6	93.14	63.4	41.4
2.8	92.3	63.19	41.42
3.0	91.44	63.01	41.45
3.2	90.66	62.88	41.48
3.4	90.04	62.82	41.51
3.6	89.66	62.85	41.54
3.8	89.75	63.04	41.57
4.0	90.06	63.31	41.6
4.2	90.56	63.65	41.62
4.4	91.22	64.03	41.65
4.6	92.08	64.59	41.68
4.8	93.0	65.1	41.71
5.0	93.91	65.51	41.74
5.2	94.71	65.68	41.77
5.4	95.2	65.37	41.8
5.6	95.59	64.89	41.83
5.8	95.9	64.31	41.86
6.0	96.17	63.71	41.89
6.2	96.44	63.17	41.93
6.4	96.67	62.68	41.96
6.6	96.84	62.26	41.99
6.8	96.95	62.03	42.02
7.0	97.01	62.08	42.05
7.2	96.98	62.2	42.08
7.4	96.86	62.35	42.11
7.6	96.62	62.46	42.14
7.8	96.14	62.35	42.17
8.0	95.58	62.19	42.2
8.2	94.97	62.01	42.23
8.4	94.34	61.83	42.26
8.6	93.74	61.65	42.29
8.8	93.18	61.51	42.32
9.0	92.69	61.43	42.34
9.2	92.3	61.42	42.38
9.4	92.08	61.57	42.41
9.6	92.04	61.87	42.45
9.8	92.12	62.26	42.49
10.0	92.31	62.72	42.53
10.2	92.63	63.29	42.57
10.4	93.07	63.98	42.62
10.6	93.58	64.64	42.67
10.8	94.15	65.21	42.73
11.0	94.77	65.53	42.78
11.2	95.41	65.5	42.83
11.4	96.04	65.35	42.89
11.6	96.62	65.11	42.94
11.8	97.1	64.92	43.0
12.0	97.44	64.83	43.05
12.2	97.68	64.7	43.1
12.4	97.85	64.5	43.16
12.6	97.91	64.13	43.21
12.8	97.88	63.52	43.26
13.0	97.77	62.88	43.32
13.2	97.61	62.27	43.37
13.4	97.39	61.81	43.42
13.6	97.12	61.74	43.47
13.8	96.83	61.78	43.53
14.0	96.53	61.88	43.58
14.2	96.24	62.0	43.63
14.4	96.1	61.97	43.68
14.6	95.98	61.9	43.74
14.8	95.84	61.8	43.79
15.0	95.66	61.7	43.84
15.2	95.27	61.53	43.89
15.4	94.7	61.32	43.94
15.6	94.12	61.17	43.99
15.8	93.6	61.12	44.04
16.0	93.21	61.26	44.09
16.2	93.11	61.75	44.13
16.4	93.14	62.36	44.18
16.6	93.29	63.05	44.22
16.8	93.57	63.77	44.25
17.0	93.99	64.41	44.27
17.2	94.49	65.05	44.28
17.4	95.05	65.66	44.29
17.6	95.66	66.26	44.3
17.8	96.31	66.88	44.31
18.0	96.93	67.42	44.32
18.2	97.49	67.86	44.34
18.4	97.91	68.12	44.35
18.6	98.07	68.09	44.36
18.8	98.11	67.9	44.37
19.0	98.05	67.56	44.39
19.2	97.93	67.08	44.4
19.4	97.83	66.33	44.41
19.6	97.68	65.53	44.42
19.8	97.47	64.75	44.44
20.0	97.21	64.04	44.45
20.2	96.88	63.75	44.46
20.4	96.49	63.77	44.47
20.6	96.04	63.87	44.48
20.8	95.53	63.99	44.5
21.0	94.98	64.07	44.51
21.2	94.24	63.63	44.52
21.4	93.5	63.17	44.53
21.6	92.81	62.77	44.54
21.8	92.21	62.49	44.55
22.0	91.82	62.63	44.56
22.2	91.63	63.14	44.58
22.4	91.63	63.79	44.59
22.6	91.8	64.52	44.6
22.8	92.23	65.23	44.62
23.0	92.95	65.85	44.63
23.2	93.79	66.43	44.65
23.4	94.72	66.96	44.66
23.6	95.66	67.45	44.68
23.8	96.56	67.9	44.7
24.0	97.4	68.21	44.71
24.2	98.12	68.33	44.73
24.4	98.62	68.05	44.74
24.6	98.83	67.27	44.76
24.8	98.9	66.38	44.78
25.0	98.87	65.47	44.79
25.2	98.78	64.77	44.81
25.4	98.68	64.59	44.82
25.6	98.55	64.52	44.84
25.8	98.4	64.53	44.86
26.0	98.24	64.55	44.87
26.2	98.23	64.34	44.89
26.4	98.2	64.09	44.9
26.6	98.12	63.84	44.92
26.8	97.96	63.62	44.93
27.0	97.56	63.49	44.95
27.2	96.96	63.45	44.96
27.4	96.28	63.44	44.98
27.6	95.57	63.44	44.99
27.8	94.85	63.42	45.01
28.0	94.13	63.25	45.02
28.2	93.5	63.12	45.04
28.4	93.02	63.07	45.05
28.6	92.72	63.15	45.06
28.8	92.9	63.59	45.06
29.0	93.34	64.21	45.07
29.2	93.92	64.92	45.07
29.4	94.61	65.7	45.07
29.6	95.31	66.56	45.07
29.8	96.01	67.39	45.07
30.0	96.7	68.11	45.07
30.2	97.36	68.65	45.07
30.4	97.88	68.7	45.08
30.6	98.32	68.46	45.08
30.8	98.67	68.02	45.08
31.0	98.94	67.41	45.08
31.2	99.11	66.65	45.08
31.4	99.2	65.81	45.08
31.6	99.2	64.93	45.09
31.8	99.12	64.08	45.09
32.0	98.99	63.41	45.09
32.2	98.8	62.9	45.09
32.4	98.51	62.46	45.09
32.6	98.12	62.09	45.09
32.8	97.59	61.78	45.1
33.0	96.77	61.51	45.1
33.2	95.88	61.28	45.1
33.4	94.96	61.09	45.1
33.6	94.06	60.93	45.1
33.8	93.25	60.72	45.1
34.0	92.57	60.51	45.1
34.2	92.0	60.35	45.11
34.4	91.57	60.28	45.11
34.6	91.3	60.32	45.11
34.8	91.28	60.6	45.12
35.0	91.43	61.01	45.12
35.2	91.76	61.53	45.13
35.4	92.27	62.17	45.14
35.6	93.07	62.98	45.14
35.8	94.04	63.88	45.15
36.0	95.08	64.8	45.16
36.2	96.11	65.69	45.16
36.4	97.02	66.45	45.17
36.6	97.81	67.08	45.18
36.8	98.48	67.57	45.18
37.0	99.02	67.89	45.19
37.2	99.34	67.9	45.2
37.4	99.48	67.71	45.2
37.6	99.49	67.37	45.21
37.8	99.39	66.92	45.22
38.0	99.16	66.41	45.23
38.2	98.84	65.86	45.23
38.4	98.47	65.29	45.24
38.6	98.06	64.71	45.25
38.8	97.69	64.17	45.25
39.0	97.43	63.7	45.26
39.2	97.15	63.28	45.27
39.4	96.83	62.93	45.27
39.6	96.46	62.66	45.28
39.8	95.84	62.48	45.29
40.0	95.13	62.41	45.29
40.2	94.41	62.43	45.3
40.4	93.73	62.54	45.31
40.6	93.16	62.8	45.31
40.8	92.8	63.28	45.32
41.0	92.56	63.79	45.33
41.2	92.43	64.31	45.34
41.4	92.43	64.77	45.35
41.6	92.59	64.87	45.36
41.8	92.88	64.87	45.37
42.0	93.25	64.88	45.38
42.2	93.7	64.96	45.4
42.4	94.23	65.43	45.41
42.6	94.8	66.08	45.42
42.8	95.37	66.74	45.44
43.0	95.92	67.35	45.45
43.2	96.36	67.66	45.46
43.4	96.72	67.77	45.48
43.6	97.02	67.79	45.49
43.8	97.27	67.72	45.5
44.0	97.45	67.65	45.52
44.2	97.58	67.55	45.53
44.4	97.66	67.41	45.54
44.6	97.71	67.23	45.55
44.8	97.78	67.0	45.57
45.0	97.88	66.69	45.58
45.2	97.93	66.38	45.59
45.4	97.91	66.1	45.61
45.6	97.76	65.88	45.62
45.8	97.3	65.83	45.63
46.0	96.75	65.85	45.65
46.2	96.14	65.93	45.66
46.4	95.51	66.06	45.67
46.6	94.86	66.25	45.69
46.8	94.24	66.47	45.7
47.0	93.75	66.69	45.71
47.2	93.43	66.9	45.72
47.4	93.47	67.02	45.73
47.6	93.99	66.99	45.74
47.8	94.68	66.97	45.74
48.0	95.48	67.0	45.74
48.2	96.29	67.18	45.74
48.4	96.99	67.68	45.74
48.6	97.66	68.22	45.73
48.8	98.29	68.74	45.73
49.0	98.86	69.14	45.73
49.2	99.34	69.33	45.72
49.4	99.74	69.39	45.72
49.6	100.04	69.3	45.71
49.8	100.2	69.03	45.71
50.0	100.21	68.55	45.71
50.2	100.14	67.98	45.7
50.4	100.03	67.35	45.7
50.6	99.98	66.72	45.69
50.8	100.02	66.13	45.69
51.0	100.01	65.58	45.69
51.2	99.91	65.07	45.68
51.4	99.62	64.68	45.68
51.6	99.03	64.48	45.67
51.8	98.32	64.33	45.67
52.0	97.52	64.21	45.67
52.2	96.68	64.09	45.66
52.4	95.8	63.72	45.66
52.6	94.96	63.34	45.65
52.8	94.18	63.01	45.65
53.0	93.52	62.79	45.65
53.2	93.08	62.78	45.64
53.4	92.87	63.01	45.64
53.6	92.85	63.42	45.64
53.8	93.01	64.05	45.63
54.0	93.43	65.05	45.63
54.2	94.1	66.48	45.62
54.4	94.9	67.92	45.61
54.6	95.76	69.25	45.6
54.8	96.61	70.05	45.59
55.0	97.4	70.29	45.58
55.2	98.14	70.32	45.56
55.4	98.82	70.21	45.55
55.6	99.36	70.2	45.53
55.8	99.78	70.22	45.52
56.0	100.1	70.17	45.5
56.2	100.31	70.03	45.49
56.4	100.39	69.63	45.48
56.6	100.37	69.12	45.46
56.8	100.27	68.56	45.45
57.0	100.12	67.98	45.44
57.2	99.95	67.46	45.42
57.4	99.75	67.0	45.41
57.6	99.54	66.63	45.39
57.8	99.32	66.39	45.38
58.0	99.11	66.48	45.37
58.2	98.93	66.77	45.35
58.4	98.77	67.14	45.34
58.6	98.66	67.54	45.33
58.8	98.7	67.83	45.31
59.0	98.9	67.97	45.3
59.2	99.04	68.07	45.28
59.4	99.06	68.13	45.27
59.6	98.72	68.14	45.26
59.8	97.85	68.09	45.24
60.0	96.87	68.05	45.23
60.2	95.87	68.02	45.21
60.4	95.08	68.07	45.2
60.6	94.6	68.21	45.19
60.8	94.26	68.4	45.17
61.0	94.04	68.62	45.16
61.2	93.93	68.87	45.15
61.4	93.88	69.12	45.14
61.6	93.96	69.41	45.13
61.8	94.2	69.74	45.12
62.0	94.72	70.17	45.13
62.2	95.54	70.7	45.13
62.4	96.42	71.21	45.14
62.6	97.28	71.65	45.16
62.8	97.88	71.85	45.17
63.0	98.26	71.87	45.18
63.2	98.55	71.77	45.19
63.4	98.76	71.57	45.2
63.6	99.01	71.29	45.21
63.8	99.22	70.94	45.22
64.0	99.35	70.58	45.23
64.2	99.4	70.22	45.24
64.4	99.3	69.98	45.25
64.6	99.07	69.8	45.26
64.8	98.75	69.65	45.27
65.0	98.35	69.51	45.28
65.2	97.86	69.38	45.29
65.4	97.3	69.25	45.3
65.6	96.69	69.11	45.31
65.8	96.06	68.94	45.32
66.0	95.43	68.73	45.33
66.2	94.7	68.28	45.34
66.4	94.03	67.81	45.35
66.6	93.47	67.41	45.36
66.8	93.08	67.11	45.37
67.0	93.02	67.1	45.38
67.2	93.37	67.43	45.38
67.4	93.9	67.92	45.39
67.6	94.58	68.53	45.4
67.8	95.36	69.22	45.41
68.0	96.21	69.99	45.41
68.2	97.09	70.78	45.42
68.4	97.94	71.55	45.43
68.6	98.71	72.27	45.44
68.8	99.27	72.9	45.44
69.0	99.73	73.4	45.45
69.2	100.08	73.7	45.46
69.4	100.32	73.72	45.47
69.6	100.4	73.16	45.48
69.8	100.4	72.41	45.48
70.0	100.34	71.57	45.49
70.2	100.25	70.7	45.5
70.4	100.4	70.23	45.51
70.6	100.49	69.81	45.52
70.8	100.43	69.44	45.52
71.0	100.17	69.08	45.53
71.2	99.2	68.69	45.54
71.4	97.77	68.26	45.55
71.6	96.26	67.8	45.55
71.8	94.8	67.32	45.56
72.0	93.6	66.79	45.57
72.2	93.24	66.02	45.58
72.4	93.16	65.28	45.59
72.6	93.31	64.64	45.59
72.8	93.66	64.17	45.6
73.0	94.18	64.1	45.6
73.2	94.83	64.39	45.6
73.4	95.55	64.86	45.6
73.6	96.28	65.44	45.6
73.8	96.93	66.13	45.6
74.0	97.45	66.89	45.6
74.2	97.91	67.6	45.59
74.4	98.33	68.22	45.59
74.6	98.75	68.54	45.58
74.8	99.16	68.51	45.58
75.0	99.5	68.35	45.58
75.2	99.73	68.11	45.57
75.4	99.76	67.92	45.57
75.6	99.51	67.87	45.56
75.8	99.17	67.82	45.56
76.0	98.78	67.73	45.56
76.2	98.41	67.57	45.55
76.4	98.27	67.19	45.55
76.6	98.15	66.77	45.54
76.8	98.01	66.36	45.54
77.0	97.84	65.98	45.54
77.2	97.5	65.73	45.53
77.4	97.03	65.62	45.53
77.6	96.52	65.61	45.53
77.8	96.03	65.7	45.52
78.0	95.58	65.9	45.52
78.2	95.16	66.23	45.51
78.4	94.85	66.68	45.51
78.6	94.73	67.23	45.51
78.8	94.83	67.89	45.5
79.0	95.48	68.75	45.5
79.2	96.5	69.73	45.5
79.4	97.64	70.71	45.5
79.6	98.81	71.65	45.5
79.8	99.77	72.44	45.5
80.0	100.53	73.06	45.51
80.2	101.18	73.53	45.51
80.4	101.7	73.8	45.51
80.6	102.04	73.75	45.51
80.8	102.22	73.45	45.52
81.0	102.31	72.99	45.52
81.2	102.3	72.4	45.52
81.4	102.28	71.78	45.52
81.6	102.24	71.13	45.53
81.8	102.11	70.43	45.53
82.0	101.88	69.71	45.53
82.2	101.51	68.99	45.54
82.4	100.94	68.29	45.54
82.6	100.3	67.6	45.54
82.8	99.61	66.93	45.54
83.0	98.9	66.29	45.55
83.2	98.18	65.63	45.55
83.4	97.51	65.03	45.55
83.6	96.91	64.51	45.55
83.8	96.43	64.11	45.55
84.0	96.17	63.91	45.56
84.2	96.16	63.92	45.57
84.4	96.29	64.06	45.58
84.6	96.52	64.3	45.59
84.8	96.85	64.66	45.6
85.0	97.29	65.18	45.61
85.2	97.75	65.71	45.62
85.4	98.18	66.2	45.64
85.6	98.54	66.56	45.65
85.8	98.67	66.54	45.67
86.0	98.72	66.44	45.68
86.2	98.72	66.3	45.7
86.4	98.71	66.18	45.71
86.6	98.78	66.3	45.72
86.8	98.84	66.47	45.74
87.0	98.86	66.65	45.75
87.2	98.83	66.83	45.77
87.4	98.7	66.97	45.78
87.6	98.48	67.07	45.79
87.8	98.2	67.11	45.81
88.0	97.84	67.08	45.82
88.2	97.39	66.89	45.84
88.4	96.79	66.43	45.85
88.6	96.17	65.95	45.86
88.8	95.58	65.53	45.88
89.0	95.05	65.23	45.89
89.2	94.65	65.37	45.9
89.4	94.41	65.79	45.91
89.6	94.33	66.33	45.92
89.8	94.44	66.94	45.93
90.0	94.86	67.52	45.93
90.2	95.68	67.97	45.93
90.4	96.65	68.45	45.92
90.6	97.72	69.0	45.92
90.8	98.79	69.72	45.91
91.0	99.79	70.73	45.89
91.2	100.74	71.73	45.87
91.4	101.62	72.63	45.85
91.6	102.41	73.23	45.83
91.8	103.07	73.37	45.82
92.0	103.6	73.3	45.8
92.2	103.97	73.04	45.78
92.4	104.14	72.64	45.76
92.6	104.05	72.1	45.75
92.8	103.8	71.49	45.73
93.0	103.43	70.85	45.71
93.2	102.93	70.21	45.69
93.4	102.28	69.65	45.68
93.6	101.61	69.15	45.66
93.8	100.99	68.73	45.64
94.0	100.48	68.4	45.62
94.2	100.38	68.27	45.61
94.4	100.41	68.25	45.59
94.6	100.57	68.32	45.57
94.8	100.8	68.47	45.55
95.0	101.09	68.71	45.54
95.2	101.41	69.0	45.52
95.4	101.75	69.32	45.51
95.6	102.09	69.64	45.5
95.8	102.39	69.99	45.49
96.0	102.66	70.29	45.48
96.2	102.88	70.52	45.47
96.4	103.06	70.64	45.46
96.6	103.16	70.44	45.45
96.8	103.2	70.13	45.44
97.0	103.18	69.73	45.43
97.2	103.09	69.3	45.42
97.4	102.88	68.96	45.41
97.6	102.61	68.63	45.41
97.8	102.29	68.29	45.4
98.0	101.92	67.92	45.39
98.2	101.56	67.48	45.38
98.4	101.19	67.0	45.37
98.6	100.77	66.54	45.36
98.8	100.31	66.1	45.35
99.0	99.75	65.73	45.34
99.2	99.07	65.46	45.33
99.4	98.36	65.26	45.32
99.6	97.65	65.13	45.31
99.8	96.97	65.08	45.3
100.0	96.33	65.14	45.29
100.2	95.76	65.28	45.28
100.4	95.29	65.5	45.27
100.6	94.94	65.78	45.26
100.8	94.77	66.11	45.26
101.0	94.82	66.46	45.26
101.2	95.02	66.88	45.27
101.4	95.38	67.4	45.28
101.6	95.89	68.02	45.29
101.8	96.55	68.89	45.31
102.0	97.34	69.84	45.32
102.2	98.25	70.82	45.34
102.4	99.26	71.81	45.36
102.6	100.51	72.75	45.38
102.8	101.78	73.63	45.4
103.0	102.99	74.39	45.42
103.2	104.07	75.02	45.44
103.4	104.74	75.45	45.46
103.6	105.23	75.69	45.48
103.8	105.55	75.71	45.5
104.0	105.7	75.49	45.52
104.2	105.71	74.72	45.54
104.4	105.58	73.76	45.56
104.6	105.31	72.72	45.58
104.8	104.92	71.69	45.6
105.0	104.36	71.05	45.62
105.2	103.7	70.61	45.63
105.4	102.98	70.25	45.65
105.6	102.24	69.92	45.67
105.8	101.52	69.51	45.69
106.0	100.84	68.92	45.71
106.2	100.26	68.37	45.73
106.4	99.81	67.93	45.75
106.6	99.53	67.63	45.76
106.8	99.7	67.76	45.77
107.0	100.05	68.07	45.77
107.2	100.53	68.52	45.77
107.4	101.08	69.05	45.76
107.6	101.58	69.66	45.73
107.8	102.06	70.28	45.69
108.0	102.55	70.86	45.64
108.2	103.03	71.34	45.59
108.4	103.56	71.54	45.54
108.6	104.05	71.57	45.5
108.8	104.44	71.47	45.45
109.0	104.68	71.25	45.41
109.2	104.57	70.88	45.36
109.4	104.26	70.42	45.32
109.6	103.79	69.87	45.27
109.8	103.21	69.27	45.23
110.0	102.53	68.61	45.18
110.2	101.78	67.93	45.14
110.4	100.99	67.27	45.09
110.6	100.19	66.67	45.05
110.8	99.42	66.19	45.0
111.0	98.73	65.92	44.95
111.2	98.1	65.79	44.9
111.4	97.55	65.79	44.85
111.6	97.09	65.93	44.82
111.8	96.73	66.27	44.8
112.0	96.5	66.81	44.79
112.2	96.39	67.44	44.8
112.4	96.43	68.13	44.82
112.6	96.65	68.83	44.85
112.8	97.19	69.48	44.89
113.0	97.87	70.09	44.94
113.2	98.63	70.65	44.99
113.4	99.44	71.13	45.05
113.6	100.22	71.44	45.1
113.8	100.98	71.64	45.15
114.0	101.67	71.76	45.2
114.2	102.29	71.82	45.25
114.4	102.72	71.86	45.3
114.6	102.97	71.89	45.35
114.8	103.11	71.88	45.4
115.0	103.17	71.81	45.44
115.2	103.15	71.66	45.49
115.4	103.13	71.38	45.54
115.6	103.04	71.06	45.59
115.8	102.87	70.71	45.64
116.0	102.62	70.34	45.69
116.2	102.22	70.04	45.74
116.4	101.73	69.77	45.79
116.6	101.19	69.51	45.84
116.8	100.63	69.26	45.89
117.0	100.07	68.97	45.94
117.2	99.5	68.59	45.99
117.4	99.0	68.29	46.04
117.6	98.6	68.09	46.09
117.8	98.33	68.06	46.12
118.0	98.37	68.5	46.14
118.2	98.58	69.14	46.15
118.4	98.91	69.86	46.15
118.6	99.35	70.6	46.14
118.8	99.87	71.13	46.13
119.0	100.44	71.53	46.12
119.2	101.01	71.89	46.1
119.4	101.55	72.23	46.08
119.6	101.97	72.68	46.06
119.8	102.28	73.17	46.04
120.0	102.48	73.56	46.02
120.2	102.57	73.8	46.0
120.4	102.46	73.56	45.98
120.6	102.16	72.92	45.96
120.8	101.82	72.19	45.94
121.0	101.47	71.49	45.92
121.2	101.23	71.03	45.9
121.4	101.31	71.24	45.88
121.6	101.43	71.61	45.87
121.8	101.55	72.04	45.85
122.0	101.62	72.46	45.83
122.2	101.4	72.62	45.81
122.4	101.04	72.62	45.79
122.6	100.68	72.56	45.77
122.8	100.37	72.45	45.75
123.0	100.17	72.23	45.73
123.2	100.12	71.98	45.71
123.4	100.28	71.82	45.69
123.6	100.72	71.83	45.67
123.8	101.77	72.34	45.65
124.0	103.31	73.24	45.63
124.2	104.96	74.22	45.6
124.4	106.55	75.16	45.59
124.6	107.7	75.81	45.61
124.8	108.52	76.21	45.64
125.0	109.11	76.4	45.67
125.2	109.47	76.35	45.71
125.4	109.57	75.95	45.75
125.6	109.47	75.34	45.78
125.8	109.18	74.58	45.82
126.0	108.73	73.72	45.86
126.2	108.12	72.83	45.89
126.4	107.4	71.89	45.93
126.6	106.59	70.9	45.96
126.8	105.71	69.88	46.0
127.0	104.82	68.81	46.03
127.2	103.91	67.77	46.07
127.4	102.98	66.78	46.1
127.6	102.05	65.88	46.13
127.8	101.13	65.16	46.16
128.0	100.24	64.71	46.2
128.2	99.38	64.38	46.23
128.4	98.56	64.18	46.26
128.6	97.79	64.09	46.29
128.8	97.05	64.07	46.31
129.0	96.31	64.05	46.34
129.2	95.68	64.14	46.36
129.4	95.21	64.37	46.37
129.6	94.92	64.75	46.39
129.8	94.94	65.36	46.39
130.0	95.3	66.23	46.39
130.2	95.87	67.23	46.38
130.4	96.62	68.34	46.37
130.6	97.56	69.55	46.36
130.8	98.76	70.99	46.34
131.0	100.02	72.35	46.32
131.2	101.23	73.53	46.29
131.4	102.27	74.31	46.27
131.6	102.95	74.34	46.25
131.8	103.46	74.12	46.23
132.0	103.82	73.74	46.21
132.2	104.04	73.39	46.19
132.4	104.12	73.27	46.17
132.6	104.1	73.17	46.15
132.8	104.0	73.09	46.13
133.0	103.83	73.04	46.11
133.2	103.68	73.06	46.09
133.4	103.5	73.09	46.07
133.6	103.29	73.08	46.05
133.8	103.05	73.02	46.03
134.0	102.76	72.79	46.0
134.2	102.33	72.19	45.98
134.4	101.94	71.59	45.96
134.6	101.65	71.08	45.94
134.8	101.51	70.75	45.92
135.0	101.77	71.04	45.91
135.2	102.34	71.75	45.9
135.4	103.02	72.55	45.89
135.6	103.77	73.33	45.89
135.8	104.51	73.88	45.89
136.0	105.19	74.07	45.9
136.2	105.81	74.08	45.92
136.4	106.33	73.91	45.94
136.6	106.66	73.5	45.95
136.8	106.77	72.85	45.97
137.0	106.75	72.06	45.99
137.2	106.61	71.15	46.0
137.4	106.37	70.14	46.02
137.6	106.05	69.07	46.03
137.8	105.65	67.99	46.05
138.0	105.17	66.94	46.06
138.2	104.62	65.97	46.08
138.4	103.98	65.27	46.09
138.6	103.27	64.79	46.11
138.8	102.53	64.43	46.12
139.0	101.78	64.15	46.13
139.2	101.05	63.95	46.15
139.4	100.28	63.66	46.16
139.6	99.55	63.37	46.17
139.8	98.94	63.19	46.18
140.0	98.49	63.17	46.19
140.2	98.26	63.34	46.2
140.4	98.63	64.02	46.2
140.6	99.2	64.87	46.2
140.8	99.87	65.82	46.2
141.0	100.59	66.83	46.19
141.2	101.14	67.81	46.19
141.4	101.59	68.74	46.18
141.6	102.01	69.57	46.17
141.8	102.4	70.29	46.16
142.0	102.78	70.75	46.14
142.2	103.16	70.98	46.13
142.4	103.52	71.05	46.12
142.6	103.84	70.96	46.11
142.8	104.15	70.67	46.1
143.0	104.45	70.17	46.09
143.2	104.69	69.62	46.08
143.4	104.83	69.07	46.07
143.6	104.84	68.58	46.06
143.8	104.46	68.46	46.05
144.0	103.97	68.46	46.04
144.2	103.44	68.56	46.03
144.4	102.92	68.73	46.02
144.6	102.54	68.96	46.01
144.8	102.33	69.23	46.0
145.0	102.22	69.53	45.99
145.2	102.23	69.84	45.98
145.4	102.36	70.15	45.97
145.6	102.66	70.4	45.98
145.8	103.07	70.66	45.98
146.0	103.56	70.94	45.99
146.2	104.14	71.28	46.01
146.4	104.86	71.84	46.02
146.6	105.57	72.37	46.03
146.8	106.23	72.81	46.05
147.0	106.74	73.07	46.06
147.2	106.85	72.9	46.08
147.4	106.85	72.55	46.09
147.6	106.76	72.09	46.1
147.8	106.64	71.55	46.12
148.0	106.72	71.08	46.13
148.2	106.78	70.58	46.15
148.4	106.8	70.05	46.16
148.6	106.74	69.48	46.17
148.8	106.48	68.81	46.19
149.0	106.06	68.1	46.2
149.2	105.57	67.42	46.22
149.4	105.01	66.8	46.23
149.6	104.39	66.3	46.24
149.8	103.65	66.03	46.26
150.0	102.95	65.91	46.27
150.2	102.33	65.95	46.28
150.4	101.85	66.15	46.29
150.6	101.69	66.58	46.3
150.8	101.86	67.24	46.31
151.0	102.21	68.01	46.32
151.2	102.74	68.87	46.32
151.4	103.47	69.79	46.32
151.6	104.45	70.77	46.3
151.8	105.44	71.68	46.28
152.0	106.37	72.47	46.26
152.2	107.02	73.0	46.23
152.4	107.25	73.17	46.2
152.6	107.31	73.14	46.16
152.8	107.28	72.92	46.13
153.0	107.26	72.5	46.09
153.2	107.33	71.88	46.06
153.4	107.34	71.16	46.02
153.6	107.29	70.39	45.99
153.8	107.12	69.62	45.95
154.0	106.68	68.96	45.92
154.2	106.14	68.36	45.88
154.4	105.55	67.84	45.85
154.6	104.93	67.44	45.82
154.8	104.31	67.24	45.78
155.0	103.73	67.27	45.74
155.2	103.22	67.42	45.7
155.4	102.81	67.66	45.67
155.6	102.53	67.96	45.64
155.8	102.63	68.26	45.63
156.0	102.96	68.58	45.62
156.2	103.37	68.9	45.63
156.4	103.81	69.21	45.64
156.6	104.17	69.51	45.67
156.8	104.36	69.77	45.7
157.0	104.49	70.0	45.73
157.2	104.56	70.17	45.77
157.4	104.55	70.27	45.81
157.6	104.44	70.23	45.84
157.8	104.27	70.14	45.88
158.0	104.06	70.0	45.91
158.2	103.82	69.85	45.95
158.4	103.61	69.73	45.98
158.6	103.4	69.62	46.02
158.8	103.18	69.53	46.05
159.0	102.92	69.46	46.09
159.2	102.63	69.43	46.12
159.4	102.28	69.49	46.16
159.6	101.9	69.56	46.19
159.8	101.48	69.65	46.22
160.0	101.03	69.72	46.26
160.2	100.49	69.71	46.29
160.4	99.86	69.59	46.32
160.6	99.26	69.49	46.36
160.8	98.74	69.42	46.39
161.0	98.34	69.41	46.42
161.2	98.24	69.57	46.44
161.4	98.36	69.85	46.46
161.6	98.64	70.24	46.48
161.8	99.04	70.71	46.5
162.0	99.58	71.3	46.52
162.2	100.25	72.01	46.53
162.4	100.97	72.79	46.55
162.6	101.72	73.6	46.56
162.8	102.44	74.46	46.58
163.0	103.07	75.38	46.59
163.2	103.63	76.23	46.61
163.4	104.14	76.93	46.63
163.6	104.56	77.4	46.64
163.8	104.83	77.32	46.66
164.0	105.02	77.01	46.68
164.2	105.15	76.52	46.69
164.4	105.22	75.91	46.71
164.6	105.32	75.25	46.72
164.8	105.39	74.55	46.74
165.0	105.4	73.83	46.76
165.2	105.34	73.12	46.77
165.4	105.15	72.49	46.79
165.6	104.78	71.99	46.8
165.8	104.36	71.55	46.82
166.0	103.89	71.17	46.83
166.2	103.42	70.85	46.85
166.4	102.95	70.58	46.87
166.6	102.52	70.36	46.88
166.8	102.17	70.2	46.9
167.0	101.92	70.12	46.91
167.2	101.83	70.12	46.92
167.4	102.03	70.18	46.93
167.6	102.36	70.33	46.94
167.8	102.81	70.61	46.94
168.0	103.35	71.01	46.93
168.2	104.02	71.77	46.91
168.4	104.74	72.62	46.88
168.6	105.45	73.46	46.85
168.8	106.12	74.22	46.81
169.0	106.65	74.66	46.77
169.2	107.08	74.92	46.73
169.4	107.41	75.02	46.69
169.6	107.63	74.96	46.66
169.8	107.66	74.63	46.62
170.0	107.57	74.16	46.58
170.2	107.39	73.61	46.54
170.4	107.16	73.01	46.5
170.6	106.92	72.48	46.47
170.8	106.68	72.0	46.43
171.0	106.42	71.57	46.39
171.2	106.13	71.18	46.35
171.4	105.82	70.87	46.31
171.6	105.4	70.65	46.28
171.8	105.0	70.51	46.24
172.0	104.66	70.46	46.2
172.2	104.43	70.49	46.16
172.4	104.48	70.64	46.12
172.6	104.75	70.9	46.08
172.8	105.12	71.23	46.05
173.0	105.56	71.62	46.02
173.2	106.04	72.06	46.0
173.4	106.53	72.55	46.0
173.6	107.0	73.04	46.01
173.8	107.4	73.5	46.02
174.0	107.7	73.89	46.03
174.2	107.81	74.16	46.03
174.4	107.82	74.36	46.04
174.6	107.72	74.46	46.05
174.8	107.53	74.46	46.05
175.0	107.19	74.33	46.06
175.2	106.78	74.09	46.06
175.4	106.34	73.76	46.07
175.6	105.88	73.34	46.08
175.8	105.44	72.66	46.08
176.0	105.03	71.83	46.09
176.2	104.69	71.1	46.09
176.4	104.44	70.57	46.1
176.6	104.34	70.5	46.1
176.8	104.51	71.34	46.11
177.0	104.75	72.37	46.11
177.2	105.03	73.47	46.12
177.4	105.29	74.48	46.13
177.6	105.38	74.87	46.13
177.8	105.43	75.08	46.14
178.0	105.43	75.12	46.14
178.2	105.4	75.01	46.15
178.4	105.4	74.73	46.16
178.6	105.36	74.34	46.16
178.8	105.25	73.88	46.17
179.0	105.06	73.4	46.17
179.2	104.68	72.95	46.18
179.4	104.15	72.55	46.19
179.6	103.57	72.19	46.19
179.8	102.96	71.9	46.2
180.0	102.34	71.72	46.2
180.2	101.72	71.68	46.21
180.4	101.18	71.74	46.21
180.6	100.73	71.88	46.22
180.8	100.41	72.09	46.23
181.0	100.41	72.36	46.23
181.2	100.63	72.68	46.24
181.4	100.97	73.07	46.24
181.6	101.43	73.53	46.25
181.8	101.97	74.06	46.25
182.0	102.58	74.69	46.26
182.2	103.22	75.34	46.27
182.4	103.87	76.0	46.27
182.6	104.48	76.65	46.28
182.8	105.02	77.26	46.29
183.0	105.49	77.8	46.29
183.2	105.89	78.22	46.3
183.4	106.2	78.46	46.31
183.6	106.38	78.38	46.31
183.8	106.44	78.16	46.32
184.0	106.39	77.82	46.33
184.2	106.21	77.39	46.33
184.4	105.82	76.86	46.34
184.6	105.31	76.31	46.35
184.8	104.71	75.77	46.35
185.0	104.03	75.29	46.36
185.2	103.22	75.0	46.37
185.4	102.35	74.86	46.37
185.6	101.53	74.79	46.38
185.8	100.79	74.78	46.39
186.0	100.29	74.79	46.4
186.2	100.09	74.82	46.41
186.4	100.02	74.89	46.42
186.6	100.07	74.98	46.43
186.8	100.2	75.1	46.44
187.0	100.28	75.27	46.45
187.2	100.46	75.45	46.46
187.4	100.74	75.64	46.48
187.6	101.16	75.83	46.49
187.8	101.89	75.88	46.5
188.0	102.74	75.96	46.52
188.2	103.63	76.11	46.53
188.4	104.52	76.42	46.54
188.6	105.33	77.29	46.56
188.8	106.05	78.17	46.57
189.0	106.61	78.89	46.59
189.2	106.91	79.16	46.6
189.4	106.8	78.51	46.62
189.6	106.5	77.58	46.63
189.8	106.09	76.47	46.65
190.0	105.65	75.37	46.66
190.2	105.29	74.55	46.67
190.4	104.92	73.79	46.69
190.6	104.57	73.14	46.7
190.8	104.24	72.6	46.71
191.0	103.93	72.28	46.73
191.2	103.66	72.11	46.74
191.4	103.46	72.07	46.75
191.6	103.32	72.13	46.77
191.8	103.38	72.37	46.78
192.0	103.61	72.76	46.79
192.2	103.86	73.15	46.81
192.4	104.07	73.45	46.82
192.6	104.13	73.54	46.83
192.8	103.92	73.24	46.85
193.0	103.59	72.77	46.86
193.2	103.17	72.17	46.88
193.4	102.67	71.45	46.89
193.6	102.1	70.57	46.91
193.8	101.48	69.67	46.92
194.0	100.84	68.79	46.94
194.2	100.21	67.99	46.95
194.4	99.64	67.46	46.96
194.6	99.14	67.21	46.98
194.8	98.67	67.09	46.99
195.0	98.21	67.07	47.0
195.2	97.75	67.15	47.02
195.4	97.24	67.31	47.03
195.6	96.71	67.53	47.04
195.8	96.22	67.75	47.06
196.0	95.79	67.95	47.07
196.2	95.44	68.09	47.08
196.4	95.13	67.64	47.09
196.6	94.96	67.24	47.1
196.8	94.97	67.0	47.11
197.0	95.18	67.05	47.12
197.2	95.79	67.95	47.12
197.4	96.76	69.6	47.12
197.6	97.88	71.43	47.11
197.8	99.09	73.28	47.1
198.0	100.29	74.77	47.09
198.2	101.42	75.77	47.07
198.4	102.49	76.57	47.05
198.6	103.48	77.21	47.02
198.8	104.34	77.8	47.0
199.0	105.05	78.34	46.98
199.2	105.6	78.7	46.96
199.4	105.94	78.81	46.94
199.6	105.94	78.45	46.92
199.8	105.61	77.61	46.89
200.0	105.12	76.6	46.87
200.2	104.54	75.54	46.85
200.4	103.95	74.62	46.83
200.6	103.44	74.06	46.81
200.8	102.99	73.6	46.79
201.0	102.64	73.23	46.77
201.2	102.42	72.95	46.75
201.4	102.62	72.74	46.73
201.6	102.95	72.59	46.7
201.8	103.35	72.49	46.68
202.0	103.77	72.43	46.66
202.2	104.04	72.41	46.64
202.4	104.21	72.41	46.62
202.6	104.35	72.39	46.6
202.8	104.46	72.35	46.58
203.0	104.59	72.23	46.56
203.2	104.7	72.04	46.54
203.4	104.75	71.77	46.51
203.6	104.71	71.4	46.49
203.8	104.49	70.85	46.47
204.0	104.05	70.08	46.45
204.2	103.53	69.25	46.43
204.4	102.94	68.4	46.41
204.6	102.34	67.57	46.39
204.8	101.67	66.76	46.36
205.0	101.06	66.06	46.34
205.2	100.54	65.53	46.32
205.4	100.17	65.23	46.3
205.6	100.09	65.33	46.28
205.8	100.41	66.02	46.26
206.0	100.92	66.92	46.24
206.2	101.57	67.96	46.23
206.4	102.33	69.07	46.23
206.6	103.13	70.01	46.23
206.8	103.98	70.93	46.25
207.0	104.86	71.82	46.26
207.2	105.74	72.68	46.28
207.4	106.62	73.63	46.3
207.6	107.45	74.48	46.31
207.8	108.2	75.17	46.33
208.0	108.86	75.63	46.34
208.2	109.33	75.48	46.35
208.4	109.66	75.02	46.37
208.6	109.84	74.38	46.38
208.8	109.86	73.66	46.4
209.0	109.65	73.08	46.41
209.2	109.25	72.61	46.43
209.4	108.74	72.16	46.44
209.6	108.16	71.73	46.46
209.8	107.56	71.28	46.47
210.0	106.96	70.75	46.49
210.2	106.41	70.29	46.5
210.4	105.95	69.95	46.51
210.6	105.64	69.76	46.52
210.8	105.72	70.02	46.53
211.0	106.03	70.52	46.54
211.2	106.41	71.12	46.55
211.4	106.82	71.78	46.55
211.6	107.11	72.39	46.55
211.8	107.26	72.92	46.53
212.0	107.35	73.36	46.52
212.2	107.4	73.67	46.5
212.4	107.41	73.71	46.48
212.6	107.39	73.49	46.45
212.8	107.33	73.14	46.43
213.0	107.23	72.7	46.4
213.2	107.07	72.22	46.37
213.4	106.85	71.75	46.34
213.6	106.6	71.3	46.32
213.8	106.34	70.9	46.29
214.0	106.1	70.56	46.27
214.2	105.95	70.48	46.24
214.4	105.83	70.5	46.21
214.6	105.72	70.56	46.18
214.8	105.62	70.63	46.16
215.0	105.46	70.56	46.13
215.2	105.22	70.29	46.1
215.4	105.03	70.09	46.07
215.6	104.93	70.04	46.06
215.8	105.02	70.28	46.07
216.0	105.4	70.99	46.12
216.2	105.89	71.9	46.18
216.4	106.46	72.96	46.26
216.6	107.07	74.21	46.33
216.8	107.7	75.61	46.39
217.0	108.27	76.91	46.46
217.2	108.72	77.96	46.52
217.4	108.83	78.28	46.6
217.6	108.71	78.07	46.67
217.8	108.47	77.6	46.74
218.0	108.18	76.95	46.82
218.2	108.03	76.37	46.89
218.4	107.87	75.76	46.96
218.6	107.69	75.15	47.03
218.8	107.47	74.56	47.1
219.0	107.19	74.16	47.17
219.2	106.86	73.83	47.24
219.4	106.45	73.53	47.31
219.6	105.95	73.26	47.38
219.8	105.26	72.95	47.44
220.0	104.32	72.57	47.51
220.2	103.34	72.2	47.58
220.4	102.39	71.85	47.64
220.6	101.51	71.56	47.7
220.8	100.88	71.3	47.77
221.0	100.47	71.11	47.84
221.2	100.21	71.03	47.89
221.4	100.13	71.08	47.95
221.6	100.26	71.33	47.98
221.8	100.72	71.92	47.99
222.0	101.31	72.64	47.99
222.2	101.96	73.42	47.99
222.4	102.64	74.23	47.98
222.6	103.23	75.0	47.98
222.8	103.76	75.71	47.98
223.0	104.21	76.32	47.98
223.2	104.55	76.8	47.98
223.4	104.65	76.93	47.97
223.6	104.63	76.93	47.97
223.8	104.5	76.81	47.97
224.0	104.27	76.62	47.97
224.2	103.96	76.47	47.97
224.4	103.58	76.29	47.97
224.6	103.14	76.06	47.97
224.8	102.65	75.8	47.97
225.0	102.15	75.48	47.96
225.2	101.64	75.11	47.96
225.4	101.11	74.72	47.96
225.6	100.59	74.31	47.96
225.8	100.05	73.89	47.96
226.0	99.37	73.3	47.96
226.2	98.76	72.77	47.96
226.4	98.27	72.36	47.96
226.6	97.96	72.14	47.96
226.8	98.04	72.31	47.96
227.0	98.55	72.91	47.96
227.2	99.24	73.72	47.96
227.4	100.06	74.7	47.95
227.6	100.95	75.85	47.95
227.8	101.83	77.24	47.94
228.0	102.7	78.58	47.92
228.2	103.55	79.74	47.91
228.4	104.3	80.52	47.89
228.6	104.9	80.47	47.87
228.8	105.39	80.14	47.86
229.0	105.79	79.64	47.84
229.2	106.08	79.1	47.83
229.4	106.28	78.76	47.81
229.6	106.38	78.42	47.8
229.8	106.37	78.07	47.78
230.0	106.25	77.72	47.77
230.2	105.93	77.38	47.75
230.4	105.54	77.02	47.74
230.6	105.11	76.64	47.72
230.8	104.66	76.22	47.7
231.0	104.22	75.57	47.69
231.2	103.84	74.87	47.67
231.4	103.54	74.25	47.66
231.6	103.34	73.78	47.64
231.8	103.31	73.64	47.63
232.0	103.52	74.01	47.61
232.2	103.87	74.59	47.6
232.4	104.35	75.32	47.58
232.6	104.96	76.18	47.57
232.8	105.73	77.15	47.56
233.0	106.55	78.1	47.55
233.2	107.39	78.96	47.54
233.4	108.18	79.57	47.53
233.6	108.9	79.82	47.53
233.8	109.51	79.88	47.53
234.0	109.99	79.76	47.52
234.2	110.23	79.47	47.52
234.4	110.22	79.02	47.52
234.6	110.05	78.48	47.52
234.8	109.75	77.88	47.51
235.0	109.32	77.25	47.51
235.2	108.78	76.63	47.51
235.4	108.19	76.06	47.5
235.6	107.59	75.57	47.5
235.8	107.03	75.19	47.5
236.0	106.61	75.06	47.5
236.2	106.29	75.08	47.49
236.4	106.08	75.26	47.49
236.6	106.0	75.62	47.49
236.8	106.19	76.3	47.48
237.0	106.59	77.22	47.48
237.2	107.07	78.18	47.48
237.4	107.56	79.08	47.47
237.6	107.96	79.75	47.47
237.8	108.23	80.1	47.47
238.0	108.43	80.26	47.47
238.2	108.55	80.25	47.46
238.4	108.58	79.98	47.46
238.6	108.51	79.46	47.46
238.8	108.36	78.84	47.45
239.0	108.14	78.17	47.45
239.2	107.86	77.57	47.45
239.4	107.51	77.14	47.44
239.6	107.11	76.77	47.44
239.8	106.68	76.44	47.44
240.0	106.22	76.14	47.44
240.2	105.59	75.73	47.43
240.4	105.03	75.42	47.43
240.6	104.62	75.25	47.43
240.8	104.41	75.28	47.42
241.0	104.88	75.8	47.43
241.2	105.55	76.52	47.43
241.4	106.33	77.4	47.42
241.6	107.12	78.4	47.41
241.8	107.69	79.6	47.39
242.0	108.2	80.74	47.36
242.2	108.63	81.67	47.32
242.4	108.97	82.12	47.29
242.6	109.21	81.85	47.25
242.8	109.34	81.3	47.21
243.0	109.36	80.58	47.16
243.2	109.17	79.9	47.12
243.4	108.78	79.34	47.08
243.6	108.32	78.81	47.04
243.8	107.83	78.32	47.0
244.0	107.44	77.89	46.96
244.2	107.2	77.54	46.92
244.4	106.99	77.29	46.88
244.6	106.79	77.14	46.84
244.8	106.53	77.15	46.8
245.0	106.05	77.44	46.75
245.2	105.63	77.8	46.71
245.4	105.34	78.18	46.67
245.6	105.31	78.44	46.65
245.8	105.72	78.38	46.65
246.0	106.32	78.39	46.67
246.2	107.06	78.58	46.69
246.4	107.95	79.36	46.72
246.6	108.91	80.71	46.75
246.8	109.81	82.07	46.78
247.0	110.57	83.25	46.82
247.2	110.92	83.66	46.86
247.4	111.05	83.68	46.9
247.6	110.99	83.38	46.93
247.8	110.8	82.74	46.97
248.0	110.49	81.81	47.01
248.2	110.06	80.74	47.05
248.4	109.53	79.61	47.1
248.6	108.88	78.67	47.13
248.8	108.15	77.84	47.17
249.0	107.38	77.06	47.21
249.2	106.58	76.34	47.25
249.4	105.77	75.58	47.29
249.6	104.98	74.83	47.32
249.8	104.26	74.21	47.35
250.0	103.63	73.75	47.39
250.2	103.12	73.5	47.42
250.4	102.92	73.79	47.45
250.6	102.86	74.29	47.47
250.8	102.92	74.94	47.5
251.0	103.09	75.7	47.52
251.2	103.39	76.59	47.54
251.4	103.77	77.5	47.56
251.6	104.16	78.31	47.58
251.8	104.52	78.93	47.6
252.0	104.7	78.92	47.62
252.2	104.77	78.53	47.64
252.4	104.79	78.05	47.66
252.6	104.79	77.59	47.68
252.8	104.88	77.71	47.7
253.0	105.0	78.12	47.71
253.2	105.08	78.55	47.73
253.4	105.08	78.9	47.75
253.6	104.88	78.79	47.77
253.8	104.47	78.19	47.79
254.0	103.99	77.5	47.81
254.2	103.48	76.78	47.83
254.4	102.95	76.19	47.85
254.6	102.44	75.91	47.87
254.8	102.01	75.78	47.88
255.0	101.71	75.84	47.9
255.2	101.59	76.1	47.91
255.4	101.88	76.75	47.92
255.6	102.37	77.58	47.93
255.8	103.01	78.5	47.94
256.0	103.76	79.47	47.95
256.2	104.64	80.49	47.95
256.4	105.54	81.42	47.96
256.6	106.41	82.16	47.97
256.8	107.16	82.57	47.98
257.0	107.65	82.38	47.98
257.2	108.01	81.93	47.99
257.4	108.26	81.3	48.0
257.6	108.4	80.64	48.01
257.8	108.45	80.01	48.02
258.0	108.41	79.32	48.02
258.2	108.3	78.56	48.03
258.4	108.14	77.69	48.04
258.6	107.93	76.69	48.05
258.8	107.68	75.66	48.06
259.0	107.39	74.63	48.06
259.2	107.05	73.65	48.07
259.4	106.7	72.78	48.08
259.6	106.3	72.01	48.09
259.8	105.87	71.38	48.09
260.0	105.38	70.91	48.1
260.2	104.74	70.78	48.11
260.4	103.97	70.99	48.12
260.6	103.23	71.32	48.12
260.8	102.6	71.7	48.13
261.0	102.12	72.08	48.14
261.2	102.07	71.96	48.14
261.4	102.24	71.84	48.15
261.6	102.6	71.84	48.16
261.8	103.13	72.06	48.16
262.0	103.92	72.99	48.16
262.2	104.85	74.29	48.16
262.4	105.82	75.65	48.15
262.6	106.78	76.94	48.13
262.8	107.59	77.8	48.1
263.0	108.29	78.39	48.07
263.2	108.87	78.74	48.03
263.4	109.32	78.77	47.99
263.6	109.57	78.25	47.95
263.8	109.68	77.57	47.91
264.0	109.67	76.86	47.88
264.2	109.55	76.4	47.84
264.4	109.34	76.44	47.8
264.6	109.0	76.53	47.77
264.8	108.54	76.61	47.73
265.0	107.88	76.43	47.69
265.2	106.96	75.76	47.66
265.4	105.96	75.0	47.62
265.6	104.94	74.25	47.58
265.8	103.95	73.6	47.54
266.0	103.13	73.37	47.51
266.2	102.45	73.34	47.47
266.4	101.92	73.5	47.43
266.6	101.58	73.84	47.4
266.8	101.58	74.5	47.36
267.0	101.92	75.43	47.31
267.2	102.4	76.44	47.28
267.4	102.97	77.43	47.24
267.6	103.55	78.25	47.22
267.8	104.06	78.76	47.21
268.0	104.53	79.15	47.21
268.2	104.96	79.46	47.22
268.4	105.31	79.71	47.22
268.6	105.56	79.95	47.22
268.8	105.7	80.11	47.22
269.0	105.72	80.19	47.23
269.2	105.54	80.13	47.23
269.4	105.11	79.9	47.23
269.6	104.58	79.6	47.23
269.8	104.02	79.25	47.23
270.0	103.47	78.87	47.23
270.2	103.04	78.39	47.23
270.4	102.69	77.99	47.23
270.6	102.45	77.72	47.24
270.8	102.35	77.66	47.24
271.0	102.58	78.22	47.24
271.2	102.98	79.05	47.24
271.4	103.46	79.97	47.24
271.6	103.98	80.88	47.24
271.8	104.39	81.4	47.24
272.0	104.74	81.74	47.25
272.2	105.08	82.01	47.25
272.4	105.38	82.24	47.25
272.6	105.73	82.7	47.25
272.8	106.04	83.12	47.25
273.0	106.26	83.39	47.25
273.2	106.37	83.43	47.25
273.4	106.2	82.77	47.26
273.6	105.87	81.79	47.26
273.8	105.44	80.68	47.26
274.0	104.93	79.51	47.26
274.2	104.32	78.57	47.26
274.4	103.67	77.81	47.26
274.6	103.04	77.15	47.26
274.8	102.46	76.61	47.27
275.0	102.01	76.2	47.27
275.2	101.79	75.97	47.27
275.4	101.7	75.87	47.27
275.6	101.75	75.89	47.27
275.8	101.94	76.03	47.27
276.0	102.34	76.24	47.27
276.2	102.88	76.57	47.27
276.4	103.5	77.03	47.28
276.6	104.19	77.63	47.28
276.8	104.95	78.75	47.28
277.0	105.71	79.93	47.28
277.2	106.43	80.98	47.28
277.4	107.07	81.77	47.28
277.6	107.52	81.54	47.28
277.8	107.84	80.95	47.29
278.0	108.02	80.11	47.29
278.2	108.05	79.13	47.29
278.4	107.74	78.22	47.29
278.6	107.3	77.35	47.29
278.8	106.83	76.52	47.29
279.0	106.37	75.81	47.29
279.2	106.12	75.37	47.3
279.4	106.04	75.17	47.3
279.6	106.07	75.09	47.3
279.8	106.21	75.11	47.3
280.0	106.52	75.24	47.3
280.2	107.0	75.45	47.31
280.4	107.54	75.68	47.31
280.6	108.11	75.88	47.31
280.8	108.65	75.99	47.29
281.0	109.13	75.95	47.26
281.2	109.51	75.81	47.23
281.4	109.76	75.55	47.19
281.6	109.74	75.05	47.15
281.8	109.39	74.28	47.12
282.0	108.92	73.5	47.09
282.2	108.38	72.79	47.05
282.4	107.84	72.38	47.02
282.6	107.38	72.52	46.99
282.8	106.97	72.82	46.95
283.0	106.63	73.2	46.92
283.2	106.39	73.6	46.89
283.4	106.39	73.67	46.84
283.6	106.49	73.71	46.8
283.8	106.68	73.77	46.77
284.0	106.91	73.87	46.75
284.2	107.18	74.19	46.76
284.4	107.46	74.58	46.78
284.6	107.73	74.99	46.82
284.8	107.95	75.39	46.86
285.0	108.09	75.69	46.91
285.2	108.14	75.94	46.96
285.4	108.09	76.12	47.01
285.6	107.92	76.21	47.06
285.8	107.43	76.1	47.11
286.0	106.86	75.93	47.16
286.2	106.26	75.69	47.21
286.4	105.69	75.43	47.25
286.6	105.37	75.13	47.3
286.8	105.16	74.85	47.35
287.0	105.03	74.62	47.4
287.2	104.96	74.48	47.44
287.4	104.95	74.68	47.49
287.6	104.99	75.07	47.54
287.8	105.04	75.47	47.59
