0.2	121.04	54.17	43.3
0.4	120.08	52.67	43.3
0.6	119.69	51.97	43.3
0.8	119.78	51.94	43.3
1.0	120.2	52.43	43.3
1.2	120.87	53.3	43.3
1.4	121.64	54.38	43.3
1.6	122.42	55.55	43.3
1.8	122.93	56.55	43.3
2.0	123.15	57.3	43.3
2.2	123.23	57.82	43.3
2.4	123.17	58.06	43.3
2.6	122.98	57.61	43.3
2.8	122.7	56.86	43.3
3.0	122.33	55.93	43.3
3.2	121.91	54.94	43.3
3.4	121.39	54.16	43.3
3.6	120.88	53.44	43.3
3.8	120.44	52.8	43.3
4.0	120.1	52.28	43.3
4.2	120.1	51.94	43.3
4.4	120.24	51.74	43.3
4.6	120.47	51.67	43.3
4.8	120.75	51.78	43.3
5.0	121.08	52.18	43.3
5.2	121.36	52.57	43.3
5.4	121.54	52.85	43.3
5.6	121.43	52.67	43.3
5.8	121.05	52.08	43.3
6.0	120.55	51.34	43.3
6.2	119.98	50.53	43.3
6.4	119.45	49.83	43.3
6.6	118.93	49.22	43.3
6.8	118.41	48.69	43.3
7.0	117.91	48.24	43.3
7.2	117.33	47.86	43.3
7.4	116.78	47.61	43.3
7.6	116.39	47.57	43.3
7.8	116.23	47.79	43.3
8.0	116.7	48.55	43.31
8.2	117.44	49.61	43.32
8.4	118.28	50.82	43.33
8.6	119.03	52.12	43.36
8.8	119.55	53.4	43.39
9.0	119.95	54.61	43.43
9.2	120.23	55.7	43.47
9.4	120.31	56.45	43.51
9.6	120.26	56.97	43.55
9.8	120.14	57.29	43.59
10.0	119.98	57.41	43.63
10.2	119.77	57.17	43.66
10.4	119.64	56.93	43.7
10.6	119.69	56.84	43.73
10.8	120.19	57.38	43.77
11.0	121.14	58.56	43.8
11.2	122.15	59.79	43.84
11.4	123.08	60.87	43.88
11.6	123.49	61.07	43.92
11.8	123.69	60.98	43.96
12.0	123.7	60.68	44.01
12.2	123.52	60.31	44.05
12.4	123.19	59.95	44.09
12.6	122.76	59.53	44.12
12.8	122.28	59.07	44.16
13.0	121.76	58.45	44.2
13.2	121.26	57.74	44.23
13.4	120.84	57.17	44.26
13.6	120.57	56.83	44.3
13.8	120.65	57.15	44.33
14.0	121.1	58.14	44.37
14.2	121.63	59.25	44.4
14.4	122.14	60.32	44.44
14.6	122.4	60.83	44.48
14.8	122.48	61.04	44.52
15.0	122.43	61.09	44.56
15.2	122.2	61.04	44.6
15.4	121.72	61.0	44.64
15.6	121.13	60.88	44.68
15.8	120.5	60.69	44.72
16.0	119.9	60.38	44.75
16.2	119.4	59.89	44.79
16.4	118.98	59.4	44.82
16.6	118.67	58.99	44.85
16.8	118.52	58.77	44.89
17.0	118.62	58.86	44.93
17.2	118.82	59.13	44.96
17.4	119.1	59.54	45.0
17.6	119.45	60.17	45.03
17.8	119.82	60.95	45.07
18.0	120.13	61.73	45.1
18.2	120.33	62.44	45.13
18.4	120.06	62.6	45.17
18.6	119.69	62.66	45.2
18.8	119.33	62.76	45.23
19.0	119.15	63.1	45.26
19.2	119.36	63.97	45.29
19.4	119.71	64.93	45.33
19.6	120.18	65.88	45.36
19.8	120.81	66.56	45.4
20.0	121.49	67.03	45.43
20.2	122.13	67.36	45.46
20.4	122.6	67.52	45.5
20.6	122.75	67.44	45.53
20.8	122.76	67.27	45.57
21.0	122.64	67.06	45.6
21.2	122.44	66.98	45.63
21.4	122.17	67.0	45.67
21.6	121.86	67.0	45.7
21.8	121.54	66.93	45.73
22.0	121.14	66.46	45.76
22.2	120.81	65.94	45.8
22.4	120.64	65.55	45.83
22.6	120.78	65.53	45.86
22.8	121.51	66.3	45.89
23.0	122.38	67.18	45.93
23.2	123.25	68.0	45.96
23.4	123.81	68.19	46.0
23.6	124.14	67.99	46.03
23.8	124.31	67.64	46.07
24.0	124.32	67.3	46.1
24.2	124.15	67.24	46.13
24.4	123.86	67.17	46.17
24.6	123.48	67.06	46.2
24.8	123.07	66.74	46.23
25.0	122.63	66.2	46.26
25.2	122.19	65.62	46.3
25.4	121.74	65.09	46.33
25.6	121.18	64.7	46.36
25.8	120.66	64.49	46.39
26.0	120.33	64.45	46.43
26.2	120.37	64.63	46.46
26.4	121.19	65.13	46.48
26.6	122.23	65.84	46.5
26.8	123.33	66.76	46.52
27.0	124.21	68.14	46.52
27.2	124.88	69.66	46.52
27.4	125.34	70.96	46.5
27.6	125.48	71.54	46.49
27.8	125.19	70.92	46.47
28.0	124.73	69.94	46.45
28.2	124.19	68.83	46.43
28.4	123.68	68.16	46.41
28.6	123.27	67.73	46.39
28.8	123.01	67.42	46.37
29.0	123.05	67.2	46.35
29.2	123.7	67.02	46.33
29.4	124.5	66.97	46.31
29.6	125.31	67.08	46.29
29.8	125.87	67.64	46.27
30.0	126.18	68.45	46.25
30.2	126.29	69.16	46.23
30.4	126.13	69.53	46.21
30.6	125.49	68.8	46.2
30.8	124.68	67.78	46.18
31.0	123.8	66.67	46.16
31.2	122.95	65.74	46.14
31.4	122.28	65.3	46.12
31.6	121.74	65.05	46.1
31.8	121.38	65.01	46.08
32.0	121.4	65.29	46.06
32.2	121.82	65.89	46.04
32.4	122.34	66.52	46.02
32.6	122.85	67.08	46.0
32.8	123.09	67.19	45.98
33.0	123.15	67.04	45.96
33.2	123.06	66.73	45.94
33.4	122.8	66.33	45.92
33.6	122.32	65.88	45.9
33.8	121.73	65.36	45.88
34.0	121.05	64.78	45.86
34.2	120.28	64.03	45.84
34.4	119.43	63.11	45.82
34.6	118.69	62.31	45.81
34.8	118.18	61.78	45.79
35.0	118.22	62.02	45.77
35.2	118.74	62.85	45.75
35.4	119.46	63.84	45.73
35.6	120.29	64.82	45.71
35.8	121.11	65.29	45.69
36.0	121.89	65.66	45.67
36.2	122.56	65.97	45.65
36.4	122.91	66.4	45.64
36.6	123.0	66.87	45.63
36.8	122.96	67.25	45.62
37.0	122.85	67.44	45.61
37.2	122.78	67.07	45.6
37.4	122.7	66.61	45.59
37.6	122.61	66.19	45.58
37.8	122.48	66.11	45.57
38.0	122.31	66.49	45.56
38.2	122.25	66.99	45.55
38.4	122.37	67.54	45.54
38.6	123.07	68.02	45.53
38.8	124.01	68.41	45.52
39.0	124.94	68.66	45.51
39.2	125.62	68.65	45.5
39.4	125.79	68.27	45.49
39.6	125.74	67.72	45.49
39.8	125.49	67.07	45.48
40.0	125.03	66.46	45.47
40.2	124.43	65.87	45.46
40.4	123.75	65.26	45.45
40.6	123.04	64.65	45.44
40.8	122.3	63.84	45.43
41.0	121.64	63.09	45.42
41.2	121.14	62.5	45.41
41.4	120.95	62.24	45.4
41.6	121.4	62.68	45.39
41.8	122.0	63.29	45.38
42.0	122.6	63.94	45.37
42.2	122.88	64.3	45.36
42.4	122.87	64.39	45.35
42.6	122.72	64.37	45.34
42.8	122.48	64.27	45.33
43.0	122.2	64.17	45.32
43.2	121.88	64.02	45.31
43.4	121.54	63.8	45.3
43.6	121.16	63.46	45.29
43.8	120.73	62.91	45.28
44.0	120.41	62.42	45.27
44.2	120.27	62.1	45.26
44.4	120.6	62.3	45.25
44.6	121.29	62.92	45.24
44.8	122.09	63.69	45.23
45.0	122.88	64.52	45.22
45.2	123.43	65.27	45.22
45.4	123.86	65.92	45.22
45.6	124.13	66.41	45.22
45.8	124.14	66.53	45.22
46.0	123.92	66.32	45.23
46.2	123.58	65.93	45.23
46.4	123.15	65.43	45.24
46.6	122.57	64.77	45.25
46.8	122.03	64.14	45.25
47.0	121.62	63.62	45.25
47.2	121.57	63.44	45.26
47.4	122.08	63.77	45.26
47.6	122.71	64.26	45.27
47.8	123.36	64.8	45.27
48.0	123.74	65.24	45.28
48.2	123.91	65.56	45.28
48.4	123.91	65.71	45.29
48.6	123.72	65.58	45.3
48.8	123.23	64.89	45.3
49.0	122.61	64.02	45.31
49.2	121.89	63.07	45.31
49.4	121.11	62.18	45.32
49.6	120.32	61.63	45.32
49.8	119.59	61.16	45.33
50.0	118.98	60.75	45.33
50.2	118.54	60.39	45.33
50.4	118.58	59.84	45.34
50.6	118.8	59.4	45.34
50.8	119.16	59.16	45.35
51.0	119.63	59.26	45.35
51.2	120.19	60.11	45.35
51.4	120.73	61.09	45.35
51.6	121.19	62.05	45.35
51.8	121.41	62.53	45.35
52.0	121.35	62.49	45.35
52.2	121.16	62.3	45.35
52.4	120.87	62.04	45.35
52.6	120.51	62.04	45.35
52.8	120.12	62.19	45.35
53.0	119.7	62.32	45.35
53.2	119.29	62.38	45.35
53.4	118.81	61.99	45.35
53.6	118.39	61.4	45.35
53.8	118.15	60.9	45.35
54.0	118.18	60.65	45.35
54.2	118.99	61.32	45.35
54.4	120.05	62.27	45.35
54.6	121.16	63.27	45.35
54.8	122.04	64.03	45.35
55.0	122.55	64.41	45.35
55.2	122.88	64.59	45.35
55.4	123.03	64.6	45.35
55.6	122.99	64.35	45.35
55.8	122.79	63.95	45.35
56.0	122.49	63.46	45.35
56.2	122.1	62.91	45.35
56.4	121.57	62.41	45.35
56.6	121.05	61.93	45.35
56.8	120.6	61.51	45.35
57.0	120.29	61.17	45.35
57.2	120.43	61.05	45.35
57.4	120.73	61.02	45.35
57.6	121.11	61.07	45.35
57.8	121.55	61.18	45.35
58.0	122.0	61.36	45.35
58.2	122.37	61.54	45.35
58.4	122.59	61.65	45.35
58.6	122.46	61.56	45.35
58.8	121.89	61.24	45.35
59.0	121.15	60.83	45.35
59.2	120.32	60.36	45.34
59.4	119.45	59.83	45.34
59.6	118.63	59.3	45.34
59.8	117.92	58.84	45.34
60.0	117.4	58.5	45.33
60.2	117.31	58.45	45.33
60.4	117.73	58.74	45.33
60.6	118.26	59.13	45.33
60.8	118.82	59.57	45.33
61.0	119.1	59.89	45.32
61.2	119.2	60.13	45.32
61.4	119.18	60.31	45.32
61.6	119.04	60.41	45.32
61.8	118.76	60.39	45.31
62.0	118.4	60.29	45.31
62.2	117.97	60.1	45.31
62.4	117.51	59.85	45.31
62.6	116.86	59.22	45.31
62.8	116.29	58.64	45.3
63.0	115.9	58.25	45.3
63.2	115.82	58.2	45.3
63.4	116.66	59.25	45.3
63.6	117.7	60.54	45.29
63.8	118.78	61.9	45.29
64.0	119.62	62.99	45.29
64.2	120.03	63.61	45.29
64.4	120.28	64.05	45.29
64.6	120.4	64.32	45.28
64.8	120.45	64.42	45.28
65.0	120.43	64.4	45.28
65.2	120.35	64.26	45.28
65.4	120.23	64.03	45.27
65.6	119.98	63.57	45.27
65.8	119.73	63.07	45.27
66.0	119.6	62.72	45.27
66.2	119.68	62.64	45.27
66.4	120.46	63.61	45.26
66.6	121.42	64.79	45.26
66.8	122.39	65.93	45.26
67.0	123.11	66.54	45.26
67.2	123.36	66.25	45.25
67.4	123.42	65.67	45.25
67.6	123.31	64.91	45.25
67.8	123.06	64.22	45.25
68.0	122.69	63.66	45.25
68.2	122.23	63.12	45.24
68.4	121.71	62.62	45.24
68.6	121.11	62.11	45.24
68.8	120.46	61.62	45.24
69.0	119.9	61.25	45.24
69.2	119.51	61.07	45.23
69.4	119.56	61.25	45.23
69.6	120.19	61.91	45.23
69.8	120.9	62.67	45.23
70.0	121.56	63.44	45.22
70.2	121.75	63.94	45.22
70.4	121.54	64.2	45.22
70.6	121.16	64.31	45.21
70.8	120.67	64.29	45.21
71.0	120.16	64.06	45.2
71.2	119.65	63.7	45.19
71.4	119.16	63.32	45.19
71.6	118.72	62.97	45.18
71.8	118.42	62.83	45.18
72.0	118.25	62.88	45.17
72.2	118.2	63.0	45.16
72.4	118.28	63.17	45.16
72.6	118.62	63.36	45.15
72.8	119.1	63.55	45.14
73.0	119.6	63.73	45.14
73.2	120.04	63.88	45.13
73.4	120.12	63.95	45.13
73.6	120.09	63.98	45.12
73.8	119.98	63.98	45.11
74.0	119.83	63.95	45.11
74.2	119.73	63.9	45.1
74.4	119.63	63.83	45.09
74.6	119.52	63.76	45.09
74.8	119.42	63.69	45.08
75.0	119.17	63.6	45.08
75.2	118.99	63.55	45.07
75.4	118.95	63.56	45.06
75.6	119.2	63.72	45.06
75.8	120.05	64.17	45.05
76.0	121.0	64.65	45.04
76.2	121.9	65.07	45.04
76.4	122.43	65.19	45.03
76.6	122.54	65.02	45.03
76.8	122.46	64.74	45.02
77.0	122.23	64.41	45.01
77.2	121.84	64.17	45.01
77.4	121.36	63.98	45.0
77.6	120.91	63.79	44.99
77.8	120.54	63.6	44.99
78.0	120.54	63.34	44.98
78.2	120.76	63.06	44.97
78.4	121.07	62.83	44.97
78.6	121.43	62.69	44.96
78.8	121.83	62.95	44.97
79.0	122.17	63.25	44.98
79.2	122.4	63.44	44.99
79.4	122.4	63.29	45.0
79.6	121.95	62.39	45.02
79.8	121.35	61.29	45.03
80.0	120.63	60.14	45.05
80.2	119.86	59.1	45.06
80.4	119.02	58.5	45.08
80.6	118.29	58.09	45.09
80.8	117.74	57.86	45.1
81.0	117.47	57.81	45.11
81.2	118.11	58.01	45.13
81.4	118.94	58.38	45.14
81.6	119.81	58.9	45.16
81.8	120.46	59.63	45.17
82.0	120.64	60.6	45.19
82.2	120.67	61.56	45.21
82.4	120.58	62.39	45.22
82.6	120.46	62.71	45.24
82.8	120.32	62.54	45.25
83.0	120.14	62.22	45.26
83.2	119.93	61.84	45.28
83.4	119.59	61.6	45.29
83.6	119.21	61.52	45.31
83.8	118.96	61.57	45.32
84.0	118.93	61.77	45.33
84.2	119.59	62.36	45.35
84.4	120.56	63.11	45.36
84.6	121.63	63.83	45.37
84.8	122.6	64.35	45.37
85.0	123.26	64.39	45.38
85.2	123.74	64.28	45.39
85.4	124.02	64.09	45.39
85.6	123.97	63.99	45.4
85.8	123.62	63.97	45.4
86.0	123.13	63.91	45.41
86.2	122.59	63.79	45.42
86.4	122.06	63.38	45.42
86.6	121.59	62.88	45.43
86.8	121.24	62.4	45.43
87.0	121.09	62.05	45.44
87.2	121.51	62.16	45.45
87.4	122.02	62.32	45.45
87.6	122.5	62.46	45.46
87.8	122.67	62.36	45.47
88.0	122.42	61.95	45.47
88.2	121.97	61.41	45.48
88.4	121.36	60.75	45.48
88.6	120.48	59.9	45.49
88.8	119.45	58.96	45.5
89.0	118.46	58.11	45.5
89.2	117.62	57.48	45.51
89.4	117.34	57.47	45.51
89.6	117.47	57.92	45.52
89.8	117.75	58.57	45.52
90.0	118.09	59.3	45.53
90.2	118.3	59.97	45.54
90.4	118.44	60.57	45.54
90.6	118.5	61.06	45.55
90.8	118.42	61.31	45.56
91.0	118.07	61.12	45.56
91.2	117.64	60.78	45.57
91.4	117.18	60.37	45.57
91.6	116.7	59.95	45.58
91.8	116.24	59.61	45.59
92.0	115.92	59.39	45.59
92.2	115.8	59.34	45.6
92.4	116.25	59.77	45.6
92.6	117.1	60.55	45.61
92.8	118.04	61.38	45.61
93.0	118.93	62.14	45.62
93.2	119.35	62.32	45.63
93.4	119.6	62.35	45.63
93.6	119.68	62.3	45.64
93.8	119.6	62.31	45.65
94.0	119.36	62.51	45.65
94.2	119.02	62.68	45.66
94.4	118.62	62.77	45.67
94.6	118.16	62.56	45.67
94.8	117.67	61.87	45.68
95.0	117.27	61.2	45.68
95.2	117.03	60.69	45.69
95.4	117.18	60.73	45.69
95.6	117.88	61.64	45.7
95.8	118.66	62.67	45.71
96.0	119.42	63.63	45.71
96.2	119.76	63.91	45.72
96.4	119.78	63.68	45.73
96.6	119.64	63.29	45.73
96.8	119.36	62.84	45.74
97.0	118.98	62.66	45.74
97.2	118.55	62.59	45.75
97.4	118.08	62.56	45.76
97.6	117.61	62.58	45.76
97.8	117.1	62.59	45.77
98.0	116.68	62.63	45.77
98.2	116.45	62.75	45.78
98.4	116.47	62.94	45.78
98.6	117.24	63.31	45.79
98.8	118.18	63.75	45.79
99.0	119.17	64.24	45.79
99.2	119.96	64.8	45.79
99.4	120.44	65.42	45.79
99.6	120.76	65.94	45.79
99.8	120.94	66.3	45.79
100.0	120.93	66.14	45.79
100.2	120.79	65.71	45.79
100.4	120.55	65.18	45.79
100.6	120.26	64.63	45.79
100.8	119.81	64.22	45.79
101.0	119.39	63.94	45.78
101.2	119.09	63.85	45.78
101.4	118.99	64.01	45.78
101.6	119.61	65.05	45.78
101.8	120.37	66.18	45.78
102.0	121.13	67.16	45.78
102.2	121.62	67.53	45.78
102.4	121.63	66.83	45.78
102.6	121.45	65.86	45.78
102.8	121.12	64.79	45.78
103.0	120.71	64.13	45.78
103.2	120.25	63.96	45.78
103.4	119.73	63.92	45.78
103.6	119.2	63.95	45.78
103.8	118.63	63.91	45.78
104.0	117.98	63.59	45.78
104.2	117.45	63.32	45.77
104.4	117.1	63.17	45.77
104.6	117.07	63.28	45.77
104.8	117.7	63.94	45.77
105.0	118.49	64.69	45.77
105.2	119.31	65.42	45.77
105.4	119.93	65.84	45.77
105.6	120.3	65.92	45.77
105.8	120.53	65.9	45.77
106.0	120.64	65.83	45.77
106.2	120.53	65.85	45.76
106.4	120.31	65.91	45.76
106.6	120.05	65.97	45.76
106.8	119.79	66.01	45.76
107.0	119.61	65.98	45.75
107.2	119.52	65.95	45.75
107.4	119.55	65.94	45.75
107.6	119.78	65.98	45.75
107.8	120.49	66.22	45.75
108.0	121.26	66.45	45.74
108.2	121.96	66.61	45.74
108.4	122.27	66.52	45.74
108.6	122.13	66.15	45.74
108.8	121.82	65.7	45.74
109.0	121.38	65.21	45.73
109.2	120.98	64.89	45.73
109.4	120.62	64.7	45.73
109.6	120.23	64.51	45.73
109.8	119.82	64.31	45.72
110.0	119.29	63.93	45.72
110.2	118.61	63.29	45.72
110.4	118.03	62.72	45.72
110.6	117.65	62.3	45.72
110.8	117.73	62.3	45.71
111.0	118.48	62.93	45.71
111.2	119.35	63.65	45.71
111.4	120.21	64.31	45.71
111.6	120.63	64.46	45.7
111.8	120.66	64.17	45.7
112.0	120.55	63.76	45.7
112.2	120.35	63.33	45.7
112.4	120.21	63.2	45.7
112.6	120.07	63.21	45.69
112.8	119.91	63.28	45.69
113.0	119.72	63.38	45.69
113.2	119.36	63.45	45.69
113.4	118.97	63.51	45.68
113.6	118.7	63.58	45.68
113.8	118.63	63.64	45.68
114.0	119.26	63.74	45.68
114.2	120.19	63.83	45.69
114.4	121.14	63.88	45.7
114.6	121.91	63.89	45.71
114.8	121.99	63.8	45.73
115.0	121.85	63.64	45.74
115.2	121.54	63.42	45.76
115.4	121.13	63.13	45.77
115.6	120.66	62.72	45.79
115.8	120.18	62.3	45.8
116.0	119.75	61.93	45.81
116.2	119.43	61.65	45.83
116.4	119.36	61.58	45.84
116.6	119.4	61.61	45.85
116.8	119.55	61.72	45.87
117.0	119.85	61.99	45.88
117.2	120.31	62.43	45.9
117.4	120.76	62.82	45.91
117.6	121.11	63.06	45.93
117.8	121.09	62.71	45.94
118.0	120.77	61.93	45.96
118.2	120.34	61.06	45.98
118.4	119.86	60.22	45.99
118.6	119.57	59.97	46.01
118.8	119.36	60.03	46.02
119.0	119.17	60.17	46.03
119.2	118.96	60.29	46.05
119.4	118.55	60.0	46.06
119.6	118.01	59.4	46.07
119.8	117.59	58.86	46.09
120.0	117.39	58.48	46.1
120.2	117.84	58.75	46.1
120.4	118.74	59.46	46.1
120.6	119.73	60.26	46.1
120.8	120.66	60.99	46.1
121.0	120.99	61.14	46.08
121.2	121.14	61.1	46.07
121.4	121.17	60.94	46.06
121.6	121.13	60.73	46.04
121.8	121.11	60.51	46.03
122.0	121.06	60.31	46.01
122.2	121.02	60.16	46.0
122.4	120.97	60.1	45.98
122.6	120.89	60.27	45.97
122.8	120.9	60.52	45.95
123.0	121.03	60.82	45.94
123.2	121.47	61.16	45.93
123.4	122.34	61.52	45.91
123.6	123.24	61.85	45.9
123.8	124.02	62.12	45.88
124.0	124.26	62.28	45.87
124.2	124.1	62.32	45.86
124.4	123.74	62.25	45.84
124.6	123.22	62.07	45.83
124.8	122.56	61.58	45.81
125.0	121.88	60.99	45.8
125.2	121.25	60.41	45.79
125.4	120.76	59.92	45.77
125.6	120.77	59.82	45.76
125.8	121.04	59.96	45.74
126.0	121.39	60.21	45.73
126.2	121.76	60.53	45.71
126.4	121.93	60.91	45.7
126.6	122.02	61.29	45.69
126.8	121.99	61.62	45.68
127.0	121.82	61.84	45.67
127.2	121.35	61.81	45.66
127.4	120.8	61.67	45.66
127.6	120.19	61.45	45.65
127.8	119.57	61.14	45.65
128.0	118.96	60.67	45.65
128.2	118.45	60.22	45.64
128.4	118.12	59.88	45.64
128.6	118.11	59.74	45.63
128.8	118.78	60.1	45.63
129.0	119.57	60.6	45.63
129.2	120.32	61.15	45.62
129.4	120.69	61.65	45.62
129.6	120.55	62.03	45.61
129.8	120.23	62.33	45.61
130.0	119.78	62.52	45.61
130.2	119.24	62.46	45.6
130.4	118.69	62.19	45.6
130.6	118.21	61.88	45.59
130.8	117.87	61.62	45.59
131.0	118.03	61.71	45.59
131.2	118.56	62.05	45.58
131.4	119.15	62.38	45.58
131.6	119.67	62.59	45.57
131.8	119.67	62.21	45.57
132.0	119.39	61.57	45.57
132.2	118.96	60.81	45.56
132.4	118.43	60.02	45.56
132.6	117.77	59.36	45.55
132.8	117.07	58.88	45.55
133.0	116.43	58.54	45.55
133.2	115.93	58.39	45.54
133.4	115.68	58.5	45.54
133.6	116.14	59.24	45.53
133.8	116.75	60.11	45.53
134.0	117.39	60.98	45.53
134.2	117.92	61.69	45.52
134.4	117.99	61.84	45.52
134.6	117.92	61.82	45.51
134.8	117.73	61.68	45.51
135.0	117.45	61.45	45.51
135.2	116.97	61.17	45.5
135.4	116.48	60.89	45.5
135.6	116.07	60.66	45.49
135.8	115.8	60.52	45.49
136.0	115.98	60.62	45.48
136.2	116.42	60.88	45.48
136.4	117.02	61.26	45.47
136.6	117.72	61.75	45.47
136.8	118.57	62.46	45.48
137.0	119.41	63.21	45.49
137.2	120.17	63.93	45.5
137.4	120.72	64.52	45.51
137.6	120.84	64.81	45.52
137.8	120.78	64.96	45.53
138.0	120.57	64.99	45.54
138.2	120.23	64.9	45.55
138.4	119.73	64.65	45.56
138.6	119.26	64.37	45.57
138.8	118.9	64.14	45.58
139.0	118.83	64.08	45.59
139.2	119.41	64.43	45.6
139.4	120.08	64.81	45.61
139.6	120.74	65.13	45.62
139.8	121.09	65.15	45.63
140.0	120.99	64.75	45.65
140.2	120.71	64.23	45.66
140.4	120.29	63.66	45.67
140.6	119.79	63.21	45.68
140.8	119.25	63.0	45.69
141.0	118.66	62.82	45.7
141.2	118.04	62.66	45.71
141.4	117.41	62.49	45.72
141.6	116.6	61.97	45.73
141.8	115.83	61.43	45.74
142.0	115.24	61.03	45.75
142.2	114.91	60.86	45.76
142.4	115.21	61.34	45.76
142.6	116.18	62.5	45.77
142.8	117.3	63.77	45.77
143.0	118.44	64.95	45.77
143.2	119.23	65.53	45.77
143.4	119.67	65.57	45.77
143.6	119.96	65.43	45.77
143.8	120.12	65.2	45.77
144.0	120.04	65.06	45.76
144.2	119.88	65.02	45.76
144.4	119.77	65.05	45.76
144.6	119.83	65.2	45.76
144.8	120.56	65.72	45.76
145.0	121.6	66.4	45.75
145.2	122.67	67.04	45.75
145.4	123.63	67.52	45.75
145.6	124.0	67.44	45.75
145.8	124.15	67.14	45.75
146.0	124.12	66.67	45.75
146.2	123.93	66.07	45.74
146.4	123.63	65.39	45.74
146.6	123.23	64.67	45.74
146.8	122.77	63.95	45.74
147.0	122.26	63.27	45.74
147.2	121.66	62.8	45.73
147.4	121.08	62.44	45.73
147.6	120.61	62.15	45.73
147.8	120.3	61.92	45.73
148.0	120.44	61.77	45.73
148.2	121.01	61.69	45.73
148.4	121.61	61.6	45.72
148.6	122.1	61.47	45.72
148.8	122.03	61.16	45.72
149.0	121.55	60.74	45.72
149.2	120.9	60.28	45.72
149.4	120.13	59.8	45.71
149.6	119.31	59.34	45.71
149.8	118.52	58.92	45.71
150.0	117.83	58.59	45.71
150.2	117.32	58.39	45.71
150.4	117.24	58.44	45.7
150.6	117.66	58.78	45.7
150.8	118.24	59.22	45.7
151.0	118.89	59.72	45.7
151.2	119.44	60.16	45.7
151.4	119.88	60.55	45.69
151.6	120.24	60.9	45.69
151.8	120.46	61.19	45.69
152.0	120.38	61.35	45.69
152.2	120.19	61.44	45.69
152.4	119.94	61.46	45.69
152.6	119.65	61.37	45.68
152.8	119.34	61.1	45.68
153.0	119.16	60.88	45.68
153.2	119.18	60.81	45.68
153.4	119.79	61.26	45.68
153.6	120.82	62.08	45.67
153.8	121.9	62.95	45.67
154.0	122.84	63.7	45.67
154.2	123.18	63.97	45.67
154.4	123.29	64.04	45.67
154.6	123.18	63.91	45.66
154.8	122.79	63.48	45.66
155.0	122.16	62.76	45.66
155.2	121.5	62.04	45.66
155.4	120.93	61.45	45.66
155.6	120.83	61.46	45.65
155.8	121.09	61.9	45.64
156.0	121.44	62.45	45.64
156.2	121.78	62.99	45.65
156.4	121.91	63.21	45.68
156.6	121.91	63.27	45.74
156.8	121.77	63.17	45.8
157.0	121.38	62.82	45.85
157.2	120.62	62.06	45.91
157.4	119.73	61.22	45.96
157.6	118.78	60.38	46.01
157.8	117.85	59.7	46.05
158.0	117.05	59.52	46.1
158.2	116.39	59.53	46.14
158.4	115.94	59.7	46.18
158.6	115.75	60.03	46.22
158.8	116.22	60.43	46.27
159.0	116.98	60.97	46.32
159.2	117.85	61.64	46.37
159.4	118.72	62.5	46.41
159.6	119.33	63.81	46.46
159.8	119.86	65.1	46.5
160.0	120.29	66.2	46.55
160.2	120.61	66.64	46.6
160.4	120.8	66.37	46.65
160.6	120.87	65.93	46.69
160.8	120.81	65.51	46.74
161.0	120.45	65.73	46.79
161.2	120.03	66.08	46.83
161.4	119.65	66.46	46.88
161.6	119.52	66.72	46.93
161.8	119.64	66.84	46.98
162.0	119.82	66.82	47.03
162.2	119.98	66.62	47.08
162.4	120.03	66.13	47.14
162.6	120.01	65.56	47.19
162.8	119.87	64.96	47.25
163.0	119.52	64.66	47.3
163.2	119.03	64.46	47.35
163.4	118.45	64.23	47.4
163.6	117.82	63.9	47.45
163.8	117.24	63.06	47.5
164.0	116.67	62.03	47.55
164.2	116.05	60.99	47.59
164.4	115.39	60.03	47.64
164.6	114.41	59.41	47.68
164.8	113.36	59.06	47.73
165.0	112.47	58.92	47.77
165.2	111.9	59.0	47.82
165.4	112.19	59.34	47.86
165.6	113.02	59.91	47.9
165.8	114.11	60.68	47.94
166.0	115.34	61.66	47.96
166.2	116.54	63.02	47.96
166.4	117.69	64.38	47.96
166.6	118.73	65.58	47.94
166.8	119.43	66.19	47.91
167.0	119.79	66.22	47.87
167.2	119.96	66.0	47.82
167.4	119.99	65.64	47.77
167.6	119.93	65.38	47.73
167.8	119.79	65.18	47.68
168.0	119.59	64.98	47.64
168.2	119.36	64.82	47.6
168.4	118.99	64.66	47.55
168.6	118.61	64.56	47.51
168.8	118.38	64.58	47.46
169.0	118.37	64.75	47.42
169.2	119.1	65.42	47.38
169.4	120.2	66.3	47.33
169.6	121.32	67.15	47.29
169.8	122.25	67.83	47.25
170.0	122.26	67.7	47.2
170.2	121.99	67.35	47.16
170.4	121.55	66.86	47.12
170.6	121.01	66.34	47.07
170.8	120.7	66.12	47.03
171.0	120.39	65.93	46.99
171.2	120.07	65.77	46.94
171.4	119.73	65.63	46.9
171.6	119.24	65.38	46.85
171.8	118.73	65.13	46.81
172.0	118.34	64.97	46.77
172.2	118.16	64.95	46.72
172.4	118.69	65.42	46.68
172.6	119.49	66.06	46.64
172.8	120.29	66.68	46.59
173.0	120.9	67.12	46.55
173.2	120.68	66.85	46.51
173.4	120.2	66.39	46.46
173.6	119.55	65.83	46.42
173.8	118.8	65.26	46.38
174.0	117.94	64.83	46.33
174.2	117.17	64.5	46.29
174.4	116.57	64.35	46.24
174.6	116.28	64.41	46.2
174.8	116.9	65.1	46.15
175.0	117.76	65.92	46.11
175.2	118.73	66.75	46.06
175.4	119.61	67.41	46.03
175.6	120.22	67.69	46.01
175.8	120.68	67.81	46.0
176.0	120.98	67.82	46.0
176.2	120.99	67.69	46.01
176.4	120.77	67.47	46.03
176.6	120.41	67.2	46.05
176.8	119.98	66.93	46.07
177.0	119.45	66.69	46.09
177.2	118.93	66.53	46.11
177.4	118.53	66.45	46.13
177.6	118.35	66.48	46.15
177.8	118.84	66.89	46.17
178.0	119.79	67.53	46.19
178.2	120.77	68.07	46.21
178.4	121.6	68.37	46.23
178.6	121.53	67.72	46.25
178.8	121.1	66.71	46.28
179.0	120.5	65.56	46.31
179.2	119.83	64.43	46.33
179.4	119.53	64.0	46.35
179.6	119.26	63.72	46.37
179.8	118.99	63.55	46.38
180.0	118.71	63.44	46.4
180.2	118.33	63.3	46.42
180.4	117.57	62.84	46.44
180.6	116.89	62.46	46.45
180.8	116.41	62.23	46.47
181.0	116.22	62.22	46.49
181.2	117.0	62.98	46.5
181.4	118.14	63.96	46.51
181.6	119.33	64.89	46.52
181.8	120.36	65.54	46.52
182.0	120.62	65.11	46.52
182.2	120.67	64.47	46.51
182.4	120.56	63.78	46.51
182.6	120.41	63.41	46.5
182.8	120.37	63.84	46.49
183.0	120.29	64.38	46.48
183.2	120.16	64.89	46.47
183.4	119.91	65.14	46.46
183.6	119.37	64.58	46.46
183.8	118.88	63.91	46.45
184.0	118.55	63.26	46.44
184.2	118.63	62.84	46.43
184.4	119.45	62.96	46.42
184.6	120.44	63.26	46.41
184.8	121.47	63.73	46.4
185.0	122.38	64.51	46.39
185.2	123.05	65.48	46.39
185.4	123.41	66.24	46.38
185.6	123.35	66.57	46.37
185.8	122.2	65.48	46.36
186.0	120.54	63.71	46.35
186.2	118.64	61.65	46.34
186.4	116.71	59.5	46.33
186.6	115.71	58.3	46.33
186.8	115.01	57.42	46.32
187.0	114.53	56.77	46.31
187.2	114.22	56.35	46.3
187.4	114.06	56.12	46.29
187.6	113.99	56.13	46.28
187.8	113.96	56.43	46.27
188.0	113.98	56.81	46.26
188.2	114.02	57.23	46.26
188.4	114.05	57.61	46.25
188.6	113.99	57.8	46.24
188.8	113.77	57.65	46.23
189.0	113.53	57.42	46.22
189.2	113.27	57.14	46.21
189.4	113.01	56.84	46.2
189.6	112.61	56.38	46.19
189.8	112.26	55.97	46.18
190.0	112.1	55.78	46.17
190.2	112.23	55.93	46.17
190.4	113.22	57.12	46.17
190.6	114.66	58.84	46.17
190.8	116.16	60.61	46.18
191.0	117.51	62.19	46.19
191.2	117.99	62.61	46.21
191.4	118.2	62.71	46.23
191.6	118.18	62.57	46.25
191.8	117.98	62.33	46.28
192.0	117.61	62.1	46.29
192.2	117.25	61.92	46.31
192.4	117.02	61.86	46.33
192.6	117.21	62.17	46.35
192.8	117.96	62.94	46.37
193.0	118.8	63.77	46.39
193.2	119.63	64.55	46.41
193.4	120.13	64.94	46.43
193.6	120.37	65.05	46.46
193.8	120.45	65.02	46.48
194.0	120.36	64.86	46.5
194.2	120.02	64.58	46.52
194.4	119.55	64.24	46.54
194.6	119.01	63.9	46.56
194.8	118.42	63.58	46.58
195.0	117.75	63.38	46.6
195.2	117.13	63.29	46.62
195.4	116.64	63.31	46.64
195.6	116.37	63.46	46.65
195.8	116.74	63.96	46.67
196.0	117.57	64.68	46.69
196.2	118.45	65.34	46.72
196.4	119.21	65.82	46.74
196.6	119.27	65.56	46.76
196.8	118.9	64.88	46.78
197.0	118.34	64.07	46.8
197.2	117.7	63.25	46.82
197.4	117.24	62.95	46.84
197.6	116.87	62.93	46.86
197.8	116.5	62.97	46.88
198.0	116.11	63.0	46.9
198.2	115.57	62.77	46.92
198.4	114.78	62.1	46.94
198.6	114.09	61.46	46.95
198.8	113.62	60.99	46.97
199.0	113.62	60.91	46.99
199.2	114.53	61.68	47.01
199.4	115.63	62.61	47.03
199.6	116.75	63.55	47.04
199.8	117.46	64.11	47.06
200.0	117.66	64.19	47.08
200.2	117.68	64.14	47.09
200.4	117.57	64.03	47.11
200.6	117.47	64.07	47.13
200.8	117.38	64.26	47.14
201.0	117.27	64.45	47.16
201.2	117.14	64.63	47.17
201.4	116.93	64.65	47.19
201.6	116.71	64.57	47.2
201.8	116.6	64.53	47.22
202.0	116.64	64.6	47.23
202.2	117.23	65.1	47.25
202.4	118.03	65.75	47.26
202.6	118.84	66.37	47.28
202.8	119.5	66.8	47.3
203.0	119.65	66.68	47.32
203.2	119.61	66.37	47.33
203.4	119.41	65.94	47.35
203.6	119.08	65.48	47.37
203.8	118.66	65.1	47.38
204.0	118.16	64.71	47.4
204.2	117.6	64.33	47.41
204.4	116.97	63.93	47.43
204.6	116.15	63.4	47.44
204.8	115.45	62.98	47.46
205.0	114.97	62.76	47.47
205.2	114.95	62.9	47.49
205.4	115.84	63.78	47.5
205.6	116.97	64.81	47.51
205.8	118.16	65.85	47.52
206.0	119.1	66.58	47.52
206.2	119.69	66.91	47.52
206.4	120.11	67.06	47.52
206.6	120.35	67.07	47.52
206.8	120.35	66.94	47.52
207.0	120.19	66.71	47.51
207.2	119.9	66.41	47.51
207.4	119.52	66.09	47.51
207.6	118.98	65.72	47.51
207.8	118.43	65.4	47.51
208.0	117.96	65.19	47.51
208.2	117.66	65.16	47.5
208.4	117.85	65.62	47.5
208.6	118.28	66.3	47.5
208.8	118.88	67.07	47.5
209.0	119.64	67.85	47.5
209.2	120.6	68.55	47.49
209.4	121.54	69.14	47.49
209.6	122.38	69.57	47.49
209.8	122.85	69.65	47.49
210.0	122.9	69.35	47.49
210.2	122.76	68.92	47.49
210.4	122.48	68.43	47.48
210.6	122.2	68.12	47.48
210.8	121.89	67.92	47.48
211.0	121.54	67.75	47.48
211.2	121.16	67.6	47.48
211.4	120.6	67.35	47.47
211.6	120.03	67.1	47.47
211.8	119.61	66.95	47.47
212.0	119.44	66.95	47.47
212.2	120.16	67.54	47.47
212.4	121.11	68.23	47.47
212.6	122.05	68.81	47.46
212.8	122.64	68.96	47.46
213.0	122.53	68.33	47.46
213.2	122.17	67.49	47.46
213.4	121.62	66.55	47.46
213.6	121.01	65.85	47.45
213.8	120.36	65.46	47.45
214.0	119.66	65.13	47.45
214.2	118.93	64.82	47.45
214.4	118.1	64.34	47.45
214.6	117.16	63.6	47.45
214.8	116.38	63.0	47.44
215.0	115.85	62.64	47.44
215.2	115.91	62.92	47.44
215.4	116.72	64.02	47.44
215.6	117.74	65.29	47.44
215.8	118.82	66.54	47.44
216.0	119.64	67.25	47.43
216.2	120.23	67.58	47.43
216.4	120.67	67.73	47.42
216.6	120.94	67.75	47.41
216.8	120.91	67.75	47.4
217.0	120.74	67.69	47.39
217.2	120.49	67.6	47.37
217.4	120.18	67.51	47.36
217.6	119.82	67.41	47.35
217.8	119.58	67.39	47.33
218.0	119.56	67.51	47.32
218.2	120.13	68.0	47.31
218.4	121.28	68.83	47.29
218.6	122.53	69.68	47.28
218.8	123.72	70.43	47.27
219.0	124.35	70.67	47.25
219.2	124.71	70.67	47.24
219.4	124.84	70.44	47.23
219.6	124.68	69.93	47.21
219.8	124.22	69.09	47.2
220.0	123.62	68.19	47.19
220.2	122.94	67.33	47.17
220.4	122.29	66.8	47.16
220.6	121.71	66.69	47.15
220.8	121.26	66.71	47.13
221.0	120.99	66.81	47.12
221.2	121.21	66.9	47.11
221.4	121.8	66.94	47.09
221.6	122.43	66.92	47.08
221.8	122.95	66.78	47.07
222.0	122.81	66.23	47.05
222.2	122.41	65.58	47.04
222.4	121.85	64.92	47.03
222.6	121.21	64.35	47.01
222.8	120.5	64.11	47.0
223.0	119.87	64.02	46.99
223.2	119.38	64.1	46.97
223.4	119.32	64.48	46.96
223.6	119.76	65.14	46.95
223.8	120.27	65.76	46.93
224.0	120.71	66.19	46.92
224.2	120.57	65.8	46.91
224.4	120.19	65.09	46.89
224.6	119.68	64.22	46.88
224.8	119.07	63.33	46.87
225.0	118.37	62.59	46.85
225.2	117.74	61.99	46.84
225.4	117.31	61.62	46.83
225.6	117.35	61.72	46.81
225.8	118.02	62.4	46.8
226.0	118.84	63.24	46.79
226.2	119.69	64.09	46.77
226.4	120.23	64.63	46.76
226.6	120.58	64.95	46.75
226.8	120.75	65.1	46.73
227.0	120.69	65.01	46.72
227.2	120.27	64.57	46.71
227.4	119.74	64.0	46.69
227.6	119.16	63.39	46.68
227.8	118.65	62.82	46.67
228.0	118.26	62.36	46.65
228.2	118.07	62.11	46.64
228.4	118.13	62.16	46.63
228.6	118.95	63.08	46.61
228.8	119.99	64.26	46.6
229.0	121.04	65.44	46.59
229.2	121.73	66.17	46.57
229.4	121.91	66.29	46.56
229.6	121.85	66.13	46.55
229.8	121.59	65.76	46.53
230.0	121.09	65.19	46.52
230.2	120.47	64.51	46.51
230.4	119.79	63.8	46.49
230.6	119.12	63.13	46.48
230.8	118.51	62.57	46.47
231.0	118.05	62.2	46.45
231.2	117.81	62.06	46.44
231.4	118.08	62.49	46.43
231.6	118.91	63.54	46.41
231.8	119.82	64.61	46.4
232.0	120.61	65.47	46.39
232.2	120.67	65.23	46.37
232.4	120.38	64.52	46.36
232.6	119.89	63.61	46.36
232.8	119.24	62.67	46.35
233.0	118.47	61.94	46.34
233.2	117.72	61.39	46.34
233.4	117.1	61.09	46.33
233.6	116.78	61.26	46.33
233.8	117.06	62.25	46.32
234.0	117.54	63.44	46.32
234.2	118.14	64.69	46.31
234.4	118.76	65.71	46.31
234.6	119.35	66.41	46.3
234.8	119.86	66.89	46.3
235.0	120.23	67.12	46.29
235.2	120.23	66.85	46.29
235.4	120.01	66.33	46.28
235.6	119.67	65.67	46.28
235.8	119.24	64.95	46.27
236.0	118.72	64.29	46.27
236.2	118.21	63.72	46.26
236.4	117.76	63.29	46.26
236.6	117.43	63.07	46.25
236.8	117.36	63.37	46.25
237.0	117.46	63.84	46.24
237.2	117.73	64.43	46.24
237.4	118.3	65.05	46.23
237.6	119.18	65.65	46.23
237.8	120.08	66.16	46.22
238.0	120.86	66.52	46.21
238.2	121.09	66.42	46.21
238.4	121.01	66.09	46.2
238.6	120.75	65.66	46.18
238.8	120.38	65.22	46.17
239.0	119.85	64.89	46.16
239.2	119.38	64.67	46.15
239.4	119.06	64.6	46.14
239.6	119.18	64.86	46.12
239.8	119.97	65.56	46.11
240.0	120.89	66.36	46.1
240.2	121.79	67.15	46.09
240.4	122.29	67.72	46.08
240.6	122.49	68.07	46.06
240.8	122.52	68.23	46.05
241.0	122.36	68.12	46.04
241.2	121.93	67.46	46.03
241.4	121.42	66.66	46.02
241.6	120.92	65.84	46.01
241.8	120.56	65.18	45.99
242.0	120.48	64.9	45.98
242.2	120.51	64.78	45.97
242.4	120.63	64.79	45.96
242.6	120.92	65.06	45.95
242.8	121.29	65.48	45.93
243.0	121.6	65.86	45.92
243.2	121.77	66.08	45.91
243.4	121.43	65.63	45.9
243.6	120.8	64.83	45.89
243.8	120.02	63.94	45.87
244.0	119.16	63.06	45.86
244.2	118.17	62.54	45.85
244.4	117.22	62.26	45.84
244.6	116.46	62.14	45.83
244.8	116.03	62.18	45.81
245.0	116.41	62.45	45.8
245.2	117.39	62.89	45.79
245.4	118.55	63.43	45.78
245.6	119.76	64.03	45.77
245.8	120.63	64.69	45.76
246.0	121.37	65.32	45.75
246.2	121.96	65.87	45.74
246.4	122.32	66.26	45.73
246.6	122.4	66.41	45.73
246.8	122.36	66.39	45.73
247.0	122.25	66.19	45.72
247.2	122.08	65.53	45.72
247.4	121.95	64.71	45.72
247.6	121.92	64.0	45.71
247.8	122.11	63.69	45.71
248.0	122.94	64.64	45.71
248.2	123.8	65.74	45.7
248.4	124.55	66.73	45.7
248.6	124.68	66.79	45.7
248.8	124.17	65.88	45.69
249.0	123.42	64.66	45.69
249.2	122.51	63.32	45.69
249.4	121.7	62.39	45.68
249.6	121.02	61.91	45.68
249.8	120.39	61.54	45.67
250.0	119.81	61.25	45.67
250.2	119.3	61.01	45.67
250.4	118.82	60.41	45.66
250.6	118.46	59.88	45.66
250.8	118.26	59.53	45.66
251.0	118.26	59.47	45.65
251.2	118.83	60.37	45.65
251.4	119.63	61.64	45.65
251.6	120.42	62.87	45.64
251.8	121.07	63.83	45.64
252.0	121.02	63.46	45.64
252.2	120.74	62.73	45.63
252.4	120.31	61.81	45.63
252.6	119.78	60.94	45.63
252.8	119.21	60.49	45.62
253.0	118.7	60.16	45.62
253.2	118.33	59.97	45.62
253.4	118.26	59.91	45.61
253.6	118.7	60.0	45.61
253.8	119.34	60.23	45.6
254.0	120.1	60.63	45.6
254.2	120.98	61.4	45.6
254.4	121.87	62.39	45.62
254.6	122.63	63.32	45.63
254.8	123.16	64.03	45.64
255.0	122.94	63.81	45.65
255.2	122.41	63.28	45.67
255.4	121.72	62.58	45.68
255.6	120.94	61.86	45.69
255.8	120.17	61.31	45.7
256.0	119.52	60.9	45.71
256.2	119.11	60.71	45.73
256.4	119.28	60.98	45.74
256.6	120.27	61.89	45.75
256.8	121.41	62.92	45.76
257.0	122.51	63.9	45.78
257.2	123.05	64.41	45.79
257.4	123.07	64.47	45.8
257.6	122.82	64.31	45.81
257.8	122.36	63.97	45.82
258.0	121.54	63.32	45.84
258.2	120.58	62.56	45.85
258.4	119.7	61.87	45.86
258.6	119.04	61.37	45.87
258.8	119.22	61.64	45.88
259.0	119.87	62.29	45.89
259.2	120.68	63.04	45.9
259.4	121.52	63.71	45.92
259.6	122.13	63.87	45.93
259.8	122.6	63.9	45.94
260.0	122.9	63.83	45.96
260.2	122.87	63.74	45.97
260.4	122.42	63.68	45.98
260.6	121.8	63.57	45.99
260.8	121.08	63.37	46.0
261.0	120.29	62.93	46.02
261.2	119.51	62.24	46.03
261.4	118.88	61.61	46.04
261.6	118.48	61.15	46.05
261.8	118.72	61.27	46.06
262.0	119.55	61.97	46.07
262.2	120.49	62.76	46.07
262.4	121.37	63.52	46.08
262.6	121.62	63.77	46.08
262.8	121.58	63.78	46.08
263.0	121.35	63.61	46.08
263.2	120.96	63.25	46.08
263.4	120.37	62.56	46.08
263.6	119.75	61.82	46.07
263.8	119.15	61.13	46.07
264.0	118.69	60.6	46.07
264.2	118.55	60.49	46.07
264.4	118.59	60.63	46.07
264.6	118.78	61.04	46.06
264.8	119.24	61.93	46.06
265.0	120.01	63.37	46.06
265.2	120.74	64.8	46.06
265.4	121.28	65.98	46.06
265.6	121.08	66.07	46.05
265.8	120.44	65.52	46.05
266.0	119.6	64.65	46.05
266.2	118.65	63.59	46.05
266.4	117.7	62.47	46.05
266.6	116.84	61.43	46.04
266.8	116.17	60.62	46.04
267.0	115.77	60.18	46.04
267.2	116.21	60.89	46.04
267.4	117.04	62.14	46.04
267.6	117.98	63.52	46.03
267.8	118.86	64.82	46.03
268.0	119.3	65.43	46.03
268.2	119.57	65.83	46.03
268.4	119.67	66.03	46.03
268.6	119.56	66.04	46.03
268.8	119.22	65.86	46.02
269.0	118.77	65.59	46.02
269.2	118.26	65.26	46.02
269.4	117.68	64.88	46.02
269.6	117.1	64.5	46.01
269.8	116.66	64.27	46.01
270.0	116.44	64.3	46.01
270.2	116.86	65.03	46.01
270.4	117.71	66.24	46.01
270.6	118.65	67.51	46.02
270.8	119.52	68.64	46.02
271.0	119.84	69.01	46.03
271.2	119.97	69.11	46.05
271.4	119.93	69.0	46.06
271.6	119.75	68.69	46.08
271.8	119.42	68.19	46.09
272.0	119.02	67.64	46.1
272.2	118.58	67.12	46.12
272.4	118.11	66.73	46.13
272.6	117.6	66.68	46.14
272.8	117.2	66.77	46.15
273.0	116.98	67.01	46.16
273.2	117.12	67.41	46.17
273.4	117.89	68.02	46.19
273.6	118.78	68.66	46.2
273.8	119.65	69.28	46.22
274.0	120.17	69.73	46.23
274.2	120.34	69.99	46.24
274.4	120.33	70.1	46.26
274.6	120.15	70.03	46.27
274.8	119.77	69.63	46.28
275.0	119.24	68.99	46.3
275.2	118.63	68.27	46.31
275.4	117.97	67.51	46.32
275.6	117.15	66.7	46.33
275.8	116.35	65.98	46.35
276.0	115.74	65.49	46.36
276.2	115.43	65.35	46.37
276.4	116.05	66.21	46.38
276.6	117.22	67.64	46.39
276.8	118.47	69.12	46.4
277.0	119.6	70.4	46.4
277.2	119.8	70.39	46.4
277.4	119.73	70.08	46.4
277.6	119.47	69.62	46.4
277.8	119.11	69.27	46.39
278.0	118.75	69.38	46.39
278.2	118.4	69.56	46.38
278.4	118.12	69.78	46.38
278.6	118.04	69.95	46.37
278.8	118.3	69.93	46.37
279.0	118.69	69.95	46.36
279.2	119.15	70.05	46.36
279.4	119.69	70.54	46.35
279.6	120.25	71.33	46.35
279.8	120.72	72.07	46.35
280.0	121.01	72.6	46.34
280.2	120.79	72.2	46.34
280.4	120.28	71.37	46.33
280.6	119.65	70.38	46.33
280.8	118.95	69.37	46.32
281.0	118.24	68.73	46.32
281.2	117.62	68.31	46.31
281.4	117.19	68.09	46.31
281.6	117.02	68.13	46.3
281.8	117.71	68.8	46.3
282.0	118.59	69.63	46.3
282.2	119.48	70.44	46.29
282.4	120.04	70.98	46.29
282.6	119.98	71.01	46.27
282.8	119.71	70.84	46.26
283.0	119.28	70.48	46.25
283.2	118.76	69.92	46.23
283.4	118.19	69.22	46.22
283.6	117.62	68.5	46.2
283.8	117.1	67.85	46.18
284.0	116.72	67.49	46.16
284.2	116.49	67.39	46.14
284.4	116.41	67.41	46.12
284.6	116.51	67.54	46.11
284.8	117.01	67.77	46.09
285.0	117.69	68.03	46.07
285.2	118.36	68.27	46.05
285.4	118.86	68.39	46.03
285.6	118.86	68.23	46.01
285.8	118.67	67.98	46.0
286.0	118.34	67.66	45.98
286.2	117.84	67.3	45.96
286.4	117.17	66.91	45.94
286.6	116.57	66.6	45.92
286.8	116.17	66.46	45.91
287.0	116.38	66.78	45.89
287.2	117.19	67.53	45.87
287.4	118.15	68.34	45.85
287.6	119.12	69.05	45.83
287.8	119.74	69.23	45.81
