0.2	82.74	58.75	38.59
0.4	82.69	57.66	38.59
0.6	82.66	56.66	38.59
0.8	82.65	55.75	38.59
1.0	82.66	54.92	38.59
1.2	82.68	54.16	38.59
1.4	82.71	53.48	38.59
1.6	82.75	52.85	38.59
1.8	82.77	52.29	38.59
2.0	82.79	51.78	38.59
2.2	82.8	51.31	38.59
2.4	82.79	50.89	38.59
2.6	82.73	50.46	38.59
2.8	82.63	50.07	38.59
3.0	82.52	49.71	38.59
3.2	82.38	49.39	38.59
3.4	82.23	49.12	38.59
3.6	82.05	48.89	38.59
3.8	81.85	48.69	38.59
4.0	81.64	48.55	38.58
4.2	81.41	48.45	38.58
4.4	81.17	48.41	38.58
4.6	80.93	48.42	38.59
4.8	80.63	48.53	38.59
5.0	80.22	48.77	38.61
5.2	79.87	49.04	38.63
5.4	79.62	49.31	38.65
5.6	79.49	49.56	38.67
5.8	79.53	49.77	38.69
6.0	80.09	49.9	38.72
6.2	80.82	49.95	38.74
6.4	81.67	49.89	38.77
6.6	82.6	49.72	38.8
6.8	83.57	49.39	38.83
7.0	84.52	48.51	38.86
7.2	85.44	47.57	38.89
7.4	86.29	46.66	38.92
7.6	87.04	45.88	38.95
7.8	87.61	45.46	38.99
8.0	87.83	45.79	39.02
8.2	87.93	46.34	39.05
8.4	87.91	47.06	39.08
8.6	87.81	47.9	39.11
8.8	87.65	48.78	39.14
9.0	87.56	49.59	39.17
9.2	87.43	50.35	39.2
9.4	87.26	51.03	39.23
9.6	87.07	51.59	39.26
9.8	86.84	51.98	39.29
10.0	86.59	51.87	39.32
10.2	86.32	51.38	39.35
10.4	86.01	50.75	39.38
10.6	85.67	50.04	39.41
10.8	85.3	49.3	39.44
11.0	84.9	48.59	39.47
11.2	84.43	48.31	39.49
11.4	83.93	48.14	39.52
11.6	83.4	48.02	39.55
11.8	82.85	47.94	39.58
12.0	82.28	47.89	39.61
12.2	81.69	47.84	39.64
12.4	80.97	47.58	39.66
12.6	80.27	47.35	39.69
12.8	79.62	47.17	39.72
13.0	79.05	47.06	39.74
13.2	78.59	47.05	39.76
13.4	78.33	47.24	39.77
13.6	78.39	47.73	39.78
13.8	78.56	48.3	39.78
14.0	78.84	48.95	39.78
14.2	79.19	49.64	39.77
14.4	79.62	50.36	39.77
14.6	80.1	51.07	39.76
14.8	80.6	51.75	39.76
15.0	81.1	52.36	39.76
15.2	81.58	52.88	39.75
15.4	81.98	53.22	39.74
15.6	82.22	53.24	39.74
15.8	82.41	53.15	39.74
16.0	82.57	52.97	39.73
16.2	82.69	52.74	39.73
16.4	82.81	52.48	39.72
16.6	82.99	52.38	39.72
16.8	83.17	52.29	39.71
17.0	83.34	52.21	39.71
17.2	83.49	52.12	39.7
17.4	83.63	52.03	39.7
17.6	83.72	51.92	39.7
17.8	83.75	51.77	39.69
18.0	83.76	51.61	39.69
18.2	83.73	51.45	39.68
18.4	83.68	51.29	39.68
18.6	83.61	51.13	39.67
18.8	83.46	50.94	39.67
19.0	83.26	50.74	39.66
19.2	83.07	50.57	39.66
19.4	82.9	50.45	39.65
19.6	82.78	50.4	39.65
19.8	82.73	50.42	39.65
20.0	82.91	50.62	39.65
20.2	83.2	50.94	39.65
20.4	83.55	51.33	39.65
20.6	83.92	51.8	39.64
20.8	84.29	52.32	39.63
21.0	84.61	52.98	39.59
21.2	84.86	53.7	39.54
21.4	85.09	54.42	39.47
21.6	85.27	55.09	39.41
21.8	85.41	55.68	39.33
22.0	85.49	56.08	39.26
22.2	85.47	56.1	39.19
22.4	85.4	55.99	39.12
22.6	85.28	55.79	39.06
22.8	85.13	55.52	38.99
23.0	84.94	55.2	38.92
23.2	84.74	54.92	38.85
23.4	84.52	54.73	38.78
23.6	84.29	54.53	38.72
23.8	84.02	54.33	38.65
24.0	83.73	54.11	38.58
24.2	83.41	53.89	38.51
24.4	83.03	53.61	38.45
24.6	82.56	53.25	38.37
24.8	82.09	52.91	38.3
25.0	81.64	52.6	38.24
25.2	81.22	52.36	38.19
25.4	80.85	52.18	38.15
25.6	80.57	52.19	38.13
25.8	80.4	52.38	38.14
26.0	80.3	52.65	38.16
26.2	80.29	52.98	38.18
26.4	80.37	53.35	38.21
26.6	80.56	53.76	38.25
26.8	80.98	54.18	38.27
27.0	81.45	54.59	38.29
27.2	81.95	54.99	38.31
27.4	82.42	55.34	38.34
27.6	82.82	55.62	38.36
27.8	82.98	55.75	38.39
28.0	83.08	55.82	38.41
28.2	83.13	55.84	38.43
28.4	83.13	55.8	38.46
28.6	83.1	55.73	38.48
28.8	83.06	55.63	38.5
29.0	83.02	55.51	38.53
29.2	82.95	55.36	38.55
29.4	82.88	55.21	38.57
29.6	82.81	55.05	38.59
29.8	82.76	54.91	38.62
30.0	82.75	54.8	38.64
30.2	82.73	54.69	38.66
30.4	82.7	54.59	38.68
30.6	82.65	54.5	38.7
30.8	82.58	54.42	38.73
31.0	82.43	54.37	38.74
31.2	82.23	54.33	38.76
31.4	82.0	54.3	38.78
31.6	81.77	54.27	38.8
31.8	81.52	54.24	38.83
32.0	81.27	54.19	38.86
32.2	81.0	54.01	38.91
32.4	80.74	53.86	38.96
32.6	80.51	53.75	39.02
32.8	80.32	53.72	39.08
33.0	80.18	53.78	39.15
33.2	80.1	54.04	39.22
33.4	80.08	54.51	39.29
33.6	80.15	55.06	39.37
33.8	80.35	55.69	39.44
34.0	80.67	56.38	39.52
34.2	81.35	57.2	39.6
34.4	82.2	58.04	39.67
34.6	83.07	58.81	39.75
34.8	83.89	59.47	39.84
35.0	84.52	59.89	39.93
35.2	84.87	59.99	40.02
35.4	85.07	59.89	40.13
35.6	85.13	59.59	40.23
35.8	85.05	59.06	40.33
36.0	84.77	58.15	40.43
36.2	84.38	57.09	40.53
36.4	83.93	55.95	40.63
36.6	83.43	54.78	40.72
36.8	82.92	53.66	40.82
37.0	82.6	52.98	40.9
37.2	82.33	52.48	40.99
37.4	82.08	52.08	41.07
37.6	81.85	51.79	41.15
37.8	81.64	51.58	41.23
38.0	81.42	51.44	41.31
38.2	81.19	51.36	41.39
38.4	80.95	51.32	41.47
38.6	80.69	51.32	41.55
38.8	80.44	51.35	41.63
39.0	80.18	51.4	41.71
39.2	79.91	51.45	41.78
39.4	79.6	51.44	41.86
39.6	79.27	51.37	41.94
39.8	78.94	51.3	42.02
40.0	78.62	51.25	42.09
40.2	78.31	51.22	42.16
40.4	78.03	51.23	42.23
40.6	77.73	51.26	42.28
40.8	77.44	51.33	42.32
41.0	77.21	51.48	42.35
41.2	77.08	51.72	42.38
41.4	77.06	52.08	42.41
41.6	77.2	52.6	42.44
41.8	77.76	53.57	42.47
42.0	78.41	54.6	42.51
42.2	79.11	55.66	42.54
42.4	79.8	56.67	42.58
42.6	80.42	57.55	42.62
42.8	80.71	58.05	42.66
43.0	80.93	58.4	42.7
43.2	81.1	58.63	42.74
43.4	81.23	58.75	42.78
43.6	81.36	58.76	42.82
43.8	81.59	58.66	42.86
44.0	81.8	58.49	42.9
44.2	82.0	58.25	42.93
44.4	82.16	57.96	42.97
44.6	82.28	57.64	43.0
44.8	82.29	57.3	43.04
45.0	82.2	56.95	43.09
45.2	82.07	56.61	43.13
45.4	81.93	56.29	43.17
45.6	81.77	56.01	43.2
45.8	81.61	55.77	43.24
46.0	81.54	55.7	43.26
46.2	81.5	55.71	43.27
46.4	81.47	55.77	43.29
46.6	81.45	55.87	43.3
46.8	81.43	56.0	43.31
47.0	81.4	56.15	43.32
47.2	81.21	56.2	43.33
47.4	81.0	56.25	43.34
47.6	80.85	56.35	43.35
47.8	80.8	56.51	43.36
48.0	80.89	56.76	43.37
48.2	81.33	57.23	43.38
48.4	82.17	57.94	43.39
48.6	83.09	58.68	43.4
48.8	84.02	59.41	43.41
49.0	84.88	60.06	43.42
49.2	85.45	60.5	43.43
49.4	85.75	60.72	43.45
49.6	85.92	60.82	43.46
49.8	85.96	60.79	43.48
50.0	85.87	60.62	43.49
50.2	85.62	60.21	43.51
50.4	85.29	59.72	43.52
50.6	84.89	59.19	43.53
50.8	84.45	58.66	43.54
51.0	84.0	58.18	43.56
51.2	83.67	58.02	43.57
51.4	83.44	58.13	43.58
51.6	83.21	58.31	43.59
51.8	83.0	58.55	43.6
52.0	82.79	58.81	43.61
52.2	82.57	59.08	43.63
52.4	82.32	59.29	43.64
52.6	82.01	59.3	43.65
52.8	81.69	59.29	43.66
53.0	81.34	59.23	43.67
53.2	80.97	59.16	43.68
53.4	80.59	59.05	43.69
53.6	80.18	58.93	43.7
53.8	79.55	58.62	43.71
54.0	78.93	58.32	43.71
54.2	78.37	58.08	43.72
54.4	77.92	57.93	43.73
54.6	77.61	57.91	43.73
54.8	77.6	58.14	43.74
55.0	78.09	58.79	43.74
55.2	78.69	59.55	43.74
55.4	79.37	60.39	43.75
55.6	80.05	61.26	43.75
55.8	80.64	62.09	43.75
56.0	80.93	62.78	43.75
56.2	81.15	63.42	43.76
56.4	81.32	63.98	43.76
56.6	81.43	64.47	43.76
56.8	81.52	64.82	43.76
57.0	81.59	64.97	43.77
57.2	81.65	65.03	43.77
57.4	81.7	65.02	43.77
57.6	81.73	64.96	43.78
57.8	81.76	64.86	43.78
58.0	81.84	64.78	43.78
58.2	81.93	64.72	43.78
58.4	82.02	64.65	43.79
58.6	82.11	64.59	43.79
58.8	82.18	64.53	43.79
59.0	82.24	64.49	43.79
59.2	82.22	64.48	43.79
59.4	82.19	64.49	43.8
59.6	82.15	64.52	43.8
59.8	82.12	64.58	43.8
60.0	82.11	64.65	43.8
60.2	82.08	64.75	43.81
60.4	82.05	64.86	43.81
60.6	82.08	65.0	43.82
60.8	82.2	65.17	43.83
61.0	82.42	65.38	43.83
61.2	82.94	65.71	43.84
61.4	83.71	66.13	43.85
61.6	84.51	66.52	43.86
61.8	85.29	66.87	43.87
62.0	86.0	67.13	43.88
62.2	86.35	67.07	43.89
62.4	86.55	66.89	43.9
62.6	86.64	66.63	43.91
62.8	86.64	66.32	43.92
63.0	86.58	66.02	43.93
63.2	86.49	65.81	43.94
63.4	86.35	65.59	43.95
63.6	86.19	65.35	43.96
63.8	86.0	65.08	43.97
64.0	85.8	64.78	43.98
64.2	85.67	64.34	43.99
64.4	85.54	63.85	44.0
64.6	85.41	63.33	44.0
64.8	85.26	62.8	44.01
65.0	85.09	62.27	44.02
65.2	84.9	61.78	44.03
65.4	84.66	61.36	44.04
65.6	84.4	60.96	44.05
65.8	84.1	60.58	44.06
66.0	83.76	60.22	44.06
66.2	83.39	59.87	44.07
66.4	82.87	59.47	44.08
66.6	82.2	59.01	44.09
66.8	81.56	58.61	44.1
67.0	80.99	58.3	44.11
67.2	80.52	58.09	44.12
67.4	80.22	58.05	44.13
67.6	80.42	58.43	44.15
67.8	80.76	58.93	44.16
68.0	81.2	59.51	44.18
68.2	81.71	60.12	44.2
68.4	82.23	60.72	44.21
68.6	82.69	61.19	44.23
68.8	83.12	61.61	44.25
69.0	83.51	61.97	44.27
69.2	83.83	62.26	44.29
69.4	84.01	62.43	44.31
69.6	84.02	62.47	44.32
69.8	83.96	62.43	44.34
70.0	83.84	62.34	44.36
70.2	83.69	62.2	44.38
70.4	83.53	62.05	44.4
70.6	83.41	61.9	44.42
70.8	83.28	61.73	44.43
71.0	83.15	61.56	44.45
71.2	83.03	61.37	44.47
71.4	82.92	61.17	44.49
71.6	82.85	60.92	44.5
71.8	82.8	60.67	44.52
72.0	82.76	60.45	44.53
72.2	82.74	60.27	44.55
72.4	82.72	60.14	44.56
72.6	82.68	60.15	44.58
72.8	82.6	60.31	44.6
73.0	82.56	60.52	44.62
73.2	82.57	60.79	44.65
73.4	82.66	61.09	44.67
73.6	82.91	61.41	44.7
73.8	83.39	61.74	44.72
74.0	83.92	62.07	44.75
74.2	84.47	62.37	44.77
74.4	84.99	62.64	44.8
74.6	85.37	62.82	44.83
74.8	85.6	62.93	44.85
75.0	85.76	62.97	44.88
75.2	85.86	62.95	44.91
75.4	85.9	62.86	44.94
75.6	85.89	62.68	44.96
75.8	85.84	62.4	44.99
76.0	85.74	62.07	45.02
76.2	85.58	61.7	45.04
76.4	85.38	61.3	45.07
76.6	85.13	60.87	45.09
76.8	84.79	60.45	45.12
77.0	84.41	60.02	45.15
77.2	84.0	59.59	45.17
77.4	83.57	59.16	45.19
77.6	83.13	58.75	45.22
77.8	82.68	58.34	45.24
78.0	82.19	57.89	45.26
78.2	81.73	57.48	45.27
78.4	81.31	57.14	45.29
78.6	80.95	56.88	45.3
78.8	80.66	56.72	45.31
79.0	80.51	56.75	45.32
79.2	80.54	57.02	45.33
79.4	80.67	57.4	45.33
79.6	80.86	57.87	45.34
79.8	81.12	58.4	45.34
80.0	81.45	58.98	45.35
80.2	81.87	59.59	45.35
80.4	82.29	60.21	45.36
80.6	82.71	60.81	45.36
80.8	83.08	61.37	45.37
81.0	83.33	61.82	45.37
81.2	83.38	62.12	45.38
81.4	83.37	62.35	45.38
81.6	83.32	62.54	45.39
81.8	83.24	62.7	45.39
82.0	83.19	62.86	45.4
82.2	83.2	63.08	45.4
82.4	83.22	63.28	45.41
82.6	83.24	63.44	45.41
82.8	83.25	63.57	45.42
83.0	83.26	63.64	45.42
83.2	83.25	63.53	45.43
83.4	83.24	63.36	45.43
83.6	83.21	63.17	45.44
83.8	83.18	62.97	45.44
84.0	83.13	62.8	45.45
84.2	83.08	62.75	45.45
84.4	82.99	62.85	45.46
84.6	82.91	62.98	45.46
84.8	82.84	63.13	45.47
85.0	82.78	63.27	45.47
85.2	82.74	63.39	45.47
85.4	82.65	63.25	45.48
85.6	82.62	63.13	45.48
85.8	82.65	63.05	45.48
86.0	82.76	63.06	45.49
86.2	83.0	63.21	45.49
86.4	83.57	63.85	45.49
86.6	84.21	64.57	45.5
86.8	84.9	65.32	45.5
87.0	85.6	66.05	45.5
87.2	86.24	66.6	45.51
87.4	86.79	66.9	45.51
87.6	87.26	67.1	45.52
87.8	87.64	67.2	45.52
88.0	87.9	67.2	45.52
88.2	87.9	67.08	45.53
88.4	87.76	66.87	45.53
88.6	87.53	66.61	45.54
88.8	87.23	66.3	45.54
89.0	86.88	65.97	45.54
89.2	86.6	65.72	45.55
89.4	86.32	65.48	45.55
89.6	86.01	65.23	45.56
89.8	85.69	64.96	45.56
90.0	85.34	64.67	45.56
90.2	84.97	64.34	45.57
90.4	84.57	63.94	45.57
90.6	84.14	63.52	45.57
90.8	83.7	63.08	45.58
91.0	83.23	62.63	45.58
91.2	82.75	62.19	45.58
91.4	82.2	61.71	45.59
91.6	81.56	61.2	45.59
91.8	80.93	60.74	45.59
92.0	80.36	60.33	45.6
92.2	79.87	60.01	45.6
92.4	79.48	59.8	45.6
92.6	79.34	59.84	45.6
92.8	79.39	60.06	45.6
93.0	79.57	60.39	45.6
93.2	79.84	60.81	45.6
93.4	80.2	61.29	45.6
93.6	80.66	61.84	45.59
93.8	81.2	62.42	45.59
94.0	81.76	63.01	45.58
94.2	82.34	63.61	45.58
94.4	82.89	64.19	45.57
94.6	83.34	64.73	45.57
94.8	83.7	65.22	45.56
95.0	84.01	65.63	45.56
95.2	84.26	65.97	45.56
95.4	84.45	66.21	45.55
95.6	84.52	66.18	45.55
95.8	84.51	65.98	45.54
96.0	84.47	65.72	45.54
96.2	84.41	65.42	45.53
96.4	84.36	65.12	45.53
96.6	84.35	64.91	45.52
96.8	84.49	64.94	45.52
97.0	84.64	65.01	45.51
97.2	84.81	65.11	45.51
97.4	84.98	65.22	45.51
97.6	85.14	65.34	45.5
97.8	85.2	65.38	45.5
98.0	85.18	65.34	45.49
98.2	85.19	65.32	45.48
98.4	85.25	65.31	45.48
98.6	85.39	65.34	45.48
98.8	85.74	65.47	45.48
99.0	86.41	65.75	45.48
99.2	87.12	66.05	45.48
99.4	87.83	66.35	45.49
99.6	88.47	66.62	45.49
99.8	88.88	66.79	45.5
100.0	89.02	66.85	45.51
100.2	89.05	66.85	45.51
100.4	88.99	66.79	45.52
100.6	88.84	66.66	45.53
100.8	88.64	66.44	45.54
101.0	88.39	66.15	45.54
101.2	88.11	65.82	45.55
101.4	87.8	65.45	45.55
101.6	87.47	65.07	45.56
101.8	87.14	64.67	45.57
102.0	86.91	64.34	45.57
102.2	86.68	64.01	45.58
102.4	86.44	63.68	45.59
102.6	86.2	63.34	45.59
102.8	85.94	63.0	45.6
103.0	85.65	62.66	45.6
103.2	85.17	62.22	45.61
103.4	84.7	61.8	45.61
103.6	84.27	61.41	45.61
103.8	83.89	61.07	45.62
104.0	83.61	60.79	45.62
104.2	83.56	60.64	45.62
104.4	83.75	60.63	45.62
104.6	84.03	60.7	45.62
104.8	84.38	60.82	45.62
105.0	84.76	61.01	45.62
105.2	85.16	61.26	45.62
105.4	85.55	61.58	45.62
105.6	85.91	61.91	45.62
105.8	86.23	62.23	45.62
106.0	86.48	62.53	45.62
106.2	86.56	62.7	45.62
106.4	86.47	62.75	45.62
106.6	86.3	62.75	45.62
106.8	86.08	62.73	45.62
107.0	85.82	62.68	45.62
107.2	85.57	62.64	45.62
107.4	85.36	62.66	45.62
107.6	85.16	62.68	45.62
107.8	84.97	62.7	45.62
108.0	84.79	62.72	45.62
108.2	84.62	62.75	45.62
108.4	84.47	62.75	45.62
108.6	84.33	62.73	45.62
108.8	84.23	62.72	45.62
109.0	84.18	62.76	45.62
109.2	84.19	62.85	45.62
109.4	84.27	62.99	45.62
109.6	84.49	63.28	45.63
109.8	84.79	63.65	45.63
110.0	85.15	64.08	45.64
110.2	85.58	64.56	45.65
110.4	86.05	65.1	45.66
110.6	86.69	65.79	45.67
110.8	87.35	66.52	45.68
111.0	87.98	67.21	45.69
111.2	88.56	67.85	45.7
111.4	88.99	68.36	45.72
111.6	89.09	68.58	45.73
111.8	89.07	68.67	45.74
112.0	88.95	68.66	45.75
112.2	88.77	68.55	45.76
112.4	88.55	68.36	45.77
112.6	88.43	68.13	45.78
112.8	88.28	67.84	45.79
113.0	88.12	67.5	45.8
113.2	87.92	67.13	45.81
113.4	87.69	66.73	45.82
113.6	87.41	66.33	45.83
113.8	87.03	65.97	45.84
114.0	86.62	65.6	45.85
114.2	86.18	65.23	45.86
114.4	85.72	64.85	45.87
114.6	85.25	64.47	45.88
114.8	84.77	64.09	45.89
115.0	84.3	63.64	45.9
115.2	83.83	63.2	45.91
115.4	83.37	62.78	45.92
115.6	82.94	62.38	45.92
115.8	82.54	62.02	45.93
116.0	82.18	61.71	45.93
116.2	81.88	61.48	45.93
116.4	81.64	61.32	45.93
116.6	81.45	61.23	45.93
116.8	81.31	61.2	45.92
117.0	81.24	61.25	45.91
117.2	81.27	61.42	45.9
117.4	81.41	61.73	45.89
117.6	81.58	62.07	45.87
117.8	81.77	62.45	45.86
118.0	81.96	62.83	45.84
118.2	82.08	63.16	45.83
118.4	82.09	63.42	45.81
118.6	82.08	63.64	45.8
118.8	82.05	63.82	45.78
119.0	81.99	63.95	45.77
119.2	81.93	64.02	45.75
119.4	81.85	63.95	45.74
119.6	81.77	63.85	45.73
119.8	81.7	63.72	45.71
120.0	81.64	63.6	45.7
120.2	81.6	63.5	45.68
120.4	81.63	63.52	45.67
120.6	81.7	63.62	45.65
120.8	81.8	63.74	45.64
121.0	81.91	63.88	45.62
121.2	82.03	64.03	45.61
121.4	82.14	64.16	45.59
121.6	82.15	64.18	45.58
121.8	82.21	64.23	45.56
122.0	82.32	64.31	45.54
122.2	82.52	64.46	45.53
122.4	82.85	64.72	45.52
122.6	83.49	65.22	45.52
122.8	84.22	65.78	45.52
123.0	84.99	66.38	45.53
123.2	85.78	66.99	45.53
123.4	86.52	67.59	45.54
123.6	87.2	68.14	45.55
123.8	87.8	68.62	45.56
124.0	88.31	69.0	45.57
124.2	88.71	69.25	45.58
124.4	88.78	69.14	45.59
124.6	88.73	68.88	45.61
124.8	88.58	68.51	45.62
125.0	88.37	68.06	45.63
125.2	88.11	67.56	45.64
125.4	88.0	67.18	45.65
125.6	87.89	66.79	45.66
125.8	87.77	66.4	45.67
126.0	87.62	65.98	45.68
126.2	87.43	65.56	45.69
126.4	87.18	65.12	45.69
126.6	86.82	64.66	45.7
126.8	86.42	64.18	45.71
127.0	85.98	63.69	45.72
127.2	85.51	63.18	45.73
127.4	85.01	62.66	45.74
127.6	84.47	62.1	45.75
127.8	83.86	61.44	45.76
128.0	83.25	60.81	45.77
128.2	82.67	60.21	45.78
128.4	82.13	59.68	45.78
128.6	81.66	59.24	45.79
128.8	81.32	59.01	45.79
129.0	81.11	58.99	45.79
129.2	80.98	59.06	45.79
129.4	80.93	59.18	45.79
129.6	80.95	59.36	45.79
129.8	81.09	59.52	45.78
130.0	81.34	59.64	45.77
130.2	81.63	59.79	45.76
130.4	81.91	59.96	45.75
130.6	82.16	60.18	45.74
130.8	82.25	60.51	45.73
131.0	82.2	60.93	45.72
131.2	82.1	61.36	45.71
131.4	81.98	61.76	45.69
131.6	81.86	62.12	45.68
131.8	81.79	62.26	45.67
132.0	81.77	62.2	45.66
132.2	81.78	62.11	45.65
132.4	81.83	62.01	45.64
132.6	81.92	61.94	45.63
132.8	82.06	61.98	45.62
133.0	82.32	62.35	45.61
133.2	82.62	62.77	45.6
133.4	82.93	63.22	45.59
133.6	83.25	63.67	45.57
133.8	83.57	64.1	45.56
134.0	83.75	64.3	45.55
134.2	83.89	64.4	45.53
134.4	84.06	64.49	45.52
134.6	84.28	64.6	45.51
134.8	84.59	64.76	45.51
135.0	85.19	65.17	45.52
135.2	85.94	65.69	45.53
135.4	86.73	66.23	45.56
135.6	87.52	66.76	45.58
135.8	88.25	67.23	45.61
136.0	88.77	67.5	45.64
136.2	89.2	67.68	45.67
136.4	89.54	67.79	45.7
136.6	89.77	67.82	45.72
136.8	89.88	67.77	45.75
137.0	89.86	67.64	45.78
137.2	89.75	67.45	45.81
137.4	89.56	67.18	45.84
137.6	89.3	66.86	45.86
137.8	88.99	66.45	45.89
138.0	88.64	65.92	45.92
138.2	88.25	65.36	45.94
138.4	87.83	64.77	45.97
138.6	87.4	64.19	46.0
138.8	86.97	63.63	46.02
139.0	86.57	63.17	46.05
139.2	86.26	62.88	46.07
139.4	85.96	62.64	46.09
139.6	85.65	62.43	46.11
139.8	85.34	62.26	46.13
140.0	85.02	62.11	46.15
140.2	84.69	61.97	46.17
140.4	84.14	61.72	46.19
140.6	83.59	61.49	46.21
140.8	83.09	61.28	46.22
141.0	82.65	61.13	46.24
141.2	82.32	61.04	46.25
141.4	82.19	61.05	46.26
141.6	82.35	61.18	46.27
141.8	82.61	61.39	46.27
142.0	82.97	61.68	46.28
142.2	83.39	62.04	46.29
142.4	83.85	62.52	46.29
142.6	84.35	63.12	46.3
142.8	84.85	63.74	46.31
143.0	85.32	64.35	46.32
143.2	85.75	64.92	46.32
143.4	85.96	65.26	46.33
143.6	86.08	65.5	46.34
143.8	86.19	65.7	46.35
144.0	86.31	65.87	46.35
144.2	86.49	66.05	46.36
144.4	86.9	66.32	46.37
144.6	87.37	66.61	46.38
144.8	87.89	66.93	46.38
145.0	88.47	67.27	46.39
145.2	89.1	67.65	46.39
145.4	89.93	68.2	46.4
145.6	90.71	68.72	46.41
145.8	91.37	69.16	46.41
146.0	91.85	69.47	46.42
146.2	91.89	69.51	46.43
146.4	91.59	69.32	46.44
146.6	91.12	68.95	46.44
146.8	90.52	68.41	46.45
147.0	89.81	67.51	46.46
147.2	89.06	66.42	46.47
147.4	88.32	65.34	46.48
147.6	87.66	64.35	46.48
147.8	87.22	63.81	46.49
148.0	87.07	63.83	46.49
148.2	87.05	64.03	46.5
148.4	87.12	64.34	46.5
148.6	87.27	64.68	46.5
148.8	87.56	64.9	46.5
149.0	87.83	65.04	46.5
149.2	88.02	65.07	46.49
149.4	88.05	64.94	46.49
149.6	87.55	64.31	46.48
149.8	86.78	63.45	46.48
150.0	85.91	62.51	46.47
150.2	84.99	61.54	46.47
150.4	84.22	60.76	46.46
150.6	83.77	60.33	46.46
150.8	83.39	60.02	46.45
151.0	83.09	59.81	46.45
151.2	82.83	59.7	46.44
151.4	82.6	59.67	46.44
151.6	82.3	59.69	46.43
151.8	81.99	59.77	46.43
152.0	81.7	59.88	46.42
152.2	81.44	60.02	46.42
152.4	81.21	60.18	46.41
152.6	81.02	60.29	46.41
152.8	80.85	60.28	46.4
153.0	80.75	60.29	46.4
153.2	80.73	60.37	46.39
153.4	80.8	60.53	46.39
153.6	81.01	60.83	46.38
153.8	81.41	61.39	46.38
154.0	81.92	62.05	46.37
154.2	82.53	62.81	46.37
154.4	83.22	63.64	46.36
154.6	84.05	64.6	46.37
154.8	84.95	65.61	46.37
155.0	85.86	66.59	46.38
155.2	86.76	67.5	46.39
155.4	87.66	68.32	46.4
155.6	88.5	68.98	46.4
155.8	89.15	69.42	46.41
156.0	89.56	69.59	46.42
156.2	89.36	69.12	46.43
156.4	88.65	68.15	46.44
156.6	87.75	66.96	46.45
156.8	86.73	65.68	46.46
157.0	85.82	64.5	46.46
157.2	85.52	63.98	46.47
157.4	85.36	63.63	46.48
157.6	85.3	63.41	46.48
157.8	85.32	63.3	46.49
158.0	85.39	63.3	46.5
158.2	85.48	63.37	46.5
158.4	85.41	63.49	46.51
158.6	85.28	63.63	46.51
158.8	85.15	63.79	46.52
159.0	85.02	63.94	46.53
159.2	84.92	64.06	46.53
159.4	84.83	64.13	46.54
159.6	84.73	63.84	46.54
159.8	84.66	63.48	46.55
160.0	84.66	63.15	46.55
160.2	84.73	62.89	46.56
160.4	84.89	62.75	46.56
160.6	85.22	63.01	46.56
160.8	85.69	63.53	46.56
161.0	86.26	64.16	46.56
161.2	86.93	64.86	46.55
161.4	87.68	65.6	46.54
161.6	88.78	66.4	46.53
161.8	89.92	67.14	46.52
162.0	90.97	67.77	46.51
162.2	91.86	68.21	46.5
162.4	92.33	68.28	46.49
162.6	92.15	67.79	46.48
162.8	91.73	67.1	46.46
163.0	91.12	66.26	46.45
163.2	90.4	65.33	46.44
163.4	89.82	64.53	46.43
163.6	89.35	63.87	46.42
163.8	88.89	63.25	46.41
164.0	88.42	62.67	46.4
164.2	87.95	62.16	46.38
164.4	87.48	61.72	46.37
164.6	87.0	61.4	46.36
164.8	86.51	61.31	46.35
165.0	86.01	61.3	46.34
165.2	85.51	61.34	46.33
165.4	85.02	61.42	46.32
165.6	84.53	61.53	46.3
165.8	84.04	61.64	46.29
166.0	83.53	61.67	46.28
166.2	82.91	61.49	46.27
166.4	82.35	61.33	46.26
166.6	81.85	61.21	46.25
166.8	81.44	61.17	46.24
167.0	81.15	61.22	46.23
167.2	81.04	61.41	46.21
167.4	81.31	61.89	46.2
167.6	81.69	62.49	46.19
167.8	82.15	63.18	46.18
168.0	82.65	63.97	46.16
168.2	83.17	64.84	46.15
168.4	83.47	65.84	46.14
168.6	83.81	66.88	46.12
168.8	84.22	67.92	46.11
169.0	84.73	68.94	46.09
169.2	85.71	70.1	46.07
169.4	86.85	71.18	46.06
169.6	87.87	71.99	46.04
169.8	88.66	72.39	46.03
170.0	88.62	71.73	46.01
170.2	88.07	70.43	46.0
170.4	87.28	68.87	45.98
170.6	86.36	67.22	45.97
170.8	85.72	66.25	45.95
171.0	85.25	65.71	45.94
171.2	84.83	65.35	45.92
171.4	84.45	65.13	45.9
171.6	84.12	65.03	45.89
171.8	83.83	65.01	45.87
172.0	83.57	64.9	45.86
172.2	83.35	64.8	45.84
172.4	83.15	64.71	45.83
172.6	82.96	64.62	45.81
172.8	82.78	64.52	45.8
173.0	82.61	64.39	45.78
173.2	82.38	64.1	45.77
173.4	82.14	63.77	45.75
173.6	81.9	63.43	45.73
173.8	81.69	63.08	45.72
174.0	81.48	62.76	45.7
174.2	81.31	62.46	45.69
174.4	81.18	62.22	45.67
174.6	81.08	62.04	45.66
174.8	81.01	61.91	45.64
175.0	80.99	61.84	45.63
175.2	81.0	61.85	45.61
175.4	81.07	61.99	45.59
175.6	81.2	62.28	45.58
175.8	81.37	62.63	45.56
176.0	81.58	63.0	45.55
176.2	81.84	63.38	45.53
176.4	82.12	63.71	45.52
176.6	82.4	63.9	45.51
176.8	82.75	64.1	45.5
177.0	83.2	64.33	45.5
177.2	83.76	64.62	45.5
177.4	84.69	65.23	45.51
177.6	85.72	65.89	45.52
177.8	86.76	66.48	45.54
178.0	87.73	66.95	45.56
178.2	88.46	67.03	45.57
178.4	89.0	66.86	45.59
178.6	89.33	66.49	45.61
178.8	89.42	65.93	45.62
179.0	89.0	65.09	45.64
179.2	88.24	64.07	45.66
179.4	87.3	62.98	45.68
179.6	86.26	61.86	45.7
179.8	85.2	60.77	45.72
180.0	84.57	60.1	45.73
180.2	84.18	59.66	45.75
180.4	83.86	59.34	45.76
180.6	83.62	59.14	45.77
180.8	83.41	59.03	45.79
181.0	83.23	58.99	45.8
181.2	83.05	59.02	45.81
181.4	82.7	59.05	45.82
181.6	82.34	59.13	45.84
181.8	81.99	59.24	45.85
182.0	81.65	59.36	45.86
182.2	81.33	59.49	45.87
182.4	81.03	59.62	45.89
182.6	80.68	59.59	45.9
182.8	80.37	59.53	45.91
183.0	80.13	59.5	45.92
183.2	79.99	59.54	45.93
183.4	79.97	59.67	45.94
183.6	80.1	59.92	45.94
183.8	80.47	60.4	45.94
184.0	81.0	61.0	45.94
184.2	81.68	61.73	45.94
184.4	82.53	62.59	45.93
184.6	83.64	63.68	45.93
184.8	85.06	65.03	45.92
185.0	86.49	66.36	45.91
185.2	87.84	67.56	45.9
185.4	88.97	68.47	45.89
185.6	89.71	68.9	45.88
185.8	90.2	69.03	45.87
186.0	90.4	68.87	45.86
186.2	90.24	68.33	45.85
186.4	89.53	67.27	45.84
186.6	88.61	66.02	45.84
186.8	87.56	64.66	45.83
187.0	86.46	63.28	45.82
187.2	85.72	62.35	45.81
187.4	85.35	61.88	45.8
187.6	85.08	61.55	45.79
187.8	84.89	61.34	45.78
188.0	84.77	61.21	45.77
188.2	84.67	61.15	45.76
188.4	84.58	61.1	45.75
188.6	84.3	60.83	45.74
188.8	84.02	60.58	45.74
189.0	83.75	60.34	45.73
189.2	83.5	60.13	45.72
189.4	83.27	59.95	45.71
189.6	83.07	59.8	45.7
189.8	82.85	59.58	45.69
190.0	82.69	59.44	45.68
190.2	82.61	59.4	45.67
190.4	82.62	59.51	45.66
190.6	82.75	59.77	45.65
190.8	83.14	60.47	45.65
191.0	83.66	61.36	45.65
191.2	84.27	62.34	45.65
191.4	84.95	63.33	45.65
191.6	85.68	64.26	45.65
191.8	86.44	65.07	45.65
192.0	87.19	65.79	45.65
192.2	87.89	66.39	45.65
192.4	88.52	66.85	45.66
192.6	89.03	67.15	45.66
192.8	89.4	67.27	45.66
193.0	89.57	67.18	45.66
193.2	89.34	66.72	45.66
193.4	88.71	65.91	45.66
193.6	87.92	64.95	45.66
193.8	87.04	63.94	45.67
194.0	86.15	62.96	45.67
194.2	85.69	62.48	45.67
194.4	85.32	62.12	45.67
194.6	85.01	61.87	45.67
194.8	84.76	61.69	45.67
195.0	84.54	61.58	45.67
195.2	84.31	61.42	45.68
195.4	84.03	61.15	45.68
195.6	83.77	60.97	45.68
195.8	83.54	60.88	45.68
196.0	83.34	60.93	45.68
196.2	83.17	61.14	45.68
196.4	83.12	61.98	45.68
196.6	83.1	62.99	45.68
196.8	83.09	64.04	45.68
197.0	83.08	65.04	45.68
197.2	83.05	65.92	45.69
197.4	82.84	66.23	45.69
197.6	82.57	66.23	45.7
197.8	82.35	66.17	45.7
198.0	82.25	66.11	45.71
198.2	82.37	66.2	45.72
198.4	82.75	66.5	45.74
198.6	83.29	66.92	45.75
198.8	83.97	67.46	45.77
199.0	84.84	68.25	45.79
199.2	85.83	69.23	45.81
199.4	86.86	70.19	45.82
199.6	87.84	71.05	45.84
199.8	88.74	71.63	45.86
200.0	89.47	71.96	45.87
200.2	89.99	72.01	45.89
200.4	90.11	71.65	45.91
200.6	89.68	70.72	45.93
200.8	89.03	69.59	45.95
201.0	88.25	68.37	45.97
201.2	87.56	67.34	45.99
201.4	87.02	66.57	46.01
201.6	86.53	65.93	46.03
201.8	86.1	65.4	46.05
202.0	85.73	64.99	46.07
202.2	85.51	64.82	46.09
202.4	85.34	64.73	46.1
202.6	85.21	64.7	46.12
202.8	85.11	64.68	46.14
203.0	85.02	64.62	46.15
203.2	84.9	64.34	46.17
203.4	84.78	64.03	46.19
203.6	84.62	63.71	46.2
203.8	84.42	63.41	46.22
204.0	84.14	63.19	46.23
204.2	83.74	63.12	46.25
204.4	83.29	63.06	46.27
204.6	82.81	63.0	46.28
204.8	82.31	62.9	46.3
205.0	81.78	62.58	46.32
205.2	81.23	62.13	46.33
205.4	80.74	61.72	46.35
205.6	80.31	61.38	46.37
205.8	80.01	61.22	46.38
206.0	79.93	61.41	46.38
206.2	79.95	61.74	46.39
206.4	80.06	62.18	46.39
206.6	80.23	62.72	46.39
206.8	80.43	63.37	46.39
207.0	80.69	64.04	46.38
207.2	80.99	64.69	46.38
207.4	81.34	65.26	46.38
207.6	81.77	65.58	46.37
207.8	82.21	65.85	46.37
208.0	82.63	66.08	46.36
208.2	82.99	66.39	46.36
208.4	83.26	66.84	46.35
208.6	83.45	67.24	46.35
208.8	83.55	67.52	46.35
209.0	83.48	67.49	46.34
209.2	83.25	67.11	46.34
209.4	82.94	66.6	46.33
209.6	82.57	66.01	46.33
209.8	82.18	65.43	46.32
210.0	81.81	64.98	46.32
210.2	81.45	64.55	46.32
210.4	81.09	64.15	46.31
210.6	80.74	63.79	46.31
210.8	80.43	63.44	46.3
211.0	80.14	63.15	46.3
211.2	79.89	62.94	46.29
211.4	79.66	62.82	46.29
211.6	79.49	62.85	46.28
211.8	79.39	63.14	46.28
212.0	79.31	63.5	46.28
212.2	79.25	63.91	46.27
212.4	79.19	64.33	46.27
212.6	79.01	64.6	46.26
212.8	78.8	64.79	46.25
213.0	78.67	65.0	46.25
213.2	78.63	65.25	46.25
213.4	78.86	65.63	46.25
213.6	79.32	66.12	46.26
213.8	79.89	66.68	46.27
214.0	80.54	67.29	46.28
214.2	81.18	67.94	46.3
214.4	81.83	68.62	46.31
214.6	82.51	69.31	46.33
214.8	83.25	70.0	46.35
215.0	84.22	70.82	46.37
215.2	85.15	71.55	46.38
215.4	85.95	72.11	46.4
215.6	86.41	72.29	46.42
215.8	86.39	71.96	46.44
216.0	86.15	71.38	46.46
216.2	85.75	70.62	46.48
216.4	85.28	69.72	46.5
216.6	84.77	68.76	46.52
216.8	84.23	67.79	46.54
217.0	83.71	66.88	46.55
217.2	83.29	66.23	46.57
217.4	83.07	65.97	46.59
217.6	82.9	65.84	46.61
217.8	82.76	65.79	46.63
218.0	82.64	65.77	46.64
218.2	82.44	65.63	46.66
218.4	82.19	65.37	46.67
218.6	81.94	65.11	46.69
218.8	81.69	64.87	46.71
219.0	81.46	64.65	46.72
219.2	81.26	64.54	46.74
219.4	81.1	64.49	46.75
219.6	80.96	64.46	46.77
219.8	80.84	64.43	46.78
220.0	80.73	64.37	46.8
220.2	80.59	64.13	46.81
220.4	80.5	63.95	46.83
220.6	80.46	63.87	46.84
220.8	80.51	63.97	46.85
221.0	80.72	64.58	46.85
221.2	81.01	65.3	46.86
221.4	81.36	66.05	46.87
221.6	81.76	66.7	46.87
221.8	82.19	67.03	46.88
222.0	82.65	67.28	46.88
222.2	83.14	67.47	46.89
222.4	83.69	67.7	46.89
222.6	84.28	68.02	46.9
222.8	84.85	68.24	46.9
223.0	85.34	68.33	46.91
223.2	85.64	68.05	46.92
223.4	85.78	67.48	46.92
223.6	85.8	66.79	46.93
223.8	85.72	66.04	46.93
224.0	85.51	65.35	46.94
224.2	85.23	64.71	46.95
224.4	84.91	64.13	46.95
224.6	84.59	63.64	46.96
224.8	84.36	63.37	46.96
225.0	84.24	63.29	46.97
225.2	84.13	63.29	46.98
225.4	84.03	63.34	46.98
225.6	83.92	63.4	46.99
225.8	83.75	63.29	46.99
226.0	83.55	63.17	47.0
226.2	83.33	63.06	47.0
226.4	83.08	62.96	47.01
226.6	82.77	62.96	47.01
226.8	82.42	63.06	47.02
227.0	82.04	63.17	47.02
227.2	81.64	63.26	47.03
227.4	81.25	63.31	47.03
227.6	80.8	63.01	47.04
227.8	80.4	62.71	47.04
228.0	80.06	62.5	47.05
228.2	79.83	62.44	47.05
228.4	79.84	62.93	47.05
228.6	79.99	63.68	47.05
228.8	80.26	64.52	47.05
229.0	80.62	65.37	47.05
229.2	81.09	66.03	47.05
229.4	81.6	66.57	47.04
229.6	82.15	67.01	47.04
229.8	82.68	67.28	47.04
230.0	83.16	67.23	47.04
230.2	83.61	67.12	47.03
230.4	84.03	67.04	47.03
230.6	84.43	67.26	47.03
230.8	84.8	67.78	47.03
231.0	85.08	68.28	47.03
231.2	85.23	68.65	47.02
231.4	85.05	68.44	47.02
231.6	84.71	67.96	47.02
231.8	84.3	67.33	47.02
232.0	83.86	66.64	47.01
232.2	83.57	66.01	47.01
232.4	83.32	65.43	47.01
232.6	83.1	64.94	47.01
232.8	82.93	64.57	47.01
233.0	82.84	64.58	47.0
233.2	82.79	64.81	47.0
233.4	82.76	65.11	47.0
233.6	82.72	65.42	47.0
233.8	82.64	65.51	46.99
234.0	82.48	65.31	46.99
234.2	82.32	65.1	46.99
234.4	82.18	64.94	46.99
234.6	82.07	64.92	46.99
234.8	82.02	65.23	46.98
235.0	82.02	65.66	46.98
235.2	82.08	66.2	46.98
235.4	82.22	66.81	46.98
235.6	82.47	67.51	46.97
235.8	82.79	68.24	46.97
236.0	83.2	68.96	46.97
236.2	83.72	69.63	46.97
236.4	84.37	70.16	46.96
236.6	85.06	70.68	46.96
236.8	85.74	71.22	46.96
237.0	86.35	71.95	46.96
237.2	86.89	72.74	46.96
237.4	87.37	73.44	46.95
237.6	87.75	73.94	46.95
237.8	87.99	73.94	46.95
238.0	88.18	73.8	46.95
238.2	88.34	73.62	46.95
238.4	88.61	73.71	46.94
238.6	88.93	73.97	46.94
238.8	89.17	74.14	46.94
239.0	89.28	74.12	46.94
239.2	88.92	73.35	46.94
239.4	88.38	72.32	46.93
239.6	87.75	71.15	46.93
239.8	87.08	69.94	46.93
240.0	86.63	69.0	46.93
240.2	86.22	68.17	46.93
240.4	85.84	67.44	46.92
240.6	85.49	66.86	46.92
240.8	85.19	66.52	46.92
241.0	84.91	66.48	46.92
241.2	84.66	66.56	46.92
241.4	84.42	66.69	46.92
241.6	84.19	66.84	46.91
241.8	83.94	66.81	46.91
242.0	83.69	66.69	46.91
242.2	83.44	66.55	46.91
242.4	83.2	66.38	46.91
242.6	82.96	66.19	46.9
242.8	82.71	65.99	46.9
243.0	82.48	65.81	46.9
243.2	82.28	65.67	46.9
243.4	82.11	65.6	46.9
243.6	81.97	65.6	46.89
243.8	81.9	65.72	46.89
244.0	81.92	66.01	46.89
244.2	82.09	66.63	46.89
244.4	82.42	67.58	46.89
244.6	82.81	68.61	46.89
244.8	83.24	69.65	46.89
245.0	83.64	70.45	46.89
245.2	84.03	71.14	46.89
245.4	84.42	71.76	46.89
245.6	84.77	72.35	46.9
245.8	85.07	72.93	46.9
246.0	85.38	73.44	46.9
246.2	85.7	73.86	46.9
246.4	86.19	74.23	46.91
246.6	86.69	74.45	46.91
246.8	87.07	74.49	46.91
247.0	87.17	74.19	46.91
247.2	86.87	73.47	46.92
247.4	86.43	72.62	46.92
247.6	85.9	71.73	46.92
247.8	85.46	71.12	46.93
248.0	85.09	70.7	46.93
248.2	84.73	70.33	46.93
248.4	84.4	69.96	46.93
248.6	84.11	69.44	46.94
248.8	83.86	68.75	46.94
249.0	83.62	68.09	46.94
249.2	83.38	67.5	46.94
249.4	83.14	67.07	46.94
249.6	82.84	67.16	46.95
249.8	82.52	67.36	46.95
250.0	82.18	67.59	46.95
250.2	81.82	67.77	46.95
250.4	81.34	67.59	46.96
250.6	80.83	67.18	46.96
250.8	80.37	66.76	46.96
251.0	80.01	66.39	46.96
251.2	79.88	66.22	46.97
251.4	79.99	66.26	46.97
251.6	80.21	66.43	46.97
251.8	80.5	66.73	46.97
252.0	80.81	67.24	46.97
252.2	81.14	67.86	46.97
252.4	81.49	68.54	46.97
252.6	81.83	69.2	46.97
252.8	82.07	69.72	46.97
253.0	82.32	70.2	46.97
253.2	82.63	70.64	46.97
253.4	83.14	71.11	46.97
253.6	83.83	71.57	46.97
253.8	84.49	71.9	46.97
254.0	85.04	72.03	46.97
254.2	85.15	71.66	46.97
254.4	85.09	71.07	46.97
254.6	84.9	70.34	46.97
254.8	84.62	69.58	46.97
255.0	84.29	68.86	46.97
255.2	83.93	68.13	46.98
255.4	83.57	67.41	46.98
255.6	83.3	66.72	46.98
255.8	83.13	66.09	46.98
256.0	82.97	65.51	46.98
256.2	82.81	64.98	46.98
256.4	82.58	64.5	46.98
256.6	82.24	64.07	46.98
256.8	81.88	63.73	46.98
257.0	81.52	63.51	46.98
257.2	81.21	63.42	46.98
257.4	81.04	63.67	46.98
257.6	80.9	64.0	46.98
257.8	80.76	64.36	46.98
258.0	80.6	64.68	46.98
258.2	80.23	64.71	46.98
258.4	79.85	64.65	46.98
258.6	79.54	64.59	46.98
258.8	79.37	64.57	46.98
259.0	79.57	64.7	46.98
259.2	79.95	64.94	46.99
259.4	80.46	65.31	46.99
259.6	81.1	65.87	46.97
259.8	81.84	66.68	46.95
260.0	82.6	67.58	46.92
260.2	83.32	68.53	46.89
260.4	83.81	69.43	46.85
260.6	84.19	70.29	46.81
260.8	84.56	71.08	46.77
261.0	85.08	71.82	46.74
261.2	85.79	72.48	46.7
261.4	86.42	72.91	46.66
261.6	86.84	73.01	46.62
261.8	86.64	72.35	46.59
262.0	86.21	71.4	46.55
262.2	85.64	70.28	46.51
262.4	85.09	69.18	46.47
262.6	84.6	68.17	46.44
262.8	84.11	67.25	46.4
263.0	83.66	66.45	46.36
263.2	83.33	66.09	46.32
263.4	83.07	65.98	46.29
263.6	82.82	65.96	46.25
263.8	82.57	65.93	46.21
264.0	82.23	65.63	46.17
264.2	81.8	65.04	46.14
264.4	81.34	64.41	46.1
264.6	80.86	63.78	46.06
264.8	80.37	63.26	46.02
265.0	79.89	62.97	45.99
265.2	79.42	62.79	45.95
265.4	78.98	62.69	45.91
265.6	78.57	62.67	45.87
265.8	78.19	62.73	45.83
266.0	77.87	62.87	45.8
266.2	77.66	63.07	45.76
266.4	77.57	63.34	45.72
266.6	77.73	63.62	45.69
266.8	78.02	63.98	45.66
267.0	78.41	64.43	45.63
267.2	78.86	65.05	45.63
267.4	79.32	65.88	45.65
267.6	79.85	66.75	45.67
267.8	80.46	67.6	45.7
268.0	81.17	68.19	45.72
268.2	81.94	68.71	45.75
268.4	82.77	69.28	45.77
268.6	83.66	70.19	45.79
268.8	84.58	71.4	45.82
269.0	85.42	72.49	45.84
269.2	86.08	73.22	45.87
269.4	86.37	73.07	45.89
269.6	86.49	72.6	45.92
269.8	86.48	71.91	45.94
270.0	86.41	71.22	45.97
270.2	86.28	70.53	45.99
270.4	86.09	69.84	46.01
270.6	85.85	69.22	46.04
270.8	85.54	68.79	46.06
271.0	85.24	68.44	46.09
271.2	84.96	68.15	46.11
271.4	84.81	67.91	46.14
271.6	84.84	67.72	46.16
271.8	84.91	67.54	46.18
272.0	84.97	67.35	46.21
272.2	84.95	67.11	46.23
272.4	84.78	66.79	46.25
272.6	84.54	66.45	46.28
272.8	84.23	66.12	46.3
273.0	83.81	65.83	46.32
273.2	83.3	65.58	46.35
273.4	82.76	65.37	46.37
273.6	82.23	65.2	46.39
273.8	81.78	65.03	46.41
274.0	81.41	64.89	46.44
274.2	81.13	64.82	46.46
274.4	80.96	64.84	46.48
274.6	80.93	65.06	46.49
274.8	81.04	65.42	46.51
275.0	81.28	65.82	46.52
275.2	81.64	66.21	46.52
275.4	82.18	66.47	46.52
275.6	82.78	66.75	46.52
275.8	83.41	67.12	46.51
276.0	83.99	67.81	46.51
276.2	84.52	68.63	46.5
276.4	85.0	69.38	46.5
276.6	85.5	69.96	46.5
276.8	85.98	70.26	46.49
277.0	86.2	70.17	46.49
277.2	85.97	69.51	46.48
277.4	84.66	67.61	46.48
277.6	83.03	65.34	46.47
277.8	81.27	62.96	46.47
278.0	80.05	61.34	46.47
278.2	79.55	60.7	46.46
278.4	79.31	60.43	46.46
278.6	79.25	60.45	46.45
278.8	79.31	60.67	46.45
279.0	79.43	60.99	46.44
279.2	79.24	61.0	46.44
279.4	79.06	61.04	46.44
279.6	78.9	61.11	46.43
279.8	78.77	61.21	46.43
280.0	78.66	61.33	46.42
280.2	78.63	61.49	46.42
280.4	78.63	61.66	46.41
280.6	78.65	61.81	46.41
280.8	78.69	61.93	46.41
281.0	78.75	61.94	46.4
281.2	78.81	61.82	46.4
281.4	78.88	61.7	46.39
281.6	78.95	61.63	46.39
281.8	79.02	61.65	46.38
282.0	78.92	61.88	46.38
282.2	78.85	62.25	46.38
282.4	78.88	62.77	46.37
282.6	79.08	63.42	46.37
282.8	79.72	64.36	46.36
283.0	80.73	65.51	46.36
283.2	81.83	66.68	46.36
283.4	82.93	67.77	46.35
283.6	83.82	68.66	46.34
283.8	84.5	69.31	46.33
284.0	85.01	69.72	46.31
284.2	85.35	69.83	46.28
284.4	85.36	69.29	46.26
284.6	85.18	68.43	46.22
284.8	84.87	67.44	46.19
285.0	84.47	66.42	46.16
285.2	84.13	65.87	46.12
285.4	83.77	65.48	46.09
285.6	83.39	65.18	46.06
285.8	82.97	64.95	46.03
286.0	82.51	64.74	45.99
286.2	81.95	64.38	45.96
286.4	81.39	64.06	45.93
286.6	80.84	63.8	45.9
286.8	80.33	63.61	45.86
287.0	79.9	63.54	45.83
287.2	79.61	63.68	45.8
287.4	79.4	63.93	45.76
287.6	79.28	64.26	45.74
287.8	79.25	64.67	45.72
