0.2	47.85	35.48	35.97
0.4	47.76	35.06	35.96
0.6	47.54	34.63	35.96
0.8	47.21	34.18	35.96
1.0	46.8	33.75	35.96
1.2	46.32	33.33	35.97
1.4	45.8	32.96	35.97
1.6	45.26	32.63	35.99
1.8	44.73	32.37	36.0
2.0	44.23	32.18	36.02
2.2	43.79	32.09	36.04
2.4	43.42	32.1	36.06
2.6	43.32	32.41	36.08
2.8	43.31	32.83	36.1
3.0	43.36	33.3	36.12
3.2	43.47	33.81	36.15
3.4	43.6	34.33	36.17
3.6	43.74	34.75	36.2
3.8	43.87	35.14	36.22
4.0	44.0	35.48	36.25
4.2	44.1	35.78	36.28
4.4	44.15	36.02	36.3
4.6	44.09	36.14	36.33
4.8	43.98	36.2	36.35
5.0	43.82	36.2	36.38
5.2	43.63	36.16	36.4
5.4	43.41	36.07	36.43
5.6	43.17	35.9	36.46
5.8	42.9	35.71	36.48
6.0	42.62	35.5	36.51
6.2	42.32	35.3	36.53
6.4	42.02	35.13	36.55
6.6	41.7	35.03	36.58
6.8	41.38	35.0	36.6
7.0	41.07	35.0	36.62
7.2	40.79	35.04	36.64
7.4	40.56	35.12	36.67
7.6	40.37	35.23	36.69
7.8	40.23	35.35	36.71
8.0	40.17	35.53	36.73
8.2	40.2	35.76	36.75
8.4	40.35	36.06	36.77
8.6	40.71	36.5	36.8
8.8	41.3	37.09	36.82
9.0	41.95	37.7	36.84
9.2	42.63	38.31	36.86
9.4	43.28	38.87	36.88
9.6	43.8	39.33	36.91
9.8	44.24	39.68	36.93
10.0	44.58	39.92	36.96
10.2	44.81	40.03	36.98
10.4	44.82	39.87	37.01
10.6	44.64	39.48	37.03
10.8	44.38	38.98	37.06
11.0	44.05	38.4	37.09
11.2	43.71	37.79	37.11
11.4	43.52	37.3	37.13
11.6	43.38	36.86	37.16
11.8	43.24	36.44	37.18
12.0	43.11	36.07	37.2
12.2	42.97	35.73	37.22
12.4	42.81	35.47	37.24
12.6	42.59	35.29	37.27
12.8	42.36	35.15	37.29
13.0	42.11	35.04	37.31
13.2	41.85	34.96	37.33
13.4	41.55	34.87	37.35
13.6	41.09	34.66	37.37
13.8	40.67	34.48	37.39
14.0	40.31	34.37	37.42
14.2	40.05	34.36	37.44
14.4	39.97	34.49	37.47
14.6	40.3	34.96	37.5
14.8	40.76	35.53	37.53
15.0	41.3	36.16	37.56
15.2	41.87	36.8	37.59
15.4	42.41	37.41	37.62
15.6	42.89	37.95	37.65
15.8	43.3	38.42	37.68
16.0	43.63	38.79	37.71
16.2	43.82	39.02	37.75
16.4	43.7	38.93	37.78
16.6	43.48	38.72	37.82
16.8	43.18	38.41	37.86
17.0	42.83	38.04	37.89
17.2	42.54	37.64	37.93
17.4	42.33	37.25	37.96
17.6	42.13	36.86	37.99
17.8	41.96	36.5	38.02
18.0	41.8	36.18	38.05
18.2	41.66	35.93	38.08
18.4	41.57	35.93	38.11
18.6	41.49	35.99	38.15
18.8	41.42	36.09	38.18
19.0	41.36	36.22	38.21
19.2	41.29	36.35	38.24
19.4	41.19	36.4	38.27
19.6	41.06	36.4	38.3
19.8	40.92	36.38	38.33
20.0	40.77	36.37	38.36
20.2	40.62	36.37	38.39
20.4	40.44	36.4	38.42
20.6	40.23	36.48	38.44
20.8	40.02	36.58	38.47
21.0	39.84	36.69	38.5
21.2	39.69	36.83	38.53
21.4	39.6	36.99	38.56
21.6	39.6	37.16	38.6
21.8	39.66	37.34	38.65
22.0	39.79	37.56	38.69
22.2	39.99	37.79	38.74
22.4	40.28	38.07	38.79
22.6	40.74	38.43	38.84
22.8	41.25	38.8	38.89
23.0	41.79	39.17	38.94
23.2	42.35	39.52	38.99
23.4	42.89	39.82	39.04
23.6	43.35	40.03	39.09
23.8	43.8	40.22	39.14
24.0	44.22	40.37	39.2
24.2	44.61	40.5	39.25
24.4	44.97	40.64	39.3
24.6	45.3	40.79	39.36
24.8	45.59	40.9	39.41
25.0	45.84	40.97	39.47
25.2	46.06	40.97	39.52
25.4	46.21	40.81	39.58
25.6	46.33	40.57	39.64
25.8	46.42	40.28	39.69
26.0	46.48	39.97	39.75
26.2	46.53	39.64	39.8
26.4	46.61	39.37	39.85
26.6	46.69	39.12	39.9
26.8	46.75	38.9	39.96
27.0	46.79	38.71	40.01
27.2	46.8	38.55	40.06
27.4	46.77	38.47	40.11
27.6	46.7	38.46	40.16
27.8	46.59	38.49	40.21
28.0	46.46	38.54	40.26
28.2	46.3	38.6	40.31
28.4	46.12	38.67	40.36
28.6	45.87	38.7	40.41
28.8	45.61	38.74	40.46
29.0	45.37	38.79	40.51
29.2	45.15	38.86	40.55
29.4	44.96	38.94	40.6
29.6	44.81	39.0	40.64
29.8	44.72	39.11	40.68
30.0	44.74	39.27	40.72
30.2	44.87	39.51	40.76
30.4	45.2	39.91	40.79
30.6	45.82	40.54	40.83
30.8	46.53	41.2	40.87
31.0	47.28	41.87	40.91
31.2	48.03	42.49	40.95
31.4	48.64	42.92	40.98
31.6	49.19	43.24	41.02
31.8	49.68	43.46	41.06
32.0	50.08	43.56	41.1
32.2	50.38	43.48	41.14
32.4	50.54	43.21	41.18
32.6	50.63	42.84	41.23
32.8	50.65	42.4	41.27
33.0	50.6	41.92	41.31
33.2	50.52	41.49	41.35
33.4	50.41	41.09	41.38
33.6	50.25	40.7	41.42
33.8	50.05	40.32	41.46
34.0	49.82	39.96	41.5
34.2	49.55	39.62	41.54
34.4	49.26	39.31	41.57
34.6	48.93	39.03	41.61
34.8	48.58	38.76	41.65
35.0	48.2	38.52	41.69
35.2	47.8	38.3	41.72
35.4	47.39	38.12	41.76
35.6	46.95	37.97	41.8
35.8	46.49	37.83	41.83
36.0	46.0	37.7	41.87
36.2	45.48	37.57	41.9
36.4	44.9	37.42	41.94
36.6	44.13	37.14	41.97
36.8	43.37	36.88	42.01
37.0	42.64	36.66	42.04
37.2	41.98	36.5	42.07
37.4	41.42	36.43	42.1
37.6	41.16	36.58	42.13
37.8	41.08	36.88	42.15
38.0	41.12	37.26	42.17
38.2	41.25	37.72	42.19
38.4	41.47	38.25	42.21
38.6	41.75	38.84	42.23
38.8	42.08	39.47	42.25
39.0	42.45	40.12	42.27
39.2	42.85	40.77	42.3
39.4	43.26	41.41	42.32
39.6	43.67	42.01	42.34
39.8	44.07	42.56	42.36
40.0	44.47	43.04	42.38
40.2	44.84	43.45	42.41
40.4	45.21	43.7	42.43
40.6	45.55	43.81	42.45
40.8	45.84	43.84	42.48
41.0	46.06	43.79	42.5
41.2	46.18	43.67	42.53
41.4	46.09	43.52	42.55
41.6	45.92	43.31	42.58
41.8	45.68	43.07	42.6
42.0	45.41	42.8	42.63
42.2	45.15	42.5	42.65
42.4	44.92	42.18	42.68
42.6	44.69	41.85	42.7
42.8	44.46	41.54	42.72
43.0	44.24	41.24	42.75
43.2	44.04	41.01	42.77
43.4	43.88	40.89	42.79
43.6	43.73	40.81	42.81
43.8	43.59	40.76	42.84
44.0	43.46	40.72	42.86
44.2	43.32	40.7	42.88
44.4	43.17	40.63	42.9
44.6	43.02	40.55	42.92
44.8	42.86	40.48	42.94
45.0	42.69	40.43	42.97
45.2	42.52	40.39	42.99
45.4	42.33	40.37	43.01
45.6	42.12	40.39	43.03
45.8	41.92	40.43	43.05
46.0	41.73	40.5	43.07
46.2	41.56	40.6	43.09
46.4	41.41	40.73	43.11
46.6	41.3	40.88	43.13
46.8	41.23	41.07	43.15
47.0	41.22	41.3	43.16
47.2	41.29	41.57	43.17
47.4	41.49	41.91	43.18
47.6	41.79	42.3	43.19
47.8	42.14	42.72	43.19
48.0	42.55	43.16	43.19
48.2	42.98	43.62	43.19
48.4	43.4	44.1	43.2
48.6	43.84	44.56	43.2
48.8	44.31	45.02	43.2
49.0	44.79	45.44	43.2
49.2	45.3	45.82	43.21
49.4	45.86	46.11	43.21
49.6	46.41	46.37	43.21
49.8	46.95	46.59	43.22
50.0	47.48	46.78	43.22
50.2	47.98	46.97	43.22
50.4	48.44	47.15	43.23
50.6	48.84	47.3	43.23
50.8	49.19	47.39	43.24
51.0	49.47	47.42	43.24
51.2	49.61	47.32	43.24
51.4	49.66	47.13	43.25
51.6	49.64	46.9	43.25
51.8	49.58	46.64	43.25
52.0	49.48	46.36	43.26
52.2	49.39	46.1	43.26
52.4	49.3	45.86	43.26
52.6	49.19	45.63	43.27
52.8	49.07	45.41	43.27
53.0	48.92	45.21	43.27
53.2	48.74	45.04	43.28
53.4	48.5	44.88	43.28
53.6	48.26	44.76	43.28
53.8	48.03	44.69	43.29
54.0	47.81	44.68	43.29
54.2	47.61	44.73	43.29
54.4	47.51	45.0	43.29
54.6	47.44	45.32	43.3
54.8	47.41	45.66	43.3
55.0	47.4	46.0	43.3
55.2	47.41	46.31	43.31
55.4	47.36	46.39	43.31
55.6	47.33	46.39	43.31
55.8	47.37	46.4	43.32
56.0	47.5	46.44	43.32
56.2	47.77	46.56	43.33
56.4	48.37	46.91	43.34
56.6	49.05	47.33	43.36
56.8	49.79	47.82	43.38
57.0	50.53	48.34	43.4
57.2	51.15	48.94	43.41
57.4	51.71	49.55	43.43
57.6	52.23	50.14	43.45
57.8	52.74	50.67	43.47
58.0	53.31	51.1	43.48
58.2	53.95	51.4	43.5
58.4	54.49	51.57	43.52
58.6	54.89	51.61	43.53
58.8	55.03	51.44	43.55
59.0	54.63	50.95	43.57
59.2	54.07	50.34	43.59
59.4	53.4	49.66	43.62
59.6	52.69	48.97	43.64
59.8	52.28	48.49	43.66
60.0	51.94	48.09	43.67
60.2	51.64	47.73	43.69
60.4	51.35	47.39	43.71
60.6	51.06	47.08	43.72
60.8	50.71	46.76	43.74
61.0	50.31	46.44	43.76
61.2	49.89	46.12	43.78
61.4	49.46	45.82	43.79
61.6	49.01	45.54	43.81
61.8	48.55	45.29	43.83
62.0	48.08	45.09	43.84
62.2	47.61	44.91	43.86
62.4	47.12	44.73	43.88
62.6	46.61	44.55	43.89
62.8	46.08	44.36	43.91
63.0	45.4	44.01	43.92
63.2	44.68	43.61	43.94
63.4	44.02	43.27	43.96
63.6	43.45	43.04	43.97
63.8	43.02	42.95	43.99
64.0	42.93	43.23	43.99
64.2	43.11	43.8	44.0
64.4	43.43	44.5	44.0
64.6	43.89	45.27	44.01
64.8	44.46	46.09	44.01
65.0	45.12	46.83	44.02
65.2	45.84	47.56	44.02
65.4	46.6	48.27	44.03
65.6	47.39	48.96	44.03
65.8	48.22	49.69	44.04
66.0	49.04	50.39	44.04
66.2	49.77	50.97	44.05
66.4	50.37	51.38	44.05
66.6	50.67	51.42	44.06
66.8	50.65	51.09	44.06
67.0	50.5	50.58	44.07
67.2	50.26	49.96	44.08
67.4	50.05	49.34	44.08
67.6	50.0	48.85	44.09
67.8	49.96	48.36	44.09
68.0	49.9	47.88	44.1
68.2	49.81	47.41	44.1
68.4	49.69	46.96	44.11
68.6	49.42	46.55	44.11
68.8	49.08	46.16	44.12
69.0	48.7	45.79	44.12
69.2	48.28	45.44	44.13
69.4	47.84	45.1	44.13
69.6	47.39	44.77	44.14
69.8	46.97	44.46	44.14
70.0	46.54	44.16	44.15
70.2	46.09	43.85	44.15
70.4	45.62	43.54	44.16
70.6	45.13	43.23	44.16
70.8	44.53	42.83	44.17
71.0	43.81	42.3	44.17
71.2	43.12	41.81	44.17
71.4	42.48	41.41	44.18
71.6	41.95	41.12	44.18
71.8	41.55	40.99	44.19
72.0	41.4	41.2	44.2
72.2	41.45	41.61	44.22
72.4	41.69	42.22	44.23
72.6	42.14	43.01	44.25
72.8	42.82	43.99	44.26
73.0	44.74	46.03	44.27
73.2	46.66	48.04	44.28
73.4	48.23	49.7	44.29
73.6	49.16	50.76	44.31
73.8	48.55	50.41	44.33
74.0	46.22	48.47	44.35
74.2	43.53	46.18	44.38
74.4	40.86	43.88	44.41
74.6	40.35	43.49	44.43
74.8	40.48	43.66	44.45
75.0	41.09	44.23	44.46
75.2	42.03	45.1	44.47
75.4	43.15	46.11	44.49
75.6	44.28	47.14	44.5
75.8	44.47	47.37	44.51
76.0	44.59	47.53	44.53
76.2	44.64	47.62	44.55
76.4	44.64	47.67	44.56
76.6	44.58	47.67	44.58
76.8	44.51	47.64	44.6
77.0	44.41	47.57	44.61
77.2	44.29	47.48	44.63
77.4	44.16	47.38	44.65
77.6	44.02	47.27	44.66
77.8	43.89	47.17	44.68
78.0	43.79	47.13	44.69
78.2	43.7	47.09	44.71
78.4	43.62	47.05	44.72
78.6	43.55	47.01	44.74
78.8	43.51	46.95	44.76
79.0	43.5	46.85	44.77
79.2	43.53	46.71	44.79
79.4	43.57	46.57	44.8
79.6	43.63	46.41	44.82
79.8	43.69	46.26	44.83
80.0	43.74	46.11	44.85
80.2	43.67	45.87	44.86
80.4	43.63	45.67	44.87
80.6	43.64	45.54	44.87
80.8	43.72	45.5	44.88
81.0	43.9	45.58	44.88
81.2	44.35	46.01	44.88
81.4	44.94	46.6	44.87
81.6	45.61	47.27	44.86
81.8	46.35	47.99	44.85
82.0	47.14	48.73	44.84
82.2	47.93	49.4	44.83
82.4	48.74	50.05	44.82
82.6	49.57	50.66	44.8
82.8	50.39	51.23	44.79
83.0	51.29	51.78	44.78
83.2	52.16	52.25	44.76
83.4	52.93	52.61	44.75
83.6	53.55	52.82	44.74
83.8	53.78	52.69	44.72
84.0	53.76	52.35	44.71
84.2	53.59	51.92	44.7
84.4	53.35	51.44	44.68
84.6	53.15	51.09	44.67
84.8	53.02	50.88	44.66
85.0	52.89	50.71	44.64
85.2	52.76	50.57	44.63
85.4	52.61	50.46	44.62
85.6	52.47	50.34	44.6
85.8	52.33	50.22	44.59
86.0	52.17	50.11	44.58
86.2	51.98	49.98	44.56
86.4	51.76	49.86	44.55
86.6	51.48	49.72	44.54
86.8	51.12	49.56	44.52
87.0	50.71	49.39	44.51
87.2	50.26	49.19	44.5
87.4	49.77	48.95	44.48
87.6	49.25	48.68	44.47
87.8	48.6	48.23	44.46
88.0	47.95	47.76	44.44
88.2	47.31	47.3	44.43
88.4	46.71	46.87	44.42
88.6	46.17	46.5	44.4
88.8	45.75	46.3	44.39
89.0	45.44	46.2	44.37
89.2	45.23	46.19	44.36
89.4	45.14	46.28	44.35
89.6	45.17	46.46	44.34
89.8	45.45	46.82	44.34
90.0	45.83	47.26	44.34
90.2	46.3	47.74	44.35
90.4	46.83	48.25	44.36
90.6	47.38	48.73	44.36
90.8	47.94	49.18	44.37
91.0	48.49	49.61	44.37
91.2	49.04	50.02	44.38
91.4	49.59	50.41	44.38
91.6	50.12	50.81	44.39
91.8	50.59	51.14	44.39
92.0	50.96	51.34	44.4
92.2	51.17	51.37	44.4
92.4	51.06	51.02	44.41
92.6	50.83	50.55	44.42
92.8	50.52	50.0	44.42
93.0	50.16	49.42	44.43
93.2	49.89	49.04	44.43
93.4	49.63	48.71	44.44
93.6	49.36	48.4	44.45
93.8	49.07	48.09	44.45
94.0	48.76	47.77	44.46
94.2	48.36	47.32	44.46
94.4	47.93	46.83	44.47
94.6	47.49	46.34	44.47
94.8	47.05	45.88	44.48
95.0	46.62	45.45	44.48
95.2	46.25	45.15	44.49
95.4	45.92	44.94	44.49
95.6	45.6	44.77	44.5
95.8	45.29	44.64	44.5
96.0	44.98	44.53	44.51
96.2	44.64	44.4	44.51
96.4	44.22	44.24	44.52
96.6	43.82	44.1	44.52
96.8	43.48	43.99	44.53
97.0	43.2	43.92	44.53
97.2	43.03	43.91	44.54
97.4	43.04	43.97	44.54
97.6	43.16	44.1	44.55
97.8	43.38	44.3	44.55
98.0	43.7	44.59	44.55
98.2	44.17	45.04	44.55
98.4	44.77	45.63	44.55
98.6	45.44	46.27	44.54
98.8	46.15	46.92	44.54
99.0	46.86	47.52	44.53
99.2	47.54	47.98	44.53
99.4	48.19	48.39	44.52
99.6	48.8	48.78	44.51
99.8	49.35	49.14	44.5
100.0	49.85	49.63	44.49
100.2	50.25	50.07	44.48
100.4	50.55	50.42	44.47
100.6	50.72	50.63	44.46
100.8	50.62	50.46	44.45
101.0	50.36	50.08	44.44
101.2	49.99	49.6	44.43
101.4	49.56	49.06	44.42
101.6	49.11	48.56	44.41
101.8	48.69	48.19	44.4
102.0	48.27	47.83	44.39
102.2	47.85	47.5	44.39
102.4	47.43	47.18	44.38
102.6	47.06	46.87	44.37
102.8	46.75	46.56	44.36
103.0	46.46	46.28	44.35
103.2	46.18	46.02	44.34
103.4	45.9	45.78	44.33
103.6	45.61	45.57	44.32
103.8	45.21	45.38	44.31
104.0	44.8	45.23	44.3
104.2	44.41	45.13	44.29
104.4	44.06	45.08	44.28
104.6	43.77	45.08	44.27
104.8	43.57	45.17	44.26
105.0	43.46	45.33	44.25
105.2	43.46	45.56	44.24
105.4	43.58	45.86	44.23
105.6	43.85	46.24	44.23
105.8	44.41	46.74	44.23
106.0	45.08	47.3	44.24
106.2	45.81	47.9	44.25
106.4	46.58	48.54	44.26
106.6	47.29	49.18	44.27
106.8	47.97	49.83	44.28
107.0	48.63	50.46	44.29
107.2	49.28	51.06	44.3
107.4	49.93	51.66	44.31
107.6	50.55	52.2	44.32
107.8	51.11	52.63	44.33
108.0	51.6	52.91	44.35
108.2	51.98	52.84	44.36
108.4	52.25	52.53	44.37
108.6	52.4	52.09	44.38
108.8	52.43	51.55	44.39
109.0	52.26	51.0	44.41
109.2	51.89	50.47	44.42
109.4	51.43	49.92	44.43
109.6	50.92	49.37	44.45
109.8	50.38	48.84	44.46
110.0	49.98	48.32	44.47
110.2	49.61	47.84	44.48
110.4	49.27	47.4	44.49
110.6	48.94	47.02	44.5
110.8	48.64	46.72	44.51
111.0	48.39	46.61	44.52
111.2	48.16	46.62	44.53
111.4	47.94	46.67	44.54
111.6	47.72	46.75	44.55
111.8	47.48	46.84	44.56
112.0	47.09	46.76	44.57
112.2	46.61	46.59	44.58
112.4	46.19	46.47	44.59
112.6	45.9	46.47	44.6
112.8	45.77	46.62	44.62
113.0	46.13	47.27	44.63
113.2	46.67	48.08	44.64
113.4	47.36	48.98	44.66
113.6	48.15	49.93	44.67
113.8	49.05	50.85	44.69
114.0	49.99	51.71	44.7
114.2	50.91	52.49	44.72
114.4	51.76	53.14	44.73
114.6	52.42	53.55	44.75
114.8	52.87	53.69	44.76
115.0	53.18	53.68	44.78
115.2	53.36	53.52	44.8
115.4	53.39	53.22	44.81
115.6	53.27	52.76	44.83
115.8	53.04	52.23	44.85
116.0	52.74	51.66	44.86
116.2	52.38	51.07	44.88
116.4	52.05	50.62	44.89
116.6	51.75	50.29	44.91
116.8	51.44	50.0	44.92
117.0	51.11	49.74	44.94
117.2	50.76	49.51	44.95
117.4	50.4	49.28	44.97
117.6	50.01	49.04	44.98
117.8	49.61	48.81	45.0
118.0	49.18	48.59	45.01
118.2	48.73	48.36	45.02
118.4	48.26	48.13	45.04
118.6	47.61	47.78	45.05
118.8	46.94	47.42	45.06
119.0	46.32	47.12	45.07
119.2	45.78	46.9	45.07
119.4	45.37	46.78	45.08
119.6	45.29	46.96	45.08
119.8	45.4	47.29	45.08
120.0	45.62	47.7	45.08
120.2	45.94	48.18	45.07
120.4	46.3	48.66	45.07
120.6	46.68	49.12	45.06
120.8	47.09	49.58	45.06
121.0	47.54	50.04	45.05
121.2	48.0	50.48	45.04
121.4	48.54	50.98	45.04
121.6	49.06	51.42	45.03
121.8	49.53	51.76	45.02
122.0	49.92	51.97	45.02
122.2	50.07	51.82	45.01
122.4	50.07	51.44	45.0
122.6	49.98	50.97	45.0
122.8	49.8	50.43	44.99
123.0	49.59	49.95	44.98
123.2	49.36	49.65	44.98
123.4	49.1	49.37	44.97
123.6	48.83	49.11	44.96
123.8	48.55	48.86	44.96
124.0	48.29	48.6	44.95
124.2	48.12	48.27	44.95
124.4	47.94	47.95	44.94
124.6	47.77	47.64	44.93
124.8	47.57	47.35	44.93
125.0	47.35	47.09	44.92
125.2	47.04	46.91	44.91
125.4	46.69	46.79	44.91
125.6	46.31	46.68	44.9
125.8	45.91	46.59	44.89
126.0	45.5	46.51	44.89
126.2	45.03	46.31	44.88
126.4	44.53	46.03	44.87
126.6	44.08	45.83	44.87
126.8	43.72	45.73	44.86
127.0	43.47	45.78	44.85
127.2	43.52	46.24	44.85
127.4	43.79	46.99	44.84
127.6	44.16	47.84	44.83
127.8	44.59	48.74	44.83
128.0	45.05	49.61	44.82
128.2	45.44	50.3	44.82
128.4	45.83	50.93	44.82
128.6	46.22	51.51	44.82
128.8	46.58	52.03	44.82
129.0	46.92	52.49	44.82
129.2	47.23	52.88	44.82
129.4	47.5	53.19	44.82
129.6	47.73	53.41	44.82
129.8	47.91	53.52	44.82
130.0	48.03	53.49	44.82
130.2	48.1	53.37	44.82
130.4	48.12	53.19	44.82
130.6	48.08	52.94	44.82
130.8	47.93	52.65	44.82
131.0	47.73	52.31	44.82
131.2	47.49	51.96	44.82
131.4	47.21	51.59	44.82
131.6	46.91	51.23	44.82
131.8	46.67	50.96	44.82
132.0	46.43	50.72	44.82
132.2	46.16	50.48	44.82
132.4	45.85	50.25	44.82
132.6	45.51	50.01	44.82
132.8	44.98	49.66	44.82
133.0	44.31	49.24	44.82
133.2	43.66	48.86	44.82
133.4	43.07	48.54	44.82
133.6	42.59	48.31	44.82
133.8	42.35	48.29	44.82
134.0	42.44	48.55	44.82
134.2	42.68	48.91	44.82
134.4	43.03	49.36	44.82
134.6	43.49	49.87	44.82
134.8	44.07	50.46	44.82
135.0	44.72	51.08	44.83
135.2	45.38	51.68	44.83
135.4	46.02	52.21	44.83
135.6	46.57	52.61	44.83
135.8	46.94	52.76	44.83
136.0	47.21	52.79	44.83
136.2	47.38	52.69	44.83
136.4	47.44	52.49	44.83
136.6	47.34	52.12	44.83
136.8	47.11	51.65	44.83
137.0	46.81	51.13	44.84
137.2	46.45	50.57	44.84
137.4	46.06	50.0	44.84
137.6	45.74	49.58	44.84
137.8	45.43	49.21	44.84
138.0	45.1	48.86	44.84
138.2	44.77	48.53	44.84
138.4	44.42	48.22	44.84
138.6	44.02	47.87	44.84
138.8	43.53	47.46	44.84
139.0	43.06	47.09	44.84
139.2	42.64	46.78	44.84
139.4	42.29	46.54	44.85
139.6	42.03	46.41	44.85
139.8	41.97	46.47	44.85
140.0	42.04	46.65	44.86
140.2	42.22	46.96	44.87
140.4	42.52	47.37	44.88
140.6	42.96	47.93	44.89
140.8	43.65	48.76	44.9
141.0	44.4	49.64	44.91
141.2	45.15	50.49	44.93
141.4	45.86	51.26	44.94
141.6	46.35	51.7	44.96
141.8	46.68	51.92	44.97
142.0	46.93	52.02	44.99
142.2	47.1	52.02	45.0
142.4	47.2	51.97	45.02
142.6	47.27	51.92	45.03
142.8	47.28	51.82	45.05
143.0	47.23	51.69	45.06
143.2	47.14	51.52	45.07
143.4	46.99	51.33	45.09
143.6	46.79	51.11	45.1
143.8	46.54	50.88	45.11
144.0	46.25	50.63	45.13
144.2	45.91	50.37	45.14
144.4	45.54	50.1	45.15
144.6	45.07	49.81	45.17
144.8	44.47	49.46	45.18
145.0	43.87	49.14	45.19
145.2	43.31	48.87	45.2
145.4	42.83	48.68	45.22
145.6	42.45	48.58	45.22
145.8	42.36	48.73	45.23
146.0	42.45	49.04	45.24
146.2	42.67	49.43	45.24
146.4	43.01	49.89	45.24
146.6	43.47	50.4	45.24
146.8	44.11	50.99	45.23
147.0	44.84	51.6	45.22
147.2	45.6	52.18	45.21
147.4	46.37	52.69	45.2
147.6	47.07	53.06	45.19
147.8	47.6	53.19	45.17
148.0	48.08	53.22	45.16
148.2	48.5	53.16	45.14
148.4	48.85	53.03	45.13
148.6	49.16	52.87	45.11
148.8	49.41	52.69	45.1
149.0	49.61	52.48	45.08
149.2	49.75	52.23	45.07
149.4	49.84	51.96	45.06
149.6	49.68	51.49	45.04
149.8	49.41	50.98	45.03
150.0	49.2	50.55	45.01
150.2	49.11	50.28	45.0
150.4	49.21	50.23	44.98
150.6	50.65	51.51	44.97
150.8	52.7	53.42	44.95
151.0	54.26	54.9	44.94
151.2	54.91	55.55	44.93
151.4	53.87	54.62	44.91
151.6	49.88	50.92	44.9
151.8	45.4	46.76	44.88
152.0	41.56	43.22	44.87
152.2	40.75	42.53	44.86
152.4	41.05	42.87	44.85
152.6	42.2	43.99	44.83
152.8	43.92	45.63	44.82
153.0	45.96	47.54	44.81
153.2	47.97	49.37	44.8
153.4	48.74	49.94	44.79
153.6	49.45	50.4	44.77
153.8	50.07	50.77	44.76
154.0	50.62	51.05	44.75
154.2	51.06	51.2	44.74
154.4	51.37	51.23	44.73
154.6	51.63	51.2	44.71
154.8	51.83	51.15	44.7
155.0	52.0	51.09	44.69
155.2	52.24	51.16	44.68
155.4	52.5	51.31	44.67
155.6	52.71	51.46	44.65
155.8	52.88	51.57	44.64
156.0	52.98	51.65	44.63
156.2	52.86	51.54	44.62
156.4	52.6	51.31	44.6
156.6	52.32	51.06	44.59
156.8	52.06	50.84	44.58
157.0	51.85	50.66	44.57
157.2	51.91	50.69	44.57
157.4	52.07	50.8	44.56
157.6	52.27	50.97	44.56
157.8	52.5	51.17	44.56
158.0	52.73	51.42	44.57
158.2	52.95	51.71	44.57
158.4	53.13	51.97	44.58
158.6	53.26	52.18	44.59
158.8	53.29	52.31	44.59
159.0	53.12	52.24	44.6
159.2	52.86	52.07	44.61
159.4	52.54	51.82	44.61
159.6	52.17	51.5	44.62
159.8	51.8	51.06	44.63
160.0	51.44	50.53	44.63
160.2	51.05	49.98	44.64
160.4	50.66	49.43	44.65
160.6	50.26	48.91	44.65
160.8	49.85	48.54	44.66
161.0	49.45	48.37	44.67
161.2	49.04	48.26	44.67
161.4	48.62	48.17	44.68
161.6	48.21	48.1	44.68
161.8	47.79	48.02	44.69
162.0	47.2	47.67	44.69
162.2	46.65	47.34	44.7
162.4	46.2	47.06	44.7
162.6	45.87	46.88	44.71
162.8	45.74	46.84	44.71
163.0	46.07	47.16	44.71
163.2	46.54	47.6	44.71
163.4	47.13	48.13	44.72
163.6	47.78	48.71	44.72
163.8	48.47	49.35	44.72
164.0	49.15	49.99	44.72
164.2	49.77	50.58	44.72
164.4	50.29	51.05	44.72
164.6	50.56	51.26	44.72
164.8	50.56	51.2	44.73
165.0	50.44	51.0	44.73
165.2	50.24	50.68	44.73
165.4	50.0	50.28	44.73
165.6	49.81	49.83	44.73
165.8	49.6	49.34	44.73
166.0	49.37	48.83	44.74
166.2	49.14	48.32	44.74
166.4	48.91	47.89	44.74
166.6	48.69	47.58	44.74
166.8	48.47	47.32	44.74
167.0	48.24	47.08	44.74
167.2	48.01	46.86	44.74
167.4	47.72	46.63	44.74
167.6	47.32	46.29	44.75
167.8	46.96	46.01	44.75
168.0	46.66	45.79	44.75
168.2	46.47	45.69	44.75
168.4	46.56	45.85	44.76
168.6	46.87	46.22	44.78
168.8	47.28	46.67	44.79
169.0	47.74	47.15	44.8
169.2	48.21	47.64	44.82
169.4	48.66	48.07	44.83
169.6	49.06	48.44	44.84
169.8	49.37	48.7	44.86
170.0	49.56	48.82	44.87
170.2	49.4	48.58	44.89
170.4	49.08	48.18	44.9
170.6	48.67	47.67	44.92
170.8	48.2	47.1	44.94
171.0	47.75	46.51	44.95
171.2	47.35	45.95	44.97
171.4	46.96	45.4	44.98
171.6	46.56	44.9	44.99
171.8	46.18	44.46	45.01
172.0	45.81	44.17	45.02
172.2	45.47	44.1	45.03
172.4	45.14	44.12	45.05
172.6	44.84	44.2	45.06
172.8	44.54	44.32	45.07
173.0	44.27	44.47	45.08
173.2	43.88	44.44	45.09
173.4	43.51	44.39	45.1
173.6	43.23	44.41	45.11
173.8	43.08	44.53	45.12
174.0	43.12	44.79	45.13
174.2	43.63	45.46	45.13
174.4	44.4	46.33	45.13
174.6	45.28	47.28	45.13
174.8	46.2	48.23	45.13
175.0	47.08	49.11	45.12
175.2	47.82	49.83	45.12
175.4	48.47	50.43	45.12
175.6	49.0	50.9	45.11
175.8	49.35	51.19	45.11
176.0	49.31	51.07	45.1
176.2	49.12	50.81	45.1
176.4	48.83	50.46	45.09
176.6	48.47	50.06	45.09
176.8	48.19	49.78	45.08
177.0	48.08	49.73	45.08
177.2	47.98	49.72	45.08
177.4	47.86	49.7	45.07
177.6	47.71	49.67	45.07
177.8	47.52	49.6	45.06
178.0	47.03	49.23	45.06
178.2	46.5	48.8	45.05
178.4	45.99	48.4	45.04
178.6	45.55	48.06	45.04
178.8	45.22	47.82	45.04
179.0	45.28	47.99	45.04
179.2	45.52	48.31	45.05
179.4	45.85	48.7	45.05
179.6	46.25	49.14	45.06
179.8	46.68	49.56	45.07
180.0	47.08	49.89	45.08
180.2	47.48	50.18	45.09
180.4	47.86	50.42	45.1
180.6	48.19	50.59	45.11
180.8	48.4	50.6	45.13
181.0	48.53	50.51	45.14
181.2	48.61	50.37	45.15
181.4	48.66	50.19	45.16
181.6	48.68	50.0	45.17
181.8	48.73	49.87	45.18
182.0	48.76	49.73	45.19
182.2	48.75	49.58	45.2
182.4	48.69	49.41	45.21
182.6	48.54	49.18	45.22
182.8	48.21	48.83	45.23
183.0	47.87	48.5	45.24
183.2	47.55	48.21	45.25
183.4	47.3	47.98	45.26
183.6	47.21	47.89	45.26
183.8	47.29	47.97	45.27
184.0	47.5	48.15	45.28
184.2	47.83	48.43	45.28
184.4	48.32	48.85	45.28
184.6	49.07	49.48	45.28
184.8	49.9	50.17	45.27
185.0	50.73	50.87	45.26
185.2	51.5	51.52	45.25
185.4	52.02	52.02	45.24
185.6	52.44	52.42	45.22
185.8	52.75	52.72	45.21
186.0	52.96	52.91	45.2
186.2	53.0	52.88	45.18
186.4	52.96	52.74	45.17
186.6	52.84	52.52	45.16
186.8	52.68	52.23	45.14
187.0	52.53	51.94	45.13
187.2	52.41	51.65	45.12
187.4	52.27	51.36	45.1
187.6	52.09	51.07	45.09
187.8	51.87	50.8	45.08
188.0	51.46	50.52	45.06
188.2	50.98	50.28	45.05
188.4	50.54	50.11	45.04
188.6	50.2	50.03	45.02
188.8	50.05	50.1	45.01
189.0	50.34	50.45	44.99
189.2	50.77	50.89	44.98
189.4	51.29	51.38	44.97
189.6	51.85	51.89	44.95
189.8	52.4	52.38	44.94
190.0	52.91	52.81	44.94
190.2	53.34	53.13	44.93
190.4	53.65	53.33	44.92
190.6	53.67	53.16	44.91
190.8	53.46	52.74	44.91
191.0	53.14	52.23	44.9
191.2	52.74	51.67	44.9
191.4	52.35	51.22	44.89
191.6	52.04	51.0	44.88
191.8	51.71	50.82	44.88
192.0	51.35	50.64	44.87
192.2	50.96	50.45	44.86
192.4	50.43	50.09	44.85
192.6	49.81	49.59	44.85
192.8	49.21	49.11	44.84
193.0	48.68	48.71	44.83
193.2	48.27	48.44	44.83
193.4	48.19	48.54	44.83
193.6	48.28	48.83	44.83
193.8	48.5	49.23	44.84
194.0	48.82	49.72	44.86
194.2	49.27	50.3	44.87
194.4	49.82	50.93	44.9
194.6	50.38	51.52	44.93
194.8	50.9	52.03	44.96
195.0	51.26	52.31	45.0
195.2	51.38	52.27	45.03
195.4	51.41	52.1	45.06
195.6	51.36	51.82	45.1
195.8	51.27	51.47	45.13
196.0	51.18	51.13	45.16
196.2	51.06	50.76	45.19
196.4	50.93	50.37	45.22
196.6	50.79	49.99	45.25
196.8	50.67	49.65	45.28
197.0	50.59	49.36	45.31
197.2	50.5	49.11	45.34
197.4	50.39	48.87	45.37
197.6	50.25	48.65	45.39
197.8	49.97	48.41	45.42
198.0	49.51	48.11	45.45
198.2	49.07	47.87	45.48
198.4	48.72	47.74	45.5
198.6	48.51	47.74	45.53
198.8	48.65	48.03	45.55
199.0	49.05	48.52	45.56
199.2	49.63	49.14	45.58
199.4	50.4	49.88	45.59
199.6	51.4	50.74	45.59
199.8	52.59	51.7	45.59
200.0	53.88	52.7	45.59
200.2	55.2	53.68	45.58
200.4	56.54	54.62	45.58
200.6	57.84	55.49	45.57
200.8	59.01	56.22	45.57
201.0	59.99	56.76	45.56
201.2	60.55	56.92	45.56
201.4	60.68	56.7	45.55
201.6	60.63	56.33	45.55
201.8	60.43	55.87	45.54
202.0	60.26	55.48	45.54
202.2	60.19	55.27	45.53
202.4	60.1	55.09	45.53
202.6	59.98	54.92	45.52
202.8	59.84	54.77	45.52
203.0	59.66	54.61	45.51
203.2	59.44	54.45	45.51
203.4	59.19	54.28	45.5
203.6	58.91	54.11	45.5
203.8	58.61	53.93	45.49
204.0	58.27	53.73	45.49
204.2	57.85	53.46	45.48
204.4	57.45	53.22	45.47
204.6	57.09	53.01	45.47
204.8	56.8	52.87	45.47
205.0	56.69	52.92	45.48
205.2	56.72	53.1	45.49
205.4	56.81	53.32	45.51
205.6	56.94	53.54	45.53
205.8	57.1	53.73	45.55
206.0	57.3	53.87	45.57
206.2	57.43	53.93	45.59
206.4	57.46	53.86	45.61
206.6	57.29	53.62	45.63
206.8	56.66	53.0	45.65
207.0	55.89	52.25	45.67
207.2	55.03	51.44	45.7
207.4	54.13	50.62	45.72
207.6	53.45	50.03	45.74
207.8	52.85	49.53	45.76
208.0	52.29	49.09	45.78
208.2	51.75	48.69	45.8
208.4	51.23	48.33	45.82
208.6	50.7	47.96	45.84
208.8	50.17	47.6	45.86
209.0	49.64	47.26	45.88
209.2	49.11	46.94	45.9
209.4	48.58	46.63	45.92
209.6	48.01	46.33	45.94
209.8	47.33	45.96	45.96
210.0	46.68	45.64	45.97
210.2	46.09	45.4	45.99
210.4	45.59	45.25	46.01
210.6	45.21	45.23	46.02
210.8	45.14	45.53	46.03
211.0	45.19	45.95	46.04
211.2	45.36	46.44	46.04
211.4	45.63	47.0	46.05
211.6	46.0	47.58	46.05
211.8	46.47	48.16	46.05
212.0	46.98	48.72	46.05
212.2	47.5	49.26	46.05
212.4	48.02	49.74	46.05
212.6	48.48	50.13	46.05
212.8	48.88	50.44	46.05
213.0	49.21	50.65	46.05
213.2	49.43	50.75	46.05
213.4	49.44	50.66	46.05
213.6	49.25	50.39	46.05
213.8	48.98	50.05	46.05
214.0	48.67	49.67	46.05
214.2	48.34	49.27	46.05
214.4	48.21	49.05	46.05
214.6	48.12	48.87	46.05
214.8	48.04	48.7	46.05
215.0	47.97	48.54	46.05
215.2	47.9	48.39	46.04
215.4	47.78	48.19	46.04
215.6	47.62	47.95	46.04
215.8	47.44	47.71	46.04
216.0	47.25	47.47	46.04
216.2	47.03	47.24	46.04
216.4	46.79	47.02	46.04
216.6	46.45	46.76	46.04
216.8	46.11	46.55	46.04
217.0	45.81	46.4	46.04
217.2	45.57	46.34	46.04
217.4	45.41	46.38	46.04
217.6	45.45	46.65	46.05
217.8	45.59	47.03	46.05
218.0	45.83	47.5	46.05
218.2	46.16	48.05	46.04
218.4	46.62	48.68	46.03
218.6	47.23	49.4	46.01
218.8	47.9	50.14	45.99
219.0	48.6	50.87	45.96
219.2	49.31	51.58	45.94
219.4	49.98	52.15	45.91
219.6	50.62	52.65	45.88
219.8	51.2	53.09	45.86
220.0	51.72	53.46	45.83
220.2	52.14	53.77	45.81
220.4	52.46	54.03	45.78
220.6	52.68	54.2	45.76
220.8	52.8	54.29	45.73
221.0	52.8	54.26	45.71
221.2	52.64	54.06	45.68
221.4	52.4	53.78	45.66
221.6	52.08	53.45	45.63
221.8	51.71	53.1	45.6
222.0	51.32	52.8	45.58
222.2	50.93	52.54	45.55
222.4	50.51	52.29	45.53
222.6	50.08	52.04	45.5
222.8	49.64	51.81	45.48
223.0	49.23	51.6	45.45
223.2	48.84	51.41	45.43
223.4	48.45	51.22	45.4
223.6	48.06	51.03	45.38
223.8	47.66	50.83	45.35
224.0	47.21	50.59	45.32
224.2	46.65	50.24	45.3
224.4	46.13	49.92	45.27
224.6	45.66	49.65	45.24
224.8	45.29	49.45	45.22
225.0	45.09	49.4	45.2
225.2	45.21	49.63	45.18
225.4	45.44	49.96	45.17
225.6	45.77	50.37	45.17
225.8	46.17	50.82	45.16
226.0	46.61	51.31	45.17
226.2	47.07	51.82	45.18
226.4	47.53	52.29	45.19
226.6	47.99	52.71	45.2
226.8	48.43	53.04	45.22
227.0	48.82	53.11	45.23
227.2	49.15	53.06	45.24
227.4	49.43	52.92	45.26
227.6	49.63	52.7	45.27
227.8	49.7	52.42	45.28
228.0	49.62	52.09	45.3
228.2	49.46	51.73	45.31
228.4	49.26	51.35	45.32
228.6	49.01	50.97	45.34
228.8	48.79	50.64	45.35
229.0	48.6	50.35	45.36
229.2	48.39	50.08	45.37
229.4	48.17	49.83	45.39
229.6	47.93	49.59	45.4
229.8	47.66	49.36	45.41
230.0	47.27	49.1	45.42
230.2	46.89	48.87	45.43
230.4	46.54	48.67	45.44
230.6	46.23	48.51	45.45
230.8	45.99	48.41	45.46
231.0	45.88	48.38	45.47
231.2	45.87	48.42	45.48
231.4	45.97	48.54	45.49
231.6	46.19	48.75	45.5
231.8	46.54	49.08	45.5
232.0	47.14	49.61	45.51
232.2	47.82	50.21	45.51
232.4	48.56	50.83	45.51
232.6	49.33	51.44	45.51
232.8	50.1	51.99	45.51
233.0	50.83	52.48	45.51
233.2	51.49	52.88	45.52
233.4	52.05	53.18	45.52
233.6	52.39	53.29	45.52
233.8	52.56	53.24	45.52
234.0	52.61	53.07	45.52
234.2	52.54	52.78	45.53
234.4	52.34	52.34	45.53
234.6	52.03	51.76	45.53
234.8	51.65	51.14	45.53
235.0	51.23	50.51	45.53
235.2	50.79	49.9	45.54
235.4	50.47	49.54	45.54
235.6	50.2	49.34	45.54
235.8	49.95	49.2	45.54
236.0	49.7	49.11	45.54
236.2	49.45	49.05	45.54
236.4	49.17	48.97	45.55
236.6	48.77	48.76	45.55
236.8	48.37	48.57	45.55
237.0	48.01	48.41	45.55
237.2	47.7	48.31	45.55
237.4	47.46	48.27	45.55
237.6	47.36	48.33	45.56
237.8	47.36	48.49	45.56
238.0	47.47	48.76	45.56
238.2	47.69	49.15	45.56
238.4	48.06	49.74	45.56
238.6	48.62	50.63	45.56
238.8	49.27	51.59	45.56
239.0	49.99	52.53	45.56
239.2	50.75	53.4	45.56
239.4	51.54	53.9	45.55
239.6	52.33	54.27	45.55
239.8	53.08	54.56	45.54
240.0	53.78	54.77	45.54
240.2	54.4	55.06	45.53
240.4	54.91	55.32	45.53
240.6	55.28	55.46	45.52
240.8	55.47	55.46	45.52
241.0	55.31	55.08	45.51
241.2	54.84	54.4	45.51
241.4	54.24	53.59	45.5
241.6	53.56	52.7	45.5
241.8	52.87	51.82	45.49
242.0	52.51	51.2	45.49
242.2	52.18	50.63	45.48
242.4	51.89	50.13	45.48
242.6	51.63	49.68	45.47
242.8	51.37	49.29	45.47
243.0	51.07	48.99	45.46
243.2	50.73	48.76	45.46
243.4	50.38	48.58	45.45
243.6	50.02	48.43	45.45
243.8	49.66	48.3	45.44
244.0	49.26	48.14	45.44
244.2	48.75	47.85	45.43
244.4	48.28	47.6	45.43
244.6	47.88	47.42	45.42
244.8	47.59	47.34	45.42
245.0	47.5	47.43	45.41
245.2	47.73	47.82	45.41
245.4	48.1	48.31	45.41
245.6	48.56	48.86	45.42
245.8	49.1	49.44	45.42
246.0	49.68	49.98	45.42
246.2	50.28	50.5	45.43
246.4	50.89	50.98	45.44
246.6	51.48	51.41	45.45
246.8	52.02	51.77	45.46
247.0	52.5	52.05	45.47
247.2	52.92	52.25	45.48
247.4	53.24	52.35	45.48
247.6	53.44	52.32	45.49
247.8	53.49	52.13	45.5
248.0	53.44	51.85	45.51
248.2	53.3	51.49	45.52
248.4	53.08	51.06	45.53
248.6	52.76	50.51	45.54
248.8	52.38	49.95	45.55
249.0	51.97	49.38	45.56
249.2	51.55	48.85	45.57
249.4	51.16	48.44	45.57
249.6	50.88	48.26	45.58
249.8	50.61	48.15	45.59
250.0	50.35	48.08	45.6
250.2	50.08	48.05	45.61
250.4	49.79	48.02	45.61
250.6	49.37	47.83	45.62
250.8	48.97	47.66	45.63
251.0	48.59	47.55	45.64
251.2	48.26	47.51	45.65
251.4	48.03	47.59	45.65
251.6	47.94	47.92	45.66
251.8	47.95	48.35	45.67
252.0	48.08	48.85	45.67
252.2	48.32	49.41	45.68
252.4	48.75	49.99	45.69
252.6	49.37	50.57	45.69
252.8	50.08	51.16	45.69
253.0	50.83	51.74	45.7
253.2	51.59	52.3	45.7
253.4	52.33	52.9	45.71
253.6	53.01	53.43	45.71
253.8	53.61	53.87	45.71
254.0	54.09	54.17	45.72
254.2	54.32	54.18	45.72
254.4	54.38	54.01	45.73
254.6	54.32	53.71	45.73
254.8	54.16	53.3	45.74
255.0	53.91	52.8	45.74
255.2	53.59	52.22	45.75
255.4	53.21	51.61	45.75
255.6	52.8	51.01	45.75
255.8	52.37	50.45	45.76
256.0	52.0	50.13	45.76
256.2	51.65	49.92	45.77
256.4	51.29	49.75	45.77
256.6	50.92	49.62	45.77
256.8	50.53	49.5	45.78
257.0	50.03	49.25	45.78
257.2	49.45	48.91	45.79
257.4	48.91	48.61	45.79
257.6	48.47	48.4	45.79
257.8	48.15	48.32	45.8
258.0	48.18	48.6	45.8
258.2	48.43	49.1	45.8
258.4	48.79	49.67	45.8
258.6	49.21	50.25	45.8
258.8	49.64	50.77	45.8
259.0	50.05	51.14	45.78
259.2	50.41	51.41	45.77
259.4	50.7	51.58	45.75
259.6	50.87	51.63	45.73
259.8	50.72	51.41	45.72
260.0	50.43	51.06	45.7
260.2	50.06	50.64	45.68
260.4	49.63	50.17	45.67
260.6	49.23	49.73	45.65
260.8	48.9	49.36	45.63
261.0	48.58	49.01	45.62
261.2	48.27	48.69	45.6
261.4	47.96	48.4	45.58
261.6	47.65	48.16	45.57
261.8	47.36	47.99	45.55
262.0	47.08	47.85	45.53
262.2	46.79	47.75	45.51
262.4	46.5	47.67	45.5
262.6	46.22	47.61	45.48
262.8	45.78	47.45	45.46
263.0	45.36	47.32	45.44
263.2	45.01	47.25	45.42
263.4	44.77	47.27	45.41
263.6	44.66	47.41	45.4
263.8	45.03	47.93	45.39
264.0	45.53	48.55	45.39
264.2	46.1	49.22	45.4
264.4	46.7	49.87	45.4
264.6	47.23	50.41	45.41
264.8	47.62	50.76	45.42
265.0	47.94	51.03	45.43
265.2	48.19	51.22	45.45
265.4	48.35	51.32	45.46
265.6	48.34	51.3	45.47
265.8	48.21	51.19	45.49
266.0	48.02	51.03	45.5
266.2	47.78	50.85	45.51
266.4	47.52	50.64	45.52
266.6	47.34	50.55	45.54
266.8	47.16	50.46	45.55
267.0	46.96	50.36	45.56
267.2	46.74	50.25	45.57
267.4	46.49	50.12	45.58
267.6	46.05	49.8	45.59
267.8	45.57	49.45	45.6
268.0	45.13	49.16	45.61
268.2	44.78	48.97	45.62
268.4	44.57	48.93	45.63
268.6	44.77	49.36	45.64
268.8	45.1	49.92	45.65
269.0	45.54	50.56	45.66
269.2	46.05	51.24	45.67
269.4	46.61	51.87	45.68
269.6	47.2	52.43	45.69
269.8	47.77	52.92	45.7
270.0	48.28	53.29	45.71
270.2	48.67	53.48	45.72
270.4	48.81	53.37	45.73
270.6	48.86	53.13	45.74
270.8	48.83	52.79	45.75
271.0	48.75	52.39	45.76
271.2	48.66	52.0	45.77
271.4	48.56	51.62	45.78
271.6	48.43	51.24	45.79
271.8	48.28	50.87	45.8
272.0	48.11	50.54	45.81
272.2	47.97	50.35	45.82
272.4	47.82	50.24	45.83
272.6	47.64	50.15	45.84
272.8	47.43	50.06	45.84
273.0	47.18	49.97	45.85
273.2	46.78	49.74	45.86
273.4	46.19	49.32	45.87
273.6	45.61	48.92	45.88
273.8	45.08	48.59	45.89
274.0	44.65	48.37	45.9
274.2	44.43	48.39	45.9
274.4	44.55	48.8	45.91
274.6	44.83	49.34	45.91
274.8	45.23	49.99	45.91
275.0	45.75	50.71	45.91
275.2	46.4	51.46	45.91
275.4	47.14	52.22	45.9
275.6	47.92	52.94	45.9
275.8	48.7	53.6	45.89
276.0	49.43	54.12	45.88
276.2	50.04	54.42	45.88
276.4	50.58	54.6	45.87
276.6	51.03	54.67	45.86
276.8	51.38	54.65	45.85
277.0	51.56	54.55	45.85
277.2	51.63	54.37	45.84
277.4	51.6	54.11	45.83
277.6	51.49	53.77	45.83
277.8	51.29	53.33	45.82
278.0	51.01	52.78	45.81
278.2	50.67	52.19	45.8
278.4	50.27	51.57	45.8
278.6	49.83	50.95	45.79
278.8	49.31	50.35	45.78
279.0	48.74	49.78	45.78
279.2	48.18	49.28	45.77
279.4	47.65	48.85	45.76
279.6	47.19	48.52	45.75
279.8	46.86	48.38	45.75
280.0	46.68	48.41	45.74
280.2	46.61	48.54	45.73
280.4	46.64	48.77	45.73
280.6	46.77	49.08	45.72
280.8	47.15	49.55	45.71
281.0	47.6	50.04	45.7
281.2	48.07	50.5	45.7
281.4	48.52	50.88	45.69
281.6	48.81	50.99	45.68
281.8	48.98	50.92	45.67
282.0	49.07	50.74	45.66
282.2	49.07	50.49	45.65
282.4	48.93	50.18	45.64
282.6	48.65	49.84	45.63
282.8	48.3	49.48	45.62
283.0	47.91	49.12	45.61
283.2	47.49	48.78	45.6
283.4	47.15	48.55	45.59
283.6	46.86	48.4	45.58
283.8	46.57	48.27	45.57
284.0	46.26	48.17	45.56
284.2	45.94	48.07	45.55
284.4	45.48	47.89	45.54
284.6	44.87	47.63	45.53
284.8	44.32	47.42	45.52
285.0	43.88	47.29	45.51
285.2	43.59	47.29	45.5
285.4	43.71	47.59	45.49
285.6	44.18	48.14	45.48
285.8	44.79	48.8	45.48
286.0	45.48	49.52	45.47
286.2	46.19	50.28	45.47
286.4	46.84	51.05	45.48
286.6	47.45	51.78	45.48
286.8	47.97	52.41	45.49
287.0	48.38	52.9	45.5
287.2	48.48	52.98	45.5
287.4	48.41	52.86	45.51
287.6	48.24	52.61	45.52
287.8	47.98	52.26	45.52
