0.2	104.52	59.18	46.58
0.4	104.83	59.84	46.58
0.6	105.31	60.53	46.58
0.8	105.94	61.26	46.58
1.0	106.7	62.0	46.58
1.2	107.54	62.73	46.58
1.4	108.45	63.45	46.58
1.6	109.39	64.13	46.58
1.8	110.34	64.77	46.58
2.0	111.24	65.36	46.58
2.2	112.08	65.89	46.58
2.4	112.86	66.31	46.58
2.6	113.59	66.6	46.58
2.8	114.26	66.69	46.58
3.0	114.85	66.54	46.58
3.2	115.37	66.26	46.58
3.4	115.79	65.88	46.58
3.6	116.06	65.46	46.58
3.8	116.18	65.02	46.58
4.0	116.21	64.54	46.58
4.2	116.2	64.03	46.58
4.4	116.18	63.45	46.58
4.6	116.17	62.8	46.58
4.8	116.18	62.18	46.58
5.0	116.2	61.65	46.58
5.2	116.26	61.27	46.58
5.4	116.33	61.25	46.58
5.6	116.47	61.37	46.58
5.8	116.72	61.59	46.58
6.0	117.11	61.9	46.56
6.2	117.83	62.32	46.54
6.4	118.69	62.74	46.5
6.6	119.61	63.11	46.46
6.8	120.57	63.35	46.42
7.0	121.5	63.2	46.39
7.2	122.38	62.89	46.35
7.4	123.17	62.49	46.32
7.6	123.83	62.04	46.28
7.8	124.21	61.66	46.25
8.0	124.4	61.32	46.21
8.2	124.45	60.98	46.18
8.4	124.37	60.68	46.14
8.6	124.21	60.43	46.11
8.8	123.96	60.23	46.07
9.0	123.63	60.07	46.04
9.2	123.22	59.96	46.0
9.4	122.74	59.88	45.97
9.6	122.2	59.9	45.93
9.8	121.62	59.95	45.9
10.0	120.99	60.01	45.86
10.2	120.32	60.05	45.83
10.4	119.62	60.06	45.79
10.6	118.92	59.89	45.76
10.8	118.2	59.68	45.72
11.0	117.46	59.44	45.69
11.2	116.72	59.18	45.65
11.4	115.96	58.93	45.62
11.6	115.16	58.75	45.58
11.8	114.37	58.59	45.55
12.0	113.6	58.44	45.51
12.2	112.85	58.29	45.48
12.4	112.15	58.16	45.44
12.6	111.44	57.92	45.41
12.8	110.8	57.71	45.37
13.0	110.27	57.56	45.34
13.2	109.86	57.51	45.3
13.4	109.63	57.59	45.26
13.6	109.76	58.01	45.23
13.8	110.03	58.55	45.19
14.0	110.4	59.19	45.16
14.2	110.85	59.89	45.12
14.4	111.28	60.65	45.09
14.6	111.68	61.44	45.05
14.8	112.11	62.2	45.02
15.0	112.57	62.88	44.98
15.2	113.03	63.38	44.95
15.4	113.51	63.59	44.91
15.6	114.01	63.75	44.88
15.8	114.55	63.89	44.84
16.0	115.15	64.19	44.81
16.2	115.81	64.77	44.77
16.4	116.51	65.35	44.73
16.6	117.21	65.86	44.7
16.8	117.91	66.11	44.68
17.0	118.58	65.95	44.67
17.2	119.23	65.72	44.67
17.4	119.87	65.48	44.68
17.6	120.48	65.47	44.69
17.8	121.06	65.71	44.71
18.0	121.61	65.99	44.72
18.2	122.13	66.25	44.75
18.4	122.66	66.33	44.77
18.6	123.16	66.23	44.78
18.8	123.59	66.03	44.8
19.0	123.92	65.74	44.82
19.2	124.05	65.34	44.84
19.4	123.95	64.83	44.86
19.6	123.75	64.28	44.88
19.8	123.47	63.73	44.9
20.0	123.16	63.22	44.92
20.2	122.95	62.84	44.93
20.4	122.71	62.51	44.95
20.6	122.42	62.25	44.97
20.8	122.07	62.06	44.99
21.0	121.59	61.98	45.01
21.2	120.97	62.03	45.02
21.4	120.3	62.11	45.04
21.6	119.61	62.18	45.06
21.8	118.9	62.22	45.08
22.0	118.28	62.09	45.1
22.2	117.69	61.85	45.12
22.4	117.13	61.57	45.13
22.6	116.57	61.24	45.15
22.8	116.03	60.88	45.17
23.0	115.5	60.5	45.19
23.2	114.97	60.11	45.2
23.4	114.44	59.74	45.22
23.6	113.9	59.38	45.24
23.8	113.35	59.06	45.26
24.0	112.72	58.86	45.27
24.2	112.06	58.73	45.29
24.4	111.42	58.64	45.31
24.6	110.8	58.57	45.32
24.8	110.22	58.51	45.34
25.0	109.73	58.39	45.36
25.2	109.3	58.27	45.37
25.4	108.95	58.19	45.39
25.6	108.68	58.16	45.41
25.8	108.51	58.2	45.42
26.0	108.48	58.41	45.44
26.2	108.54	58.66	45.46
26.4	108.66	58.96	45.48
26.6	108.84	59.29	45.49
26.8	109.04	59.62	45.51
27.0	109.27	59.94	45.53
27.2	109.55	60.25	45.54
27.4	109.86	60.53	45.56
27.6	110.22	60.76	45.58
27.8	110.62	60.92	45.59
28.0	111.06	61.04	45.61
28.2	111.52	61.13	45.63
28.4	112.0	61.17	45.64
28.6	112.5	61.18	45.66
28.8	113.01	61.16	45.68
29.0	113.53	61.13	45.69
29.2	114.02	61.08	45.71
29.4	114.47	61.02	45.73
29.6	114.93	60.99	45.76
29.8	115.41	61.03	45.79
30.0	115.97	61.24	45.84
30.2	116.58	61.62	45.9
30.4	117.21	62.02	45.96
30.6	117.83	62.39	46.03
30.8	118.41	62.62	46.1
31.0	118.94	62.72	46.16
31.2	119.4	62.73	46.22
31.4	119.79	62.63	46.29
31.6	120.03	62.36	46.35
31.8	120.17	61.98	46.42
32.0	120.24	61.55	46.48
32.2	120.25	61.09	46.55
32.4	120.22	60.65	46.61
32.6	120.17	60.24	46.68
32.8	120.09	59.88	46.74
33.0	120.0	59.58	46.8
33.2	119.95	59.46	46.87
33.4	119.91	59.48	46.93
33.6	119.86	59.56	47.0
33.8	119.78	59.69	47.06
34.0	119.65	59.82	47.12
34.2	119.44	59.89	47.18
34.4	119.2	59.97	47.25
34.6	118.93	60.06	47.31
34.8	118.64	60.17	47.37
35.0	118.34	60.31	47.43
35.2	118.05	60.46	47.5
35.4	117.75	60.64	47.56
35.6	117.46	60.84	47.62
35.8	117.19	61.07	47.68
36.0	116.97	61.37	47.74
36.2	116.77	61.67	47.8
36.4	116.56	61.97	47.86
36.6	116.35	62.25	47.93
36.8	116.09	62.49	47.99
37.0	115.81	62.68	48.05
37.2	115.52	62.83	48.11
37.4	115.23	62.93	48.17
37.6	114.93	62.96	48.23
37.8	114.61	62.77	48.29
38.0	114.31	62.58	48.35
38.2	114.07	62.46	48.4
38.4	113.89	62.45	48.46
38.6	113.81	62.77	48.52
38.8	113.84	63.32	48.58
39.0	113.96	64.01	48.64
39.2	114.19	64.83	48.69
39.4	114.58	65.82	48.75
39.6	115.11	66.93	48.81
39.8	115.71	68.05	48.87
40.0	116.35	69.13	48.93
40.2	117.01	70.01	48.99
40.4	117.65	70.73	49.05
40.6	118.27	71.31	49.11
40.8	118.82	71.75	49.17
41.0	119.19	71.94	49.23
41.2	119.49	72.01	49.29
41.4	119.75	72.02	49.36
41.6	120.0	72.03	49.42
41.8	120.25	72.09	49.49
42.0	120.52	72.2	49.55
42.2	120.81	72.36	49.61
42.4	121.19	72.68	49.64
42.6	121.62	73.11	49.67
42.8	122.05	73.57	49.68
43.0	122.44	74.01	49.7
43.2	122.69	74.28	49.71
43.4	122.87	74.48	49.73
43.6	123.0	74.64	49.75
43.8	123.11	74.78	49.77
44.0	123.24	74.97	49.79
44.2	123.34	75.13	49.81
44.4	123.41	75.22	49.83
44.6	123.42	75.2	49.85
44.8	123.35	74.97	49.87
45.0	123.23	74.66	49.89
45.2	123.04	74.3	49.91
45.4	122.8	73.93	49.93
45.6	122.5	73.59	49.95
45.8	122.14	73.26	49.96
46.0	121.74	72.96	49.98
46.2	121.31	72.71	50.0
46.4	120.85	72.62	50.02
46.6	120.37	72.54	50.04
46.8	119.85	72.45	50.06
47.0	119.31	72.29	50.08
47.2	118.7	71.79	50.1
47.4	118.08	71.25	50.12
47.6	117.46	70.73	50.14
47.8	116.86	70.3	50.16
48.0	116.36	70.31	50.18
48.2	115.91	70.52	50.2
48.4	115.49	70.8	50.21
48.6	115.1	71.06	50.23
48.8	114.68	71.11	50.25
49.0	114.25	70.91	50.27
49.2	113.84	70.66	50.29
49.4	113.44	70.41	50.31
49.6	113.08	70.23	50.32
49.8	112.7	70.19	50.34
50.0	112.4	70.24	50.36
50.2	112.2	70.38	50.38
50.4	112.12	70.61	50.39
50.6	112.2	70.89	50.41
50.8	112.45	71.31	50.43
51.0	112.89	71.88	50.45
51.2	113.57	72.67	50.46
51.4	114.54	73.74	50.48
51.6	115.7	74.99	50.5
51.8	117.04	76.43	50.52
52.0	118.56	78.16	50.53
52.2	120.19	80.02	50.55
52.4	121.87	81.88	50.57
52.6	123.53	83.59	50.59
52.8	125.14	85.08	50.61
53.0	126.69	86.41	50.63
53.2	128.14	87.57	50.65
53.4	129.45	88.54	50.67
53.6	130.67	89.28	50.69
53.8	131.79	89.67	50.71
54.0	132.81	89.56	50.72
54.2	133.75	89.28	50.74
54.4	134.6	88.93	50.75
54.6	135.46	89.02	50.77
54.8	136.23	89.16	50.78
55.0	136.86	89.23	50.79
55.2	137.28	89.06	50.8
55.4	137.39	88.41	50.82
55.6	137.33	87.59	50.83
55.8	137.13	86.67	50.84
56.0	136.81	85.72	50.85
56.2	136.44	84.86	50.86
56.4	135.98	84.04	50.87
56.6	135.46	83.28	50.89
56.8	134.89	82.59	50.9
57.0	134.29	82.14	50.91
57.2	133.67	81.86	50.92
57.4	133.03	81.64	50.93
57.6	132.38	81.45	50.94
57.8	131.71	81.26	50.95
58.0	131.06	80.9	50.96
58.2	130.42	80.51	50.97
58.4	129.77	80.11	50.98
58.6	129.13	79.71	50.99
58.8	128.5	79.34	51.01
59.0	127.87	78.99	51.02
59.2	127.25	78.68	51.03
59.4	126.66	78.42	51.04
59.6	126.09	78.21	51.05
59.8	125.6	78.19	51.06
60.0	125.14	78.24	51.07
60.2	124.69	78.29	51.08
60.4	124.23	78.32	51.09
60.6	123.73	78.22	51.11
60.8	123.14	77.89	51.12
61.0	122.55	77.53	51.13
61.2	121.97	77.18	51.14
61.4	121.42	76.86	51.15
61.6	120.93	76.71	51.16
61.8	120.5	76.67	51.17
62.0	120.13	76.71	51.18
62.2	119.84	76.82	51.19
62.4	119.64	76.99	51.2
62.6	119.63	77.26	51.21
62.8	119.68	77.57	51.22
63.0	119.78	77.92	51.23
63.2	119.91	78.29	51.24
63.4	120.0	78.61	51.25
63.6	120.07	78.93	51.27
63.8	120.14	79.27	51.28
64.0	120.21	79.65	51.29
64.2	120.27	80.18	51.3
64.4	120.33	80.81	51.31
64.6	120.39	81.41	51.32
64.8	120.46	81.95	51.33
65.0	120.52	82.2	51.34
65.2	120.58	82.21	51.35
65.4	120.69	82.17	51.36
65.6	120.85	82.13	51.37
65.8	121.19	82.26	51.38
66.0	121.66	82.54	51.39
66.2	122.14	82.88	51.4
66.4	122.59	83.25	51.41
66.6	122.82	83.63	51.43
66.8	122.99	84.0	51.44
67.0	123.18	84.36	51.45
67.2	123.5	84.7	51.46
67.4	124.01	85.01	51.47
67.6	124.52	85.23	51.49
67.8	124.97	85.35	51.5
68.0	125.15	85.16	51.51
68.2	125.22	84.86	51.52
68.4	125.21	84.54	51.54
68.6	125.19	84.32	51.55
68.8	125.21	84.32	51.56
69.0	125.19	84.36	51.57
69.2	125.11	84.39	51.59
69.4	124.91	84.31	51.6
69.6	124.58	84.11	51.61
69.8	124.19	83.85	51.62
70.0	123.75	83.56	51.64
70.2	123.28	83.28	51.65
70.4	122.8	83.04	51.66
70.6	122.28	82.76	51.67
70.8	121.74	82.42	51.69
71.0	121.17	81.94	51.7
71.2	120.55	81.21	51.71
71.4	119.91	80.44	51.72
71.6	119.26	79.69	51.73
71.8	118.6	79.01	51.75
72.0	117.97	78.68	51.76
72.2	117.35	78.48	51.77
72.4	116.72	78.34	51.78
72.6	116.09	78.22	51.79
72.8	115.44	77.98	51.81
73.0	114.77	77.64	51.82
73.2	114.11	77.3	51.83
73.4	113.47	77.0	51.84
73.6	112.85	76.77	51.85
73.8	112.29	76.72	51.87
74.0	111.77	76.74	51.88
74.2	111.3	76.8	51.89
74.4	110.86	76.91	51.9
74.6	110.48	77.04	51.91
74.8	110.14	77.18	51.92
75.0	109.86	77.33	51.94
75.2	109.63	77.46	51.95
75.4	109.41	77.49	51.96
75.6	109.18	77.35	51.97
75.8	109.07	77.29	51.98
76.0	109.14	77.37	51.99
76.2	109.49	77.75	52.0
76.4	110.3	78.7	52.01
76.6	111.27	79.79	52.02
76.8	112.35	80.94	52.04
77.0	113.42	81.92	52.05
77.2	114.37	82.6	52.06
77.4	115.35	83.28	52.07
77.6	116.35	84.0	52.08
77.8	117.46	85.05	52.09
78.0	118.64	86.31	52.11
78.2	119.77	87.55	52.12
78.4	120.81	88.67	52.13
78.6	121.58	89.46	52.14
78.8	122.2	90.0	52.16
79.0	122.7	90.27	52.17
79.2	123.07	90.18	52.18
79.4	123.27	89.56	52.19
79.6	123.42	88.78	52.21
79.8	123.58	87.98	52.22
80.0	123.87	87.47	52.23
80.2	124.31	87.3	52.23
80.4	124.82	87.28	52.23
80.6	125.37	87.36	52.23
80.8	125.99	87.58	52.23
81.0	126.65	87.85	52.22
81.2	127.29	88.12	52.21
81.4	127.89	88.32	52.21
81.6	128.38	88.22	52.2
81.8	128.78	87.95	52.19
82.0	129.07	87.62	52.18
82.2	129.25	87.27	52.18
82.4	129.23	87.09	52.17
82.6	129.09	86.96	52.16
82.8	128.85	86.82	52.15
83.0	128.53	86.64	52.14
83.2	128.19	86.3	52.14
83.4	127.8	85.89	52.13
83.6	127.37	85.45	52.12
83.8	126.9	85.01	52.11
84.0	126.39	84.64	52.11
84.2	125.86	84.33	52.1
84.4	125.3	84.02	52.09
84.6	124.72	83.69	52.08
84.8	124.11	83.33	52.08
85.0	123.51	82.83	52.07
85.2	122.88	82.3	52.06
85.4	122.22	81.78	52.05
85.6	121.53	81.27	52.04
85.8	120.76	80.85	52.04
86.0	119.91	80.52	52.03
86.2	119.06	80.22	52.02
86.4	118.23	79.93	52.01
86.6	117.44	79.65	52.01
86.8	116.77	79.25	52.0
87.0	116.18	78.85	51.99
87.2	115.65	78.47	51.98
87.4	115.18	78.13	51.97
87.6	114.77	77.86	51.97
87.8	114.27	77.71	51.96
88.0	113.87	77.65	51.95
88.2	113.6	77.7	51.94
88.4	113.51	77.87	51.94
88.6	113.75	78.23	51.93
88.8	114.46	78.84	51.92
89.0	115.28	79.52	51.91
89.2	116.15	80.24	51.9
89.4	116.96	80.93	51.9
89.6	117.27	81.36	51.89
89.8	117.57	81.8	51.88
90.0	117.96	82.27	51.87
90.2	118.59	82.86	51.87
90.4	119.72	83.66	51.86
90.6	121.0	84.55	51.85
90.8	122.37	85.51	51.84
91.0	123.73	86.54	51.84
91.2	125.04	87.6	51.83
91.4	126.3	88.63	51.82
91.6	127.47	89.56	51.81
91.8	128.44	90.34	51.8
92.0	129.34	90.96	51.79
92.2	130.21	91.37	51.79
92.4	131.17	91.37	51.79
92.6	132.16	91.15	51.79
92.8	133.1	90.88	51.79
93.0	133.99	90.9	51.79
93.2	134.79	91.21	51.79
93.4	135.38	91.43	51.8
93.6	135.63	91.28	51.8
93.8	135.29	90.3	51.8
94.0	134.69	89.05	51.8
94.2	133.93	87.65	51.81
94.4	133.24	86.41	51.81
94.6	132.71	85.44	51.81
94.8	132.16	84.56	51.81
95.0	131.58	83.76	51.82
95.2	130.96	83.05	51.82
95.4	130.18	82.45	51.82
95.6	129.34	81.93	51.82
95.8	128.46	81.47	51.82
96.0	127.56	81.05	51.83
96.2	126.66	80.65	51.83
96.4	125.79	80.18	51.83
96.6	124.93	79.75	51.83
96.8	124.09	79.35	51.83
97.0	123.26	79.0	51.84
97.2	122.47	78.72	51.84
97.4	121.73	78.63	51.84
97.6	121.02	78.56	51.84
97.8	120.33	78.51	51.85
98.0	119.66	78.43	51.85
98.2	119.0	78.27	51.85
98.4	118.34	77.86	51.85
98.6	117.69	77.41	51.85
98.8	117.08	76.97	51.86
99.0	116.5	76.54	51.86
99.2	115.93	76.18	51.86
99.4	115.3	75.95	51.86
99.6	114.76	75.81	51.86
99.8	114.35	75.79	51.86
100.0	114.11	75.88	51.87
100.2	114.22	76.17	51.87
100.4	114.78	76.69	51.87
100.6	115.46	77.32	51.87
100.8	116.18	78.01	51.87
101.0	116.88	78.76	51.88
101.2	117.19	79.49	51.88
101.4	117.41	80.21	51.88
101.6	117.61	80.92	51.88
101.8	117.84	81.58	51.88
102.0	118.28	82.11	51.89
102.2	118.79	82.58	51.89
102.4	119.32	83.02	51.89
102.6	119.84	83.45	51.89
102.8	120.23	83.99	51.89
103.0	120.59	84.52	51.9
103.2	120.93	85.0	51.9
103.4	121.3	85.38	51.9
103.6	121.63	85.36	51.9
103.8	122.03	85.24	51.9
104.0	122.55	85.16	51.9
104.2	123.25	85.22	51.9
104.4	124.53	85.93	51.9
104.6	125.95	86.8	51.9
104.8	127.36	87.69	51.9
105.0	128.62	88.45	51.91
105.2	129.5	88.84	51.91
105.4	130.15	89.05	51.91
105.6	130.55	89.09	51.91
105.8	130.56	88.9	51.91
106.0	130.21	88.5	51.91
106.2	129.67	87.99	51.91
106.4	129.0	87.42	51.91
106.6	128.39	86.93	51.91
106.8	127.86	86.52	51.91
107.0	127.31	86.12	51.91
107.2	126.74	85.69	51.91
107.4	126.15	85.24	51.91
107.6	125.51	84.61	51.92
107.8	124.85	83.95	51.92
108.0	124.17	83.29	51.92
108.2	123.47	82.64	51.92
108.4	122.75	82.04	51.92
108.6	122.04	81.63	51.92
108.8	121.32	81.25	51.92
109.0	120.59	80.9	51.92
109.2	119.84	80.57	51.92
109.4	119.08	80.23	51.92
109.6	118.28	79.78	51.92
109.8	117.47	79.33	51.92
110.0	116.66	78.88	51.92
110.2	115.86	78.44	51.92
110.4	115.09	78.02	51.93
110.6	114.27	77.63	51.93
110.8	113.49	77.27	51.93
111.0	112.79	76.97	51.93
111.2	112.21	76.73	51.93
111.4	111.77	76.57	51.93
111.6	111.78	76.56	51.93
111.8	111.96	76.65	51.93
112.0	112.2	76.81	51.93
112.2	112.46	77.05	51.93
112.4	112.68	77.36	51.93
112.6	112.51	77.85	51.93
112.8	112.29	78.36	51.93
113.0	112.05	78.83	51.93
113.2	111.84	79.24	51.94
113.4	111.73	79.35	51.94
113.6	111.76	79.14	51.94
113.8	111.86	78.91	51.94
114.0	112.02	78.74	51.94
114.2	112.24	78.71	51.94
114.4	112.44	79.19	51.94
114.6	112.73	79.83	51.95
114.8	113.13	80.58	51.95
115.0	113.65	81.42	51.96
115.2	114.51	82.25	51.97
115.4	115.46	83.11	51.98
115.6	116.45	83.95	51.99
115.8	117.41	84.77	52.0
116.0	118.25	85.55	52.01
116.2	118.98	86.24	52.03
116.4	119.58	86.81	52.04
116.6	119.99	87.23	52.05
116.8	120.14	87.44	52.06
117.0	120.13	87.48	52.07
117.2	120.0	87.35	52.08
117.4	119.76	86.98	52.1
117.6	119.44	86.35	52.11
117.8	119.05	85.61	52.12
118.0	118.61	84.82	52.13
118.2	118.16	84.07	52.14
118.4	117.77	83.59	52.16
118.6	117.37	83.15	52.17
118.8	116.95	82.73	52.18
119.0	116.5	82.29	52.19
119.2	115.98	81.72	52.2
119.4	115.4	81.04	52.21
119.6	114.82	80.36	52.22
119.8	114.26	79.69	52.24
120.0	113.75	79.07	52.25
120.2	113.42	78.65	52.26
120.4	113.16	78.29	52.27
120.6	112.93	77.99	52.28
120.8	112.73	77.73	52.29
121.0	112.53	77.49	52.3
121.2	112.28	77.27	52.31
121.4	112.03	77.05	52.33
121.6	111.78	76.83	52.34
121.8	111.53	76.6	52.35
122.0	111.29	76.29	52.36
122.2	111.04	75.83	52.37
122.4	110.81	75.39	52.38
122.6	110.61	75.0	52.39
122.8	110.44	74.7	52.4
123.0	110.29	74.6	52.41
123.2	110.17	74.76	52.42
123.4	110.13	75.04	52.43
123.6	110.2	75.42	52.44
123.8	110.39	75.89	52.45
124.0	110.9	76.41	52.46
124.2	111.59	76.99	52.47
124.4	112.34	77.61	52.48
124.6	113.12	78.26	52.49
124.8	113.82	78.94	52.5
125.0	114.38	79.63	52.52
125.2	114.93	80.31	52.53
125.4	115.49	80.99	52.54
125.6	116.09	81.61	52.55
125.8	116.75	82.18	52.56
126.0	117.45	82.72	52.57
126.2	118.17	83.25	52.58
126.4	118.92	83.83	52.59
126.6	119.7	84.46	52.6
126.8	120.48	85.05	52.61
127.0	121.24	85.56	52.63
127.2	121.9	85.83	52.64
127.4	122.46	85.86	52.65
127.6	123.02	85.86	52.66
127.8	123.62	85.87	52.67
128.0	124.36	86.08	52.68
128.2	125.26	86.51	52.68
128.4	126.18	87.0	52.68
128.6	127.11	87.54	52.68
128.8	128.03	88.15	52.68
129.0	128.89	88.75	52.68
129.2	129.61	89.24	52.67
129.4	130.13	89.54	52.67
129.6	130.2	89.39	52.67
129.8	130.02	88.98	52.67
130.0	129.66	88.37	52.66
130.2	129.15	87.6	52.66
130.4	128.61	86.69	52.66
130.6	127.98	85.68	52.66
130.8	127.27	84.64	52.65
131.0	126.5	83.59	52.65
131.2	125.68	82.7	52.65
131.4	124.81	81.91	52.65
131.6	123.93	81.16	52.64
131.8	123.04	80.47	52.64
132.0	122.16	79.82	52.64
132.2	121.36	79.16	52.64
132.4	120.59	78.55	52.63
132.6	119.85	78.0	52.63
132.8	119.14	77.51	52.63
133.0	118.47	77.1	52.63
133.2	117.88	76.85	52.62
133.4	117.32	76.68	52.62
133.6	116.78	76.57	52.62
133.8	116.27	76.51	52.62
134.0	115.77	76.49	52.61
134.2	115.23	76.51	52.61
134.4	114.71	76.56	52.61
134.6	114.21	76.61	52.61
134.8	113.73	76.65	52.6
135.0	113.27	76.68	52.6
135.2	112.82	76.58	52.6
135.4	112.41	76.47	52.6
135.6	112.06	76.37	52.59
135.8	111.79	76.27	52.59
136.0	111.62	76.2	52.59
136.2	111.58	76.13	52.59
136.4	111.64	76.13	52.58
136.6	111.82	76.23	52.58
136.8	112.11	76.44	52.58
137.0	112.55	76.83	52.58
137.2	113.11	77.4	52.57
137.4	113.77	78.11	52.57
137.6	114.51	78.97	52.57
137.8	115.33	80.11	52.57
138.0	116.2	81.43	52.56
138.2	117.1	82.73	52.56
138.4	118.02	83.91	52.56
138.6	118.84	84.57	52.56
138.8	119.66	84.99	52.55
139.0	120.53	85.3	52.55
139.2	121.56	85.63	52.55
139.4	122.85	86.13	52.54
139.6	124.14	86.6	52.54
139.8	125.36	87.01	52.54
140.0	126.23	87.2	52.54
140.2	126.91	87.28	52.54
140.4	127.51	87.31	52.54
140.6	128.11	87.37	52.54
140.8	128.75	87.46	52.55
141.0	129.34	87.56	52.55
141.2	129.89	87.64	52.56
141.4	130.39	87.73	52.56
141.6	130.79	87.76	52.57
141.8	131.06	87.68	52.58
142.0	131.08	87.32	52.58
142.2	130.91	86.78	52.59
142.4	130.6	86.16	52.59
142.6	130.16	85.5	52.6
142.8	129.63	85.0	52.6
143.0	129.02	84.54	52.61
143.2	128.33	84.05	52.61
143.4	127.57	83.5	52.62
143.6	126.76	82.74	52.62
143.8	125.91	81.76	52.63
144.0	125.04	80.77	52.63
144.2	124.14	79.81	52.64
144.4	123.23	78.94	52.64
144.6	122.37	78.55	52.65
144.8	121.51	78.32	52.65
145.0	120.66	78.16	52.65
145.2	119.8	78.0	52.66
145.4	118.94	77.79	52.66
145.6	118.02	77.1	52.67
145.8	117.1	76.35	52.67
146.0	116.2	75.6	52.68
146.2	115.34	74.88	52.68
146.4	114.52	74.26	52.69
146.6	113.84	74.06	52.69
146.8	113.22	73.98	52.7
147.0	112.64	73.99	52.7
147.2	112.1	74.08	52.71
147.4	111.6	74.21	52.71
147.6	111.09	74.3	52.72
147.8	110.6	74.41	52.72
148.0	110.15	74.53	52.73
148.2	109.74	74.65	52.73
148.4	109.37	74.76	52.73
148.6	109.02	74.79	52.74
148.8	108.71	74.79	52.74
149.0	108.48	74.81	52.75
149.2	108.33	74.86	52.75
149.4	108.27	74.95	52.76
149.6	108.4	75.16	52.76
149.8	108.65	75.45	52.76
150.0	108.98	75.79	52.77
150.2	109.39	76.17	52.77
150.4	109.84	76.58	52.78
150.6	110.27	76.94	52.78
150.8	110.77	77.36	52.79
151.0	111.35	77.86	52.79
151.2	112.04	78.49	52.8
151.4	113.02	79.46	52.8
151.6	114.12	80.59	52.8
151.8	115.23	81.73	52.81
152.0	116.27	82.8	52.81
152.2	117.01	83.57	52.82
152.4	117.51	84.09	52.82
152.6	117.89	84.48	52.83
152.8	118.18	84.77	52.83
153.0	118.45	85.03	52.84
153.2	118.71	85.28	52.84
153.4	118.91	85.45	52.85
153.6	119.06	85.52	52.85
153.8	119.08	85.43	52.85
154.0	118.95	85.11	52.85
154.2	118.82	84.76	52.85
154.4	118.73	84.43	52.85
154.6	118.74	84.18	52.85
154.8	119.16	84.37	52.84
155.0	119.69	84.66	52.84
155.2	120.27	85.02	52.84
155.4	120.85	85.4	52.84
155.6	121.35	85.7	52.83
155.8	121.75	85.93	52.83
156.0	122.07	86.11	52.83
156.2	122.29	86.25	52.83
156.4	122.35	86.32	52.82
156.6	122.22	86.33	52.82
156.8	122.0	86.26	52.82
157.0	121.72	86.11	52.82
157.2	121.43	85.85	52.81
157.4	121.23	85.35	52.81
157.6	121.03	84.8	52.81
157.8	120.79	84.25	52.81
158.0	120.52	83.74	52.8
158.2	120.12	83.5	52.8
158.4	119.64	83.45	52.8
158.6	119.14	83.45	52.79
158.8	118.65	83.44	52.79
159.0	118.2	83.39	52.79
159.2	117.95	83.01	52.79
159.4	117.75	82.56	52.78
159.6	117.59	82.07	52.78
159.8	117.45	81.54	52.78
160.0	117.33	81.02	52.78
160.2	117.18	80.57	52.77
160.4	117.03	80.14	52.77
160.6	116.87	79.74	52.77
160.8	116.69	79.38	52.77
161.0	116.47	79.06	52.76
161.2	116.04	78.78	52.76
161.4	115.64	78.57	52.76
161.6	115.32	78.44	52.76
161.8	115.12	78.4	52.75
162.0	115.18	78.51	52.75
162.2	115.75	78.85	52.75
162.4	116.43	79.27	52.74
162.6	117.16	79.74	52.74
162.8	117.87	80.23	52.74
163.0	118.33	80.67	52.74
163.2	118.55	81.06	52.73
163.4	118.72	81.42	52.73
163.6	118.86	81.75	52.73
163.8	119.0	81.98	52.73
164.0	119.17	82.06	52.72
164.2	119.4	82.19	52.72
164.4	119.72	82.43	52.72
164.6	120.23	82.98	52.72
164.8	121.02	84.04	52.71
165.0	121.88	85.18	52.71
165.2	122.73	86.29	52.71
165.4	123.45	87.13	52.71
165.6	123.94	87.57	52.7
165.8	124.4	87.86	52.7
166.0	124.85	88.02	52.7
166.2	125.37	88.05	52.69
166.4	125.95	88.03	52.69
166.6	126.58	88.05	52.69
166.8	127.3	88.34	52.68
167.0	128.16	88.99	52.68
167.2	128.96	89.64	52.67
167.4	129.64	90.16	52.67
167.6	129.93	90.11	52.66
167.8	130.02	89.82	52.66
168.0	129.95	89.35	52.65
168.2	129.76	88.8	52.65
168.4	129.51	88.25	52.64
168.6	129.16	87.64	52.64
168.8	128.73	86.99	52.63
169.0	128.23	86.31	52.63
169.2	127.67	85.62	52.62
169.4	127.07	84.93	52.62
169.6	126.42	84.23	52.61
169.8	125.74	83.55	52.61
170.0	125.04	82.87	52.6
170.2	124.33	82.22	52.59
170.4	123.62	81.62	52.59
170.6	122.92	81.08	52.58
170.8	122.22	80.62	52.58
171.0	121.62	80.41	52.57
171.2	121.05	80.32	52.57
171.4	120.49	80.28	52.56
171.6	119.91	80.25	52.56
171.8	119.31	80.19	52.55
172.0	118.59	79.92	52.55
172.2	117.76	79.46	52.54
172.4	116.93	78.97	52.54
172.6	116.1	78.48	52.53
172.8	115.29	78.02	52.53
173.0	114.51	77.63	52.52
173.2	113.75	77.37	52.52
173.4	113.1	77.2	52.51
173.6	112.61	77.14	52.51
173.8	112.3	77.21	52.5
174.0	112.37	77.49	52.49
174.2	112.94	78.02	52.49
174.4	113.66	78.66	52.48
174.6	114.45	79.39	52.48
174.8	115.23	80.18	52.47
175.0	115.72	81.04	52.47
175.2	116.03	81.89	52.46
175.4	116.31	82.71	52.46
175.6	116.58	83.44	52.45
175.8	116.93	83.97	52.45
176.0	117.37	84.26	52.44
176.2	117.83	84.47	52.44
176.4	118.3	84.61	52.43
176.6	118.68	84.68	52.42
176.8	119.02	84.73	52.42
177.0	119.45	84.87	52.41
177.2	120.01	85.17	52.41
177.4	120.99	85.94	52.42
177.6	122.12	86.91	52.43
177.8	123.34	87.98	52.45
178.0	124.55	89.08	52.48
178.2	125.7	90.16	52.5
178.4	126.8	91.1	52.52
178.6	127.8	91.82	52.55
178.8	128.65	91.96	52.57
179.0	129.38	91.84	52.6
179.2	129.98	91.55	52.62
179.4	130.46	91.23	52.65
179.6	130.81	90.94	52.67
179.8	131.05	90.58	52.7
180.0	131.16	90.14	52.73
180.2	131.15	89.58	52.75
180.4	131.05	88.95	52.78
180.6	130.85	88.26	52.8
180.8	130.59	87.54	52.83
181.0	130.3	86.78	52.86
181.2	129.96	86.02	52.88
181.4	129.56	85.29	52.91
181.6	129.12	84.6	52.93
181.8	128.63	84.14	52.96
182.0	128.1	83.72	52.98
182.2	127.52	83.32	53.01
182.4	126.89	82.89	53.03
182.6	126.19	82.28	53.05
182.8	125.42	81.54	53.08
183.0	124.64	80.78	53.1
183.2	123.84	80.04	53.13
183.4	123.07	79.38	53.15
183.6	122.36	78.92	53.18
183.8	121.67	78.53	53.2
184.0	120.98	78.18	53.23
184.2	120.29	77.87	53.25
184.4	119.55	77.52	53.28
184.6	118.78	77.16	53.3
184.8	118.01	76.81	53.32
185.0	117.27	76.47	53.35
185.2	116.56	76.14	53.37
185.4	115.83	75.72	53.39
185.6	115.17	75.35	53.42
185.8	114.61	75.05	53.44
186.0	114.19	74.87	53.46
186.2	113.98	74.89	53.48
186.4	114.0	75.14	53.5
186.6	114.2	75.54	53.52
186.8	114.57	76.06	53.55
187.0	115.13	76.72	53.57
187.2	115.93	77.55	53.59
187.4	116.84	78.42	53.61
187.6	117.81	79.3	53.63
187.8	118.74	80.09	53.65
188.0	119.62	80.76	53.68
188.2	120.53	81.4	53.7
188.4	121.49	82.04	53.72
188.6	122.64	82.82	53.75
188.8	123.79	83.51	53.77
189.0	124.89	84.05	53.8
189.2	125.79	84.1	53.82
189.4	126.55	83.92	53.85
189.6	127.18	83.67	53.88
189.8	127.7	83.59	53.9
190.0	128.1	83.75	53.93
190.2	128.41	83.95	53.95
190.4	128.64	84.13	53.97
190.6	128.76	84.09	53.98
190.8	128.83	83.97	53.98
191.0	128.88	83.83	53.98
191.2	128.96	83.7	53.98
191.4	129.24	83.68	53.98
191.6	129.54	83.7	53.98
191.8	129.82	83.76	53.99
192.0	130.03	83.85	53.99
192.2	130.06	84.06	53.99
192.4	129.98	84.27	53.99
192.6	129.79	84.44	53.99
192.8	129.48	84.52	54.0
193.0	128.99	84.32	54.0
193.2	128.4	83.99	54.0
193.4	127.73	83.58	54.0
193.6	127.0	83.1	54.01
193.8	126.25	82.57	54.01
194.0	125.5	82.01	54.01
194.2	124.74	81.46	54.01
194.4	123.98	80.92	54.01
194.6	123.23	80.43	54.02
194.8	122.55	80.1	54.02
195.0	121.91	79.87	54.02
195.2	121.28	79.68	54.02
195.4	120.66	79.54	54.02
195.6	120.04	79.42	54.03
195.8	119.33	79.31	54.03
196.0	118.62	79.21	54.03
196.2	117.93	79.1	54.03
196.4	117.27	79.0	54.04
196.6	116.64	78.89	54.04
196.8	116.13	78.66	54.04
197.0	115.68	78.43	54.04
197.2	115.28	78.22	54.04
197.4	114.93	78.04	54.05
197.6	114.62	77.92	54.05
197.8	114.38	78.03	54.05
198.0	114.18	78.23	54.05
198.2	114.0	78.45	54.05
198.4	113.83	78.66	54.06
198.6	113.65	78.84	54.06
198.8	113.32	78.77	54.06
199.0	112.96	78.61	54.06
199.2	112.64	78.42	54.06
199.4	112.38	78.23	54.07
199.6	112.21	78.07	54.07
199.8	112.35	78.06	54.07
200.0	112.64	78.12	54.07
200.2	113.0	78.22	54.07
200.4	113.38	78.37	54.08
200.6	113.77	78.56	54.08
200.8	113.92	78.69	54.08
201.0	114.06	78.87	54.08
201.2	114.23	79.12	54.08
201.4	114.46	79.45	54.09
201.6	114.79	79.93	54.09
201.8	115.28	80.59	54.09
202.0	115.87	81.33	54.09
202.2	116.56	82.13	54.09
202.4	117.36	82.97	54.1
202.6	118.31	83.84	54.1
202.8	119.35	84.7	54.1
203.0	120.47	85.51	54.1
203.2	121.66	86.25	54.1
203.4	123.05	86.86	54.1
203.6	124.44	87.34	54.11
203.8	125.73	87.71	54.11
204.0	126.82	87.95	54.11
204.2	127.4	88.06	54.11
204.4	127.78	88.04	54.11
204.6	128.03	87.87	54.12
204.8	128.22	87.44	54.12
205.0	128.4	86.79	54.12
205.2	128.56	86.19	54.12
205.4	128.73	85.73	54.13
205.6	129.13	86.09	54.13
205.8	129.53	86.65	54.13
206.0	129.84	87.22	54.13
206.2	129.96	87.56	54.13
206.4	129.58	87.1	54.14
206.6	129.04	86.46	54.14
206.8	128.4	85.73	54.14
207.0	127.72	85.02	54.14
207.2	127.25	84.8	54.15
207.4	126.79	84.67	54.15
207.6	126.34	84.58	54.15
207.8	125.88	84.51	54.15
208.0	125.39	84.34	54.15
208.2	124.85	84.03	54.16
208.4	124.31	83.7	54.16
208.6	123.76	83.36	54.16
208.8	123.21	83.04	54.16
209.0	122.7	82.79	54.16
209.2	122.21	82.59	54.17
209.4	121.72	82.42	54.17
209.6	121.23	82.26	54.17
209.8	120.72	82.11	54.17
210.0	120.15	81.99	54.17
210.2	119.55	81.87	54.18
210.4	118.95	81.74	54.18
210.6	118.34	81.58	54.18
210.8	117.75	81.38	54.18
211.0	117.2	81.02	54.19
211.2	116.67	80.59	54.19
211.4	116.17	80.14	54.19
211.6	115.68	79.7	54.19
211.8	115.22	79.29	54.19
212.0	114.78	79.0	54.2
212.2	114.37	78.81	54.2
212.4	113.97	78.68	54.2
212.6	113.58	78.59	54.2
212.8	113.19	78.54	54.2
213.0	112.76	78.54	54.21
213.2	112.29	78.59	54.21
213.4	111.83	78.65	54.21
213.6	111.4	78.72	54.21
213.8	111.02	78.78	54.21
214.0	110.7	78.8	54.22
214.2	110.46	78.65	54.22
214.4	110.31	78.51	54.22
214.6	110.26	78.39	54.22
214.8	110.32	78.32	54.22
215.0	110.51	78.32	54.23
215.2	111.06	78.54	54.23
215.4	111.69	78.86	54.23
215.6	112.38	79.25	54.23
215.8	113.08	79.73	54.23
216.0	113.73	80.27	54.24
216.2	114.1	80.94	54.24
216.4	114.43	81.65	54.24
216.6	114.74	82.36	54.24
216.8	115.04	83.06	54.24
217.0	115.39	83.67	54.25
217.2	115.83	84.18	54.25
217.4	116.28	84.63	54.25
217.6	116.75	85.03	54.25
217.8	117.22	85.38	54.25
218.0	117.63	85.68	54.26
218.2	118.06	85.94	54.26
218.4	118.53	86.17	54.26
218.6	119.06	86.37	54.26
218.8	119.72	86.47	54.26
219.0	120.47	86.57	54.26
219.2	121.28	86.71	54.26
219.4	122.14	86.95	54.26
219.6	123.12	87.58	54.25
219.8	124.13	88.37	54.25
220.0	125.09	89.13	54.24
220.2	125.95	89.76	54.23
220.4	126.52	89.88	54.23
220.6	126.88	89.69	54.22
220.8	127.1	89.34	54.22
221.0	127.19	88.88	54.21
221.2	127.16	88.43	54.2
221.4	127.03	87.98	54.2
221.6	126.81	87.5	54.19
221.8	126.51	87.0	54.19
222.0	126.15	86.49	54.18
222.2	125.77	85.99	54.18
222.4	125.33	85.49	54.17
222.6	124.85	84.96	54.16
222.8	124.33	84.4	54.16
223.0	123.76	83.73	54.15
223.2	123.15	82.97	54.15
223.4	122.52	82.22	54.14
223.6	121.89	81.54	54.14
223.8	121.28	80.96	54.13
224.0	120.71	80.73	54.12
224.2	120.17	80.74	54.12
224.4	119.69	80.83	54.11
224.6	119.27	80.95	54.11
224.8	118.93	81.06	54.1
225.0	118.75	80.88	54.1
225.2	118.66	80.59	54.09
225.4	118.63	80.28	54.08
225.6	118.65	79.96	54.08
225.8	118.7	79.67	54.07
226.0	118.75	79.54	54.07
226.2	118.81	79.45	54.06
226.4	118.87	79.4	54.06
226.6	118.92	79.4	54.05
226.8	118.96	79.43	54.04
227.0	118.94	79.51	54.04
227.2	118.9	79.62	54.03
227.4	118.85	79.75	54.03
227.6	118.77	79.9	54.02
227.8	118.67	80.07	54.02
228.0	118.46	80.25	54.01
228.2	118.26	80.43	54.0
228.4	118.09	80.62	54.0
228.6	117.98	80.8	53.99
228.8	117.96	80.99	53.99
229.0	118.17	81.03	53.98
229.2	118.49	81.08	53.98
229.4	118.91	81.2	53.97
229.6	119.44	81.4	53.96
229.8	120.06	81.77	53.96
230.0	120.76	82.47	53.95
230.2	121.56	83.28	53.95
230.4	122.43	84.15	53.94
230.6	123.39	85.07	53.93
230.8	124.48	85.95	53.93
231.0	125.64	86.81	53.92
231.2	126.81	87.63	53.92
231.4	127.95	88.39	53.91
231.6	128.94	88.99	53.91
231.8	129.85	89.5	53.9
232.0	130.74	89.97	53.89
232.2	131.65	90.44	53.89
232.4	132.8	91.14	53.88
232.6	133.91	91.77	53.88
232.8	134.89	92.26	53.87
233.0	135.5	92.3	53.87
233.2	135.76	91.96	53.86
233.4	135.95	91.57	53.86
233.6	136.21	91.39	53.85
233.8	136.81	91.83	53.84
234.0	137.46	92.34	53.83
234.2	138.11	92.79	53.82
234.4	138.69	92.79	53.81
234.6	139.17	92.48	53.81
234.8	139.48	91.99	53.8
235.0	139.56	91.33	53.79
235.2	139.15	90.44	53.78
235.4	138.54	89.52	53.77
235.6	137.78	88.67	53.76
235.8	136.96	88.05	53.76
236.0	136.25	88.11	53.75
236.2	135.52	88.3	53.74
236.4	134.76	88.54	53.73
236.6	133.97	88.72	53.72
236.8	133.14	88.38	53.71
237.0	132.28	87.78	53.71
237.2	131.4	87.04	53.7
237.4	130.5	86.21	53.69
237.6	129.57	85.29	53.68
237.8	128.59	84.31	53.67
238.0	127.61	83.34	53.66
238.2	126.66	82.44	53.66
238.4	125.75	81.63	53.65
238.6	124.97	81.11	53.64
238.8	124.32	80.93	53.63
239.0	123.73	80.87	53.62
239.2	123.2	80.9	53.61
239.4	122.69	80.98	53.61
239.6	122.2	81.02	53.6
239.8	121.72	81.01	53.59
240.0	121.24	80.98	53.58
240.2	120.78	80.93	53.57
240.4	120.31	80.85	53.56
240.6	119.73	80.65	53.56
240.8	119.12	80.39	53.55
241.0	118.56	80.11	53.54
241.2	118.07	79.83	53.53
241.4	117.69	79.57	53.52
241.6	117.61	79.38	53.51
241.8	117.72	79.25	53.51
242.0	117.92	79.17	53.5
242.2	118.19	79.14	53.49
242.4	118.5	79.16	53.48
242.6	118.68	79.17	53.47
242.8	118.86	79.26	53.46
243.0	119.09	79.47	53.46
243.2	119.36	79.82	53.45
243.4	119.74	80.46	53.44
243.6	120.26	81.49	53.43
243.8	120.83	82.56	53.42
244.0	121.43	83.57	53.41
244.2	122.03	84.27	53.41
244.4	122.61	84.48	53.4
244.6	123.18	84.62	53.39
244.8	123.72	84.78	53.38
245.0	124.13	85.29	53.37
245.2	124.46	86.12	53.36
245.4	124.85	87.0	53.35
245.6	125.36	87.85	53.35
245.8	126.29	88.37	53.34
246.0	127.43	88.76	53.34
246.2	128.67	89.09	53.34
246.4	129.95	89.45	53.35
246.6	131.22	90.09	53.35
246.8	132.38	90.69	53.36
247.0	133.37	91.17	53.36
247.2	133.97	91.34	53.37
247.4	134.06	91.07	53.38
247.6	133.92	90.63	53.38
247.8	133.6	90.09	53.39
248.0	133.27	89.58	53.4
248.2	132.98	89.19	53.4
248.4	132.62	88.8	53.41
248.6	132.18	88.39	53.42
248.8	131.67	87.97	53.42
249.0	131.01	87.48	53.43
249.2	130.28	86.98	53.44
249.4	129.49	86.46	53.44
249.6	128.65	85.95	53.45
249.8	127.79	85.45	53.45
250.0	126.92	84.98	53.46
250.2	126.04	84.53	53.47
250.4	125.17	84.09	53.47
250.6	124.32	83.66	53.48
250.8	123.51	83.22	53.48
251.0	122.75	82.75	53.49
251.2	122.05	82.32	53.5
251.4	121.42	81.96	53.5
251.6	120.87	81.69	53.51
251.8	120.47	81.62	53.51
252.0	120.23	81.82	53.52
252.2	120.08	82.09	53.52
252.4	119.99	82.41	53.53
252.6	119.97	82.72	53.54
252.8	119.91	82.86	53.54
253.0	119.85	82.84	53.55
253.2	119.84	82.83	53.55
253.4	119.93	82.86	53.56
253.6	120.12	82.96	53.56
253.8	120.62	83.4	53.57
254.0	121.21	83.9	53.57
254.2	121.83	84.42	53.58
254.4	122.45	84.89	53.58
254.6	122.85	85.09	53.59
254.8	123.15	85.15	53.6
255.0	123.47	85.22	53.6
255.2	123.87	85.34	53.61
255.4	124.5	85.8	53.61
255.6	125.25	86.38	53.62
255.8	126.08	86.94	53.62
256.0	126.97	87.35	53.63
256.2	127.87	87.31	53.64
256.4	128.79	87.3	53.64
256.6	129.7	87.48	53.65
256.8	130.66	88.48	53.65
257.0	131.57	89.85	53.66
257.2	132.3	91.12	53.66
257.4	132.69	91.74	53.67
257.6	132.67	91.54	53.67
257.8	132.45	91.04	53.67
258.0	132.08	90.41	53.67
258.2	131.63	89.84	53.67
258.4	131.17	89.3	53.67
258.6	130.78	88.86	53.66
258.8	130.64	88.76	53.66
259.0	130.66	88.78	53.66
259.2	130.83	88.9	53.66
259.4	131.3	89.04	53.66
259.6	131.94	89.19	53.65
259.8	132.62	89.35	53.65
260.0	133.23	89.47	53.65
260.2	133.66	89.53	53.65
260.4	133.94	89.55	53.64
260.6	134.04	89.54	53.64
260.8	133.77	89.59	53.64
261.0	133.28	89.6	53.64
261.2	132.62	89.48	53.64
261.4	131.87	89.14	53.63
261.6	131.09	88.44	53.63
261.8	130.24	87.55	53.63
262.0	129.33	86.53	53.63
262.2	128.36	85.38	53.63
262.4	127.34	84.13	53.62
262.6	126.3	82.9	53.62
262.8	125.25	81.74	53.62
263.0	124.23	80.85	53.62
263.2	123.26	80.29	53.61
263.4	122.33	79.88	53.61
263.6	121.44	79.55	53.61
263.8	120.6	79.27	53.61
264.0	119.87	78.85	53.61
264.2	119.19	78.45	53.6
264.4	118.54	78.1	53.6
264.6	117.9	77.79	53.6
264.8	117.17	77.57	53.6
265.0	116.39	77.45	53.6
265.2	115.65	77.38	53.59
265.4	114.99	77.37	53.59
265.6	114.43	77.39	53.59
265.8	114.06	77.38	53.59
266.0	113.85	77.43	53.58
266.2	113.82	77.56	53.58
266.4	113.98	77.79	53.58
266.6	114.45	78.17	53.58
266.8	115.16	78.69	53.58
267.0	116.05	79.33	53.57
267.2	117.07	80.08	53.57
267.4	118.17	80.92	53.57
267.6	119.33	81.84	53.57
267.8	120.58	82.9	53.56
268.0	121.9	84.09	53.56
268.2	123.33	85.71	53.56
268.4	124.82	87.47	53.56
268.6	126.3	89.11	53.56
268.8	127.72	90.4	53.55
269.0	129.0	90.8	53.55
269.2	130.18	90.92	53.55
269.4	131.24	90.9	53.55
269.6	132.09	91.03	53.55
269.8	132.78	91.3	53.54
270.0	133.49	91.55	53.54
270.2	134.36	91.78	53.54
270.4	135.75	92.01	53.54
270.6	137.08	92.11	53.53
270.8	138.18	91.99	53.53
271.0	138.43	91.18	53.53
271.2	138.23	90.13	53.53
271.4	137.84	89.2	53.52
271.6	137.52	89.02	53.52
271.8	137.38	89.64	53.51
272.0	137.29	90.41	53.51
272.2	137.3	91.08	53.51
272.4	137.53	90.82	53.5
272.6	137.8	90.38	53.5
272.8	138.04	89.87	53.49
273.0	138.12	89.65	53.49
273.2	137.99	89.8	53.49
273.4	137.74	89.93	53.48
273.6	137.35	89.93	53.48
273.8	136.77	89.35	53.47
274.0	136.04	88.34	53.47
274.2	135.23	87.21	53.47
274.4	134.36	86.06	53.46
274.6	133.49	85.19	53.46
274.8	132.64	84.62	53.45
275.0	131.8	84.16	53.45
275.2	130.97	83.81	53.45
275.4	130.18	83.54	53.44
275.6	129.46	83.38	53.44
275.8	128.77	83.25	53.43
276.0	128.1	83.13	53.43
276.2	127.44	82.99	53.43
276.4	126.77	82.7	53.42
276.6	126.09	82.28	53.42
276.8	125.4	81.82	53.41
277.0	124.72	81.33	53.41
277.2	124.05	80.85	53.4
277.4	123.31	80.4	53.4
277.6	122.57	79.99	53.4
277.8	121.87	79.63	53.39
278.0	121.24	79.32	53.39
278.2	120.7	79.08	53.38
278.4	120.32	78.97	53.38
278.6	120.09	78.95	53.38
278.8	119.99	79.01	53.37
279.0	120.01	79.13	53.37
279.2	120.18	79.31	53.36
279.4	120.6	79.44	53.36
279.6	121.13	79.65	53.36
279.8	121.74	79.94	53.35
280.0	122.39	80.34	53.35
280.2	123.03	81.03	53.34
280.4	123.65	81.89	53.34
280.6	124.24	82.77	53.34
280.8	124.8	83.57	53.33
281.0	125.28	84.09	53.33
281.2	125.69	84.41	53.32
281.4	126.03	84.6	53.32
281.6	126.28	84.65	53.32
281.8	126.39	84.54	53.31
282.0	126.45	84.4	53.31
282.2	126.5	84.29	53.3
282.4	126.56	84.43	53.3
282.6	126.67	84.7	53.3
282.8	126.86	85.02	53.3
283.0	127.21	85.3	53.3
283.2	127.85	85.41	53.31
283.4	128.55	85.54	53.31
283.6	129.25	85.72	53.32
283.8	129.76	86.23	53.32
284.0	130.1	86.92	53.32
284.2	130.34	87.53	53.33
284.4	130.48	87.91	53.33
284.6	130.55	87.38	53.33
284.8	130.51	86.53	53.34
285.0	130.38	85.56	53.34
285.2	130.14	84.59	53.35
285.4	129.77	84.15	53.35
285.6	129.3	83.87	53.35
285.8	128.74	83.69	53.36
286.0	128.11	83.58	53.36
286.2	127.36	83.49	53.36
286.4	126.56	83.42	53.37
286.6	125.74	83.32	53.37
286.8	124.91	83.19	53.38
287.0	124.16	82.92	53.38
287.2	123.52	82.45	53.38
287.4	122.92	81.94	53.39
287.6	122.35	81.41	53.39
287.8	121.8	80.91	53.39
