0.2	106.17	28.79	38.83
0.4	106.29	29.24	38.84
0.6	106.53	29.57	38.84
0.8	106.9	29.82	38.84
1.0	107.4	30.01	38.83
1.2	108.01	30.17	38.82
1.4	108.74	30.33	38.81
1.6	109.58	30.51	38.8
1.8	110.56	30.77	38.79
2.0	111.72	31.21	38.77
2.2	112.92	31.68	38.76
2.4	114.08	32.16	38.75
2.6	115.07	32.59	38.73
2.8	115.88	32.96	38.72
3.0	116.54	33.29	38.7
3.2	117.03	33.59	38.69
3.4	117.33	33.91	38.68
3.6	117.44	34.18	38.66
3.8	117.39	34.34	38.65
4.0	117.17	34.31	38.64
4.2	116.76	33.97	38.62
4.4	116.22	33.51	38.61
4.6	115.59	33.01	38.59
4.8	114.94	32.61	38.58
5.0	114.28	32.32	38.57
5.2	113.58	32.04	38.55
5.4	112.86	31.74	38.54
5.6	112.12	31.33	38.52
5.8	111.36	30.8	38.51
6.0	110.61	30.25	38.5
6.2	109.88	29.71	38.48
6.4	109.2	29.21	38.47
6.6	108.75	28.91	38.46
6.8	108.32	28.66	38.44
7.0	107.87	28.41	38.43
7.2	107.36	28.16	38.41
7.4	106.62	27.8	38.4
7.6	105.42	27.21	38.38
7.8	104.24	26.65	38.37
8.0	103.18	26.17	38.36
8.2	102.34	25.83	38.34
8.4	102.2	25.93	38.33
8.6	102.49	26.29	38.33
8.8	103.0	26.75	38.32
9.0	103.66	27.26	38.32
9.2	104.35	27.65	38.32
9.4	105.04	27.95	38.32
9.6	105.76	28.24	38.33
9.8	106.48	28.55	38.34
10.0	107.15	28.86	38.35
10.2	107.78	29.22	38.35
10.4	108.35	29.69	38.36
10.6	108.85	30.31	38.37
10.8	109.21	31.66	38.37
11.0	109.47	33.1	38.38
11.2	109.68	34.35	38.39
11.4	109.84	35.21	38.39
11.6	110.04	34.47	38.4
11.8	110.21	33.04	38.4
12.0	110.32	31.33	38.41
12.2	110.34	29.55	38.42
12.4	110.22	28.38	38.42
12.6	109.94	27.84	38.43
12.8	109.57	27.47	38.44
13.0	109.11	27.22	38.44
13.2	108.55	26.99	38.45
13.4	107.84	26.5	38.46
13.6	107.09	26.04	38.46
13.8	106.34	25.64	38.47
14.0	105.64	25.32	38.47
14.2	105.01	25.14	38.48
14.4	104.49	25.14	38.49
14.6	104.13	25.28	38.49
14.8	103.97	25.57	38.49
15.0	104.06	26.01	38.49
15.2	104.73	26.8	38.48
15.4	105.62	27.69	38.47
15.6	106.65	28.63	38.45
15.8	107.75	29.56	38.42
16.0	108.76	30.3	38.4
16.2	109.73	30.95	38.36
16.4	110.64	31.51	38.33
16.6	111.45	31.94	38.29
16.8	112.1	32.25	38.26
17.0	112.62	32.42	38.23
17.2	113.02	32.47	38.2
17.4	113.28	32.37	38.16
17.6	113.37	32.05	38.13
17.8	113.35	31.63	38.1
18.0	113.23	31.14	38.07
18.2	113.03	30.62	38.03
18.4	112.8	30.12	38.0
18.6	112.51	29.65	37.97
18.8	112.18	29.23	37.93
19.0	111.79	28.9	37.9
19.2	111.41	28.76	37.87
19.4	111.04	28.87	37.84
19.6	110.6	29.06	37.8
19.8	110.08	29.27	37.77
20.0	109.46	29.47	37.74
20.2	108.42	29.43	37.7
20.4	107.16	29.22	37.66
20.6	105.94	29.02	37.62
20.8	104.87	28.87	37.59
21.0	104.06	28.8	37.57
21.2	104.05	29.02	37.57
21.4	104.36	29.36	37.58
21.6	104.94	29.82	37.6
21.8	105.75	30.39	37.63
22.0	106.78	31.14	37.69
22.2	107.95	31.99	37.76
22.4	109.19	32.86	37.85
22.6	110.44	33.69	37.94
22.8	111.53	34.33	38.02
23.0	112.51	34.84	38.11
23.2	113.42	35.28	38.2
23.4	114.26	35.65	38.28
23.6	115.05	36.08	38.37
23.8	115.76	36.44	38.46
24.0	116.35	36.69	38.54
24.2	116.82	36.79	38.63
24.4	117.04	36.5	38.72
24.6	117.14	36.08	38.81
24.8	117.12	35.58	38.9
25.0	117.01	35.06	38.99
25.2	116.96	34.74	39.08
25.4	116.82	34.46	39.16
25.6	116.55	34.16	39.25
25.8	116.12	33.83	39.33
26.0	115.27	33.34	39.42
26.2	114.03	32.68	39.5
26.4	112.74	32.02	39.58
26.6	111.49	31.41	39.65
26.8	110.39	30.88	39.73
27.0	109.96	30.66	39.81
27.2	109.74	30.57	39.89
27.4	109.7	30.57	39.97
27.6	109.8	30.65	40.04
27.8	109.98	30.83	40.12
28.0	110.22	31.06	40.21
28.2	110.53	31.31	40.29
28.4	110.87	31.56	40.37
28.6	111.23	31.71	40.46
28.8	111.58	31.81	40.54
29.0	111.92	31.87	40.63
29.2	112.22	31.91	40.72
29.4	112.43	31.96	40.8
29.6	112.58	32.01	40.89
29.8	112.65	32.01	40.97
30.0	112.65	31.94	41.06
30.2	112.54	31.71	41.14
30.4	112.33	31.37	41.23
30.6	112.06	31.02	41.32
30.8	111.74	30.67	41.4
31.0	111.46	30.49	41.49
31.2	111.22	30.48	41.58
31.4	110.91	30.49	41.66
31.6	110.5	30.46	41.74
31.8	109.92	30.32	41.82
32.0	108.86	29.8	41.91
32.2	107.77	29.25	41.99
32.4	106.76	28.76	42.07
32.6	105.91	28.38	42.14
32.8	105.69	28.44	42.2
33.0	105.82	28.75	42.26
33.2	106.13	29.2	42.32
33.4	106.57	29.74	42.37
33.6	107.03	30.35	42.42
33.8	107.51	30.99	42.47
34.0	108.01	31.63	42.52
34.2	108.51	32.23	42.56
34.4	108.97	32.71	42.61
34.6	109.38	33.09	42.66
34.8	109.73	33.4	42.71
35.0	110.0	33.62	42.76
35.2	110.12	33.74	42.82
35.4	110.15	33.78	42.87
35.6	110.11	33.75	42.92
35.8	109.99	33.65	42.97
36.0	109.81	33.51	43.03
36.2	109.57	33.31	43.08
36.4	109.28	33.06	43.13
36.6	108.94	32.77	43.18
36.8	108.54	32.4	43.24
37.0	108.1	32.01	43.29
37.2	107.67	31.61	43.34
37.4	107.24	31.22	43.39
37.6	106.95	30.89	43.44
37.8	106.77	30.62	43.49
38.0	106.57	30.37	43.54
38.2	106.31	30.12	43.58
38.4	105.94	29.88	43.63
38.6	105.05	29.5	43.68
38.8	103.98	29.11	43.73
39.0	102.94	28.79	43.77
39.2	102.05	28.57	43.81
39.4	101.47	28.52	43.85
39.6	101.63	28.84	43.88
39.8	102.04	29.3	43.9
40.0	102.64	29.86	43.92
40.2	103.39	30.49	43.94
40.4	104.16	31.15	43.96
40.6	104.97	31.83	43.99
40.8	105.79	32.5	44.01
41.0	106.6	33.15	44.03
41.2	107.29	33.72	44.06
41.4	107.92	34.21	44.08
41.6	108.51	34.63	44.11
41.8	109.05	34.96	44.13
42.0	109.62	35.11	44.16
42.2	110.15	35.17	44.18
42.4	110.6	35.15	44.21
42.6	110.96	35.05	44.23
42.8	111.14	34.89	44.26
43.0	111.19	34.69	44.28
43.2	111.14	34.45	44.31
43.4	111.01	34.19	44.34
43.6	110.8	33.92	44.36
43.8	110.52	33.69	44.39
44.0	110.19	33.45	44.41
44.2	109.8	33.21	44.43
44.4	109.37	32.96	44.46
44.6	108.86	32.67	44.48
44.8	108.3	32.36	44.5
45.0	107.75	32.08	44.52
45.2	107.24	31.85	44.55
45.4	106.79	31.68	44.56
45.6	106.5	31.64	44.58
45.8	106.33	31.7	44.6
46.0	106.23	31.86	44.62
46.2	106.22	32.12	44.63
46.4	106.14	32.52	44.65
46.6	106.02	33.05	44.67
46.8	106.14	33.66	44.68
47.0	106.57	34.33	44.7
47.2	107.74	35.09	44.71
47.4	109.68	35.9	44.73
47.6	111.82	36.7	44.75
47.8	114.01	37.44	44.76
48.0	115.84	38.03	44.78
48.2	117.31	38.48	44.8
48.4	118.54	38.81	44.82
48.6	119.52	39.01	44.83
48.8	120.1	38.99	44.85
49.0	120.39	38.82	44.87
49.2	120.49	38.58	44.89
49.4	120.44	38.28	44.91
49.6	120.39	38.08	44.93
49.8	120.32	37.94	44.94
50.0	120.17	37.79	44.96
50.2	119.94	37.63	44.98
50.4	119.61	37.43	45.0
50.6	119.14	37.09	45.02
50.8	118.58	36.73	45.03
51.0	117.96	36.34	45.05
51.2	117.27	35.97	45.07
51.4	116.54	35.61	45.08
51.6	115.85	35.39	45.1
51.8	115.12	35.2	45.12
52.0	114.34	35.03	45.13
52.2	113.51	34.87	45.15
52.4	112.63	34.7	45.16
52.6	111.32	34.37	45.17
52.8	110.01	34.05	45.19
53.0	108.82	33.79	45.2
53.2	107.83	33.61	45.2
53.4	107.16	33.57	45.21
53.6	107.34	33.84	45.22
53.8	107.82	34.24	45.22
54.0	108.53	34.76	45.23
54.2	109.44	35.36	45.23
54.4	110.44	36.08	45.24
54.6	111.51	36.87	45.24
54.8	112.64	37.65	45.25
55.0	113.79	38.41	45.25
55.2	114.8	39.01	45.26
55.4	115.75	39.49	45.26
55.6	116.73	39.9	45.27
55.8	117.76	40.25	45.27
56.0	119.04	40.55	45.28
56.2	120.44	40.79	45.28
56.4	121.86	40.96	45.29
56.6	123.23	41.03	45.29
56.8	124.57	40.92	45.3
57.0	125.8	40.67	45.31
57.2	126.78	40.35	45.31
57.4	127.44	40.0	45.32
57.6	127.58	39.67	45.32
57.8	126.62	39.52	45.33
58.0	125.29	39.36	45.33
58.2	123.71	39.18	45.34
58.4	122.0	38.94	45.34
58.6	120.37	38.55	45.35
58.8	118.99	37.92	45.35
59.0	117.73	37.27	45.35
59.2	116.62	36.65	45.36
59.4	115.71	36.12	45.36
59.6	115.18	35.89	45.37
59.8	114.89	35.8	45.37
60.0	114.82	35.81	45.38
60.2	114.94	35.9	45.38
60.4	115.41	36.05	45.39
60.6	116.02	36.25	45.39
60.8	116.66	36.46	45.39
61.0	117.23	36.67	45.4
61.2	117.4	36.85	45.4
61.4	117.34	36.99	45.41
61.6	117.14	37.07	45.41
61.8	116.83	37.08	45.42
62.0	116.46	36.93	45.42
62.2	116.05	36.65	45.43
62.4	115.58	36.33	45.43
62.6	115.06	35.98	45.44
62.8	114.51	35.63	45.44
63.0	113.91	35.39	45.44
63.2	113.31	35.17	45.45
63.4	112.71	34.99	45.45
63.6	112.14	34.83	45.46
63.8	111.65	34.74	45.46
64.0	111.32	34.73	45.47
64.2	111.01	34.74	45.47
64.4	110.7	34.75	45.48
64.6	110.36	34.73	45.48
64.8	109.83	34.59	45.48
65.0	108.97	34.25	45.48
65.2	108.19	33.94	45.49
65.4	107.57	33.7	45.49
65.6	107.22	33.59	45.5
65.8	107.54	33.88	45.51
66.0	108.34	34.42	45.52
66.2	109.41	35.05	45.53
66.4	110.66	35.72	45.54
66.6	112.06	36.27	45.56
66.8	113.52	36.72	45.57
67.0	114.98	37.15	45.58
67.2	116.34	37.57	45.6
67.4	117.44	38.07	45.61
67.6	118.32	38.58	45.62
67.8	118.98	39.02	45.64
68.0	119.44	39.36	45.65
68.2	119.54	39.41	45.67
68.4	119.41	39.29	45.68
68.6	119.11	39.08	45.69
68.8	118.69	38.8	45.71
69.0	118.26	38.56	45.72
69.2	117.82	38.34	45.74
69.4	117.32	38.12	45.75
69.6	116.79	37.89	45.77
69.8	116.22	37.67	45.78
70.0	115.59	37.47	45.79
70.2	114.95	37.28	45.81
70.4	114.31	37.09	45.82
70.6	113.68	36.89	45.83
70.8	113.09	36.7	45.85
71.0	112.73	36.51	45.86
71.2	112.41	36.31	45.87
71.4	112.09	36.09	45.89
71.6	111.73	35.86	45.9
71.8	111.3	35.61	45.91
72.0	110.37	35.19	45.92
72.2	109.24	34.72	45.93
72.4	108.19	34.31	45.94
72.6	107.34	33.99	45.95
72.8	106.81	33.81	45.96
73.0	107.14	34.02	45.96
73.2	107.92	34.42	45.96
73.4	108.98	34.94	45.96
73.6	110.27	35.56	45.96
73.8	111.69	36.28	45.95
74.0	113.21	37.04	45.93
74.2	114.76	37.76	45.92
74.4	116.29	38.36	45.9
74.6	117.69	38.59	45.89
74.8	118.95	38.63	45.88
75.0	120.03	38.59	45.86
75.2	120.87	38.53	45.85
75.4	121.24	38.67	45.84
75.6	121.37	38.8	45.82
75.8	121.31	38.89	45.81
76.0	121.08	38.9	45.8
76.2	120.79	38.64	45.78
76.4	120.39	38.3	45.77
76.6	119.89	37.92	45.76
76.8	119.32	37.51	45.74
77.0	118.65	37.15	45.73
77.2	117.91	36.86	45.72
77.4	117.17	36.59	45.7
77.6	116.45	36.37	45.69
77.8	115.79	36.2	45.68
78.0	115.42	36.16	45.66
78.2	115.19	36.19	45.65
78.4	115.0	36.25	45.64
78.6	114.84	36.33	45.62
78.8	114.68	36.41	45.61
79.0	114.4	36.45	45.6
79.2	114.04	36.46	45.58
79.4	113.64	36.44	45.57
79.6	113.19	36.38	45.56
79.8	112.65	36.26	45.54
80.0	111.74	35.89	45.53
80.2	110.92	35.55	45.52
80.4	110.33	35.29	45.51
80.6	110.1	35.17	45.5
80.8	110.89	35.5	45.51
81.0	112.08	36.01	45.52
81.2	113.49	36.63	45.54
81.4	115.01	37.32	45.56
81.6	116.46	38.07	45.57
81.8	117.82	38.78	45.59
82.0	119.01	39.39	45.6
82.2	119.8	39.74	45.62
82.4	120.14	39.8	45.64
82.6	120.21	39.71	45.65
82.8	120.07	39.48	45.67
83.0	119.77	39.14	45.69
83.2	119.35	38.72	45.7
83.4	118.81	38.27	45.72
83.6	118.18	37.82	45.74
83.8	117.48	37.44	45.75
84.0	116.74	37.26	45.77
84.2	115.97	37.13	45.78
84.4	115.19	37.03	45.8
84.6	114.43	36.95	45.81
84.8	113.76	36.86	45.83
85.0	113.21	36.73	45.84
85.2	112.68	36.59	45.86
85.4	112.15	36.42	45.87
85.6	111.61	36.2	45.88
85.8	110.89	35.87	45.9
86.0	109.95	35.39	45.91
86.2	109.08	34.91	45.92
86.4	108.34	34.49	45.93
86.6	107.8	34.15	45.95
86.8	107.78	34.03	45.96
87.0	108.21	34.12	45.97
87.2	108.86	34.34	45.97
87.4	109.68	34.68	45.98
87.6	110.61	35.15	45.99
87.8	111.62	35.82	46.0
88.0	112.66	36.53	46.01
88.2	113.67	37.22	46.02
88.4	114.61	37.82	46.03
88.6	115.32	38.15	46.04
88.8	115.92	38.37	46.05
89.0	116.41	38.48	46.06
89.2	116.77	38.5	46.07
89.4	116.96	38.39	46.08
89.6	117.03	38.2	46.09
89.8	117.0	37.97	46.1
90.0	116.91	37.72	46.11
90.2	116.79	37.5	46.12
90.4	116.66	37.35	46.13
90.6	116.5	37.21	46.14
90.8	116.3	37.1	46.15
91.0	116.07	37.0	46.16
91.2	115.86	36.96	46.17
91.4	115.63	36.95	46.18
91.6	115.34	36.92	46.19
91.8	114.98	36.86	46.2
92.0	114.53	36.75	46.21
92.2	113.72	36.4	46.22
92.4	112.87	36.02	46.23
92.6	112.04	35.65	46.24
92.8	111.3	35.34	46.25
93.0	110.72	35.15	46.26
93.2	110.43	35.21	46.26
93.4	110.36	35.36	46.27
93.6	110.51	35.58	46.28
93.8	110.91	35.85	46.28
94.0	111.79	36.15	46.28
94.2	112.92	36.47	46.27
94.4	114.19	36.79	46.27
94.6	115.54	37.11	46.25
94.8	116.91	37.38	46.23
95.0	118.23	37.63	46.21
95.2	119.41	37.86	46.19
95.4	120.37	38.05	46.16
95.6	120.84	38.21	46.14
95.8	121.08	38.34	46.11
96.0	121.09	38.41	46.09
96.2	120.9	38.42	46.07
96.4	120.54	38.34	46.04
96.6	120.04	38.19	46.02
96.8	119.43	37.99	45.99
97.0	118.74	37.74	45.97
97.2	118.06	37.42	45.95
97.4	117.35	37.05	45.92
97.6	116.61	36.66	45.9
97.8	115.84	36.26	45.88
98.0	115.03	35.88	45.85
98.2	114.14	35.56	45.83
98.4	113.23	35.27	45.81
98.6	112.33	35.01	45.78
98.8	111.47	34.78	45.76
99.0	110.67	34.56	45.73
99.2	109.85	34.32	45.71
99.4	109.14	34.11	45.68
99.6	108.62	33.96	45.66
99.8	108.34	33.9	45.64
100.0	108.47	34.0	45.62
100.2	109.1	34.27	45.61
100.4	109.95	34.64	45.61
100.6	110.96	35.07	45.61
100.8	112.07	35.54	45.61
101.0	113.19	36.04	45.62
101.2	114.31	36.54	45.64
101.4	115.36	37.03	45.65
101.6	116.26	37.47	45.66
101.8	116.93	37.85	45.68
102.0	117.46	38.16	45.69
102.2	117.82	38.38	45.71
102.4	117.98	38.45	45.72
102.6	117.93	38.33	45.73
102.8	117.74	38.13	45.75
103.0	117.45	37.88	45.76
103.2	117.07	37.61	45.77
103.4	116.69	37.41	45.79
103.6	116.26	37.23	45.8
103.8	115.8	37.06	45.81
104.0	115.31	36.9	45.83
104.2	114.83	36.78	45.84
104.4	114.42	36.73	45.85
104.6	113.97	36.68	45.86
104.8	113.48	36.62	45.87
105.0	112.93	36.54	45.89
105.2	112.14	36.35	45.9
105.4	111.05	36.01	45.91
105.6	110.0	35.67	45.92
105.8	109.07	35.35	45.93
106.0	108.34	35.08	45.94
106.2	108.12	34.94	45.95
106.4	108.37	34.92	45.96
106.6	108.89	35.01	45.97
106.8	109.66	35.23	45.97
107.0	110.68	35.62	45.97
107.2	112.01	36.27	45.96
107.4	113.45	37.0	45.95
107.6	114.92	37.75	45.93
107.8	116.33	38.46	45.91
108.0	117.54	39.03	45.89
108.2	118.63	39.53	45.86
108.4	119.57	39.94	45.84
108.6	120.35	40.23	45.81
108.8	120.93	40.4	45.79
109.0	121.32	40.48	45.77
109.2	121.51	40.46	45.74
109.4	121.42	40.33	45.72
109.6	121.02	40.09	45.69
109.8	120.46	39.79	45.67
110.0	119.77	39.46	45.65
110.2	119.01	39.11	45.62
110.4	118.42	38.82	45.6
110.6	117.78	38.54	45.57
110.8	117.09	38.26	45.55
111.0	116.32	37.99	45.53
111.2	115.4	37.72	45.5
111.4	114.15	37.45	45.48
111.6	112.87	37.18	45.45
111.8	111.62	36.93	45.43
112.0	110.46	36.7	45.41
112.2	109.53	36.48	45.39
112.4	108.99	36.26	45.39
112.6	108.63	36.09	45.37
112.8	108.46	35.99	45.35
113.0	108.47	35.99	45.3
113.2	108.67	36.21	45.19
113.4	109.04	36.57	45.05
113.6	109.55	36.99	44.9
113.8	110.18	37.44	44.73
114.0	110.94	37.83	44.57
114.2	111.8	38.15	44.41
114.4	112.7	38.47	44.26
114.6	113.61	38.82	44.11
114.8	114.49	39.25	43.96
115.0	115.29	39.78	43.81
115.2	116.02	40.3	43.66
115.4	116.62	40.76	43.5
115.6	117.06	41.1	43.35
115.8	117.25	41.24	43.2
116.0	117.3	41.28	43.05
116.2	117.21	41.22	42.9
116.4	116.99	41.07	42.75
116.6	116.6	40.76	42.59
116.8	116.12	40.4	42.44
117.0	115.57	40.02	42.29
117.2	114.97	39.65	42.14
117.4	114.38	39.4	41.99
117.6	113.83	39.35	41.84
117.8	113.28	39.32	41.68
118.0	112.72	39.3	41.53
118.2	112.17	39.27	41.38
118.4	111.51	39.09	41.22
118.6	110.8	38.78	41.04
118.8	110.18	38.47	40.88
119.0	109.7	38.21	40.74
119.2	109.42	38.03	40.62
119.4	109.66	38.14	40.57
119.6	110.1	38.33	40.54
119.8	110.7	38.59	40.55
120.0	111.42	38.88	40.59
120.2	112.23	39.18	40.66
120.4	113.06	39.47	40.76
120.6	113.87	39.74	40.88
120.8	114.59	39.95	41.0
121.0	115.05	40.08	41.11
121.2	115.36	40.13	41.23
121.4	115.54	40.1	41.34
121.6	115.62	39.98	41.46
121.8	115.56	39.75	41.57
122.0	115.42	39.43	41.69
122.2	115.21	39.03	41.8
122.4	114.96	38.57	41.91
122.6	114.7	38.06	42.03
122.8	114.44	37.5	42.14
123.0	114.17	36.91	42.25
123.2	113.9	36.28	42.36
123.4	113.65	35.63	42.47
123.6	113.49	34.97	42.58
123.8	113.33	34.29	42.68
124.0	113.13	33.62	42.79
124.2	112.87	32.94	42.9
124.4	112.43	32.25	43.0
124.6	111.74	31.53	43.1
124.8	111.03	30.85	43.2
125.0	110.34	30.25	43.29
125.2	109.72	29.75	43.38
125.4	109.28	29.42	43.48
125.6	109.02	29.27	43.57
125.8	108.96	29.24	43.66
126.0	109.12	29.33	43.74
126.2	109.63	29.56	43.81
126.4	110.58	29.96	43.86
126.6	111.73	30.44	43.91
126.8	112.99	30.96	43.96
127.0	114.29	31.48	44.0
127.2	115.56	31.96	44.06
127.4	116.77	32.43	44.11
127.6	117.87	32.86	44.17
127.8	118.7	33.27	44.22
128.0	119.3	33.63	44.28
128.2	119.7	33.91	44.34
128.4	119.91	34.11	44.39
128.6	119.87	34.12	44.45
128.8	119.63	33.99	44.51
129.0	119.29	33.79	44.57
129.2	118.87	33.54	44.62
129.4	118.51	33.27	44.68
129.6	118.23	33.02	44.74
129.8	117.94	32.75	44.79
130.0	117.62	32.47	44.85
130.2	117.28	32.19	44.9
130.4	116.95	31.91	44.95
130.6	116.58	31.63	45.0
130.8	116.12	31.35	45.05
131.0	115.56	31.07	45.1
131.2	114.87	30.79	45.15
131.4	113.62	30.4	45.2
131.6	112.23	30.01	45.25
131.8	110.89	29.69	45.3
132.0	109.7	29.47	45.34
132.2	108.81	29.42	45.38
132.4	108.67	29.73	45.4
132.6	108.81	30.16	45.42
132.8	109.19	30.68	45.43
133.0	109.77	31.26	45.45
133.2	110.48	31.81	45.46
133.4	111.32	32.37	45.47
133.6	112.25	32.93	45.49
133.8	113.27	33.47	45.5
134.0	114.33	33.98	45.52
134.2	115.41	34.45	45.53
134.4	116.5	34.88	45.55
134.6	117.6	35.26	45.56
134.8	118.76	35.56	45.58
135.0	119.81	35.81	45.6
135.2	120.66	36.02	45.61
135.4	121.09	36.22	45.63
135.6	121.02	36.41	45.65
135.8	120.74	36.55	45.66
136.0	120.31	36.61	45.68
136.2	119.92	36.52	45.7
136.4	119.6	36.28	45.72
136.6	119.27	35.98	45.73
136.8	118.92	35.64	45.75
137.0	118.57	35.29	45.76
137.2	118.24	35.09	45.78
137.4	117.9	34.89	45.8
137.6	117.55	34.68	45.81
137.8	117.18	34.45	45.83
138.0	116.77	34.16	45.84
138.2	116.32	33.75	45.86
138.4	115.84	33.33	45.88
138.6	115.32	32.91	45.89
138.8	114.77	32.52	45.91
139.0	114.21	32.22	45.92
139.2	113.66	32.04	45.94
139.4	113.04	31.91	45.95
139.6	112.36	31.81	45.97
139.8	111.59	31.73	45.98
140.0	110.56	31.62	46.0
140.2	109.12	31.44	46.01
140.4	107.72	31.3	46.02
140.6	106.47	31.22	46.04
140.8	105.49	31.21	46.05
141.0	105.15	31.35	46.05
141.2	105.48	31.65	46.06
141.4	106.12	32.04	46.06
141.6	107.01	32.52	46.07
141.8	108.08	33.1	46.07
142.0	109.28	33.82	46.07
142.2	110.57	34.57	46.08
142.4	111.91	35.32	46.08
142.6	113.26	35.99	46.08
142.8	114.59	36.5	46.09
143.0	115.82	36.96	46.09
143.2	116.9	37.38	46.09
143.4	117.71	37.84	46.1
143.6	118.22	38.34	46.1
143.8	118.53	38.77	46.11
144.0	118.66	39.11	46.11
144.2	118.63	39.19	46.12
144.4	118.46	39.09	46.12
144.6	118.17	38.9	46.12
144.8	117.8	38.63	46.13
145.0	117.4	38.39	46.13
145.2	116.98	38.16	46.14
145.4	116.5	37.92	46.14
145.6	115.97	37.67	46.15
145.8	115.39	37.42	46.15
146.0	114.68	37.16	46.15
146.2	113.94	36.91	46.16
146.4	113.21	36.67	46.16
146.6	112.51	36.43	46.17
146.8	111.96	36.23	46.17
147.0	111.74	36.12	46.17
147.2	111.55	36.0	46.18
147.4	111.33	35.86	46.18
147.6	111.02	35.67	46.19
147.8	110.48	35.37	46.19
148.0	109.22	34.74	46.19
148.2	107.91	34.1	46.2
148.4	106.66	33.5	46.2
148.6	105.57	32.99	46.2
148.8	104.88	32.72	46.21
149.0	104.82	32.81	46.21
149.2	105.07	33.05	46.22
149.4	105.6	33.41	46.23
149.6	106.39	33.88	46.24
149.8	107.54	34.4	46.25
150.0	108.88	34.99	46.26
150.2	110.35	35.63	46.26
150.4	111.87	36.31	46.27
150.6	113.36	37.06	46.28
150.8	114.8	37.81	46.29
151.0	116.15	38.51	46.3
151.2	117.34	39.09	46.31
151.4	118.24	39.45	46.32
151.6	118.98	39.69	46.33
151.8	119.57	39.84	46.35
152.0	119.99	39.91	46.36
152.2	120.26	39.92	46.37
152.4	120.42	39.87	46.38
152.6	120.49	39.76	46.39
152.8	120.5	39.63	46.4
153.0	120.54	39.5	46.41
153.2	120.53	39.33	46.42
153.4	120.47	39.11	46.43
153.6	120.34	38.85	46.44
153.8	120.14	38.44	46.45
154.0	119.88	37.93	46.46
154.2	119.53	37.41	46.47
154.4	119.09	36.88	46.48
154.6	118.57	36.39	46.49
154.8	117.89	36.13	46.5
155.0	117.1	35.97	46.51
155.2	116.22	35.84	46.52
155.4	115.28	35.7	46.53
155.6	114.29	35.54	46.53
155.8	112.99	35.1	46.54
156.0	111.65	34.57	46.55
156.2	110.47	34.09	46.56
156.4	109.54	33.71	46.57
156.6	109.06	33.54	46.57
156.8	109.47	33.77	46.57
157.0	110.2	34.16	46.57
157.2	111.17	34.68	46.57
157.4	112.31	35.31	46.57
157.6	113.47	36.04	46.57
157.8	114.66	36.79	46.57
158.0	115.83	37.54	46.57
158.2	116.9	38.23	46.56
158.4	117.78	38.8	46.56
158.6	118.52	39.26	46.56
158.8	119.07	39.6	46.56
159.0	119.33	39.71	46.56
159.2	119.31	39.61	46.56
159.4	119.13	39.39	46.56
159.6	118.86	39.12	46.56
159.8	118.6	38.89	46.56
160.0	118.39	38.74	46.55
160.2	118.16	38.58	46.55
160.4	117.9	38.42	46.55
160.6	117.63	38.25	46.55
160.8	117.32	38.02	46.55
161.0	116.99	37.78	46.55
161.2	116.65	37.55	46.55
161.4	116.29	37.33	46.55
161.6	115.99	37.16	46.55
161.8	115.79	37.1	46.54
162.0	115.54	37.04	46.54
162.2	115.21	36.95	46.54
162.4	114.75	36.82	46.54
162.6	113.91	36.52	46.54
162.8	112.52	35.96	46.54
163.0	111.12	35.4	46.53
163.2	109.86	34.9	46.53
163.4	108.87	34.51	46.53
163.6	108.65	34.35	46.54
163.8	109.05	34.43	46.55
164.0	109.78	34.74	46.57
164.2	110.79	35.32	46.58
164.4	112.04	36.41	46.6
164.6	113.5	38.12	46.62
164.8	115.05	39.85	46.63
165.0	116.62	41.38	46.65
165.2	118.08	42.15	46.67
165.4	119.36	42.03	46.69
165.6	120.52	41.63	46.71
165.8	121.52	41.13	46.72
166.0	122.29	40.96	46.74
166.2	122.87	41.02	46.76
166.4	123.29	41.1	46.78
166.6	123.6	41.15	46.8
166.8	123.83	41.0	46.81
167.0	123.97	40.78	46.83
167.2	124.02	40.53	46.85
167.4	124.01	40.3	46.87
167.6	123.95	40.13	46.89
167.8	123.78	39.94	46.91
168.0	123.46	39.69	46.93
168.2	122.87	39.25	46.95
168.4	122.05	38.68	46.97
168.6	121.14	38.07	46.99
168.8	120.18	37.47	47.01
169.0	119.39	37.02	47.03
169.2	118.72	36.71	47.05
169.4	118.05	36.44	47.07
169.6	117.36	36.21	47.08
169.8	116.58	35.98	47.1
170.0	115.49	35.69	47.12
170.2	114.43	35.42	47.13
170.4	113.5	35.2	47.15
170.6	112.76	35.05	47.16
170.8	112.63	35.05	47.16
171.0	112.72	35.12	47.16
171.2	112.98	35.25	47.16
171.4	113.34	35.43	47.16
171.6	113.7	35.65	47.16
171.8	114.08	35.9	47.16
172.0	114.46	36.16	47.16
172.2	114.79	36.41	47.16
172.4	115.01	36.65	47.16
172.6	115.18	36.85	47.16
172.8	115.33	36.99	47.16
173.0	115.46	37.0	47.16
173.2	115.59	36.88	47.16
173.4	115.67	36.71	47.16
173.6	115.7	36.53	47.16
173.8	115.63	36.43	47.17
174.0	115.47	36.41	47.17
174.2	115.26	36.39	47.17
174.4	114.99	36.37	47.17
174.6	114.72	36.32	47.17
174.8	114.43	36.21	47.17
175.0	114.1	36.1	47.17
175.2	113.7	35.98	47.17
175.4	113.23	35.88	47.17
175.6	112.52	35.81	47.17
175.8	111.75	35.76	47.17
176.0	110.98	35.73	47.17
176.2	110.25	35.71	47.17
176.4	109.55	35.66	47.17
176.6	108.94	35.56	47.17
176.8	108.52	35.53	47.17
177.0	108.38	35.62	47.17
177.2	108.66	35.9	47.17
177.4	109.63	36.56	47.17
177.6	110.9	37.33	47.17
177.8	112.36	38.16	47.17
178.0	113.94	38.98	47.16
178.2	115.55	39.74	47.15
178.4	117.12	40.42	47.13
178.6	118.58	40.99	47.12
178.8	119.75	41.32	47.11
179.0	120.66	41.47	47.09
179.2	121.34	41.49	47.08
179.4	121.78	41.43	47.07
179.6	121.87	41.36	47.05
179.8	121.74	41.22	47.04
180.0	121.46	41.02	47.03
180.2	121.05	40.73	47.02
180.4	120.59	40.29	47.0
180.6	120.08	39.81	46.99
180.8	119.56	39.33	46.98
181.0	119.07	38.87	46.96
181.2	118.91	38.65	46.95
181.4	118.86	38.53	46.94
181.6	118.78	38.44	46.93
181.8	118.59	38.34	46.91
182.0	118.22	38.21	46.9
182.2	116.98	37.8	46.89
182.4	115.64	37.36	46.87
182.6	114.33	36.93	46.86
182.8	113.16	36.54	46.85
183.0	112.54	36.28	46.84
183.2	112.41	36.15	46.82
183.4	112.53	36.13	46.81
183.6	112.86	36.24	46.81
183.8	113.37	36.59	46.81
184.0	114.02	37.17	46.81
184.2	114.74	37.8	46.81
184.4	115.46	38.41	46.82
184.6	116.06	38.83	46.82
184.8	116.53	39.08	46.83
185.0	116.92	39.25	46.83
185.2	117.22	39.34	46.84
185.4	117.38	39.39	46.84
185.6	117.42	39.39	46.84
185.8	117.39	39.33	46.85
186.0	117.31	39.22	46.85
186.2	117.25	38.98	46.86
186.4	117.18	38.66	46.86
186.6	117.07	38.35	46.87
186.8	116.92	38.07	46.87
187.0	116.72	37.95	46.87
187.2	116.47	38.06	46.88
187.4	116.15	38.21	46.88
187.6	115.75	38.35	46.89
187.8	115.27	38.45	46.89
188.0	114.32	38.15	46.89
188.2	113.37	37.81	46.9
188.4	112.58	37.51	46.9
188.6	112.09	37.34	46.9
188.8	112.42	37.59	46.9
189.0	113.27	38.08	46.9
189.2	114.43	38.68	46.9
189.4	115.82	39.34	46.9
189.6	117.36	39.9	46.89
189.8	118.98	40.44	46.89
190.0	120.57	40.95	46.88
190.2	122.04	41.46	46.88
190.4	123.27	41.97	46.88
190.6	124.27	42.4	46.87
190.8	124.97	42.7	46.87
191.0	125.14	42.73	46.86
191.2	124.83	42.48	46.86
191.4	124.25	42.11	46.85
191.6	123.51	41.66	46.85
191.8	122.75	41.22	46.85
192.0	122.03	40.83	46.84
192.2	121.32	40.44	46.84
192.4	120.64	40.08	46.83
192.6	120.08	39.78	46.83
192.8	119.91	39.64	46.83
193.0	119.77	39.51	46.82
193.2	119.6	39.37	46.82
193.4	119.31	39.18	46.81
193.6	118.65	38.8	46.81
193.8	117.42	38.16	46.81
194.0	116.13	37.5	46.8
194.2	114.84	36.87	46.8
194.4	113.67	36.32	46.79
194.6	112.96	36.07	46.79
194.8	112.52	35.98	46.78
195.0	112.27	35.99	46.78
195.2	112.19	36.08	46.78
195.4	112.32	36.17	46.77
195.6	112.6	36.3	46.77
195.8	112.98	36.47	46.77
196.0	113.43	36.7	46.77
196.2	113.93	37.03	46.77
196.4	114.43	37.41	46.77
196.6	114.87	37.79	46.77
196.8	115.22	38.13	46.77
197.0	115.25	38.34	46.77
197.2	115.16	38.48	46.77
197.4	114.96	38.55	46.77
197.6	114.7	38.55	46.77
197.8	114.43	38.39	46.77
198.0	114.14	38.18	46.77
198.2	113.85	37.95	46.77
198.4	113.55	37.72	46.77
198.6	113.3	37.63	46.77
198.8	113.1	37.67	46.77
199.0	112.92	37.73	46.76
199.2	112.75	37.8	46.76
199.4	112.59	37.83	46.76
199.6	112.52	37.71	46.76
199.8	112.44	37.53	46.76
200.0	112.32	37.31	46.76
200.2	112.13	37.09	46.76
200.4	111.78	36.87	46.76
200.6	110.85	36.66	46.76
200.8	109.96	36.48	46.76
201.0	109.23	36.35	46.76
201.2	108.78	36.27	46.76
201.4	109.17	36.3	46.77
201.6	110.09	36.4	46.78
201.8	111.27	36.58	46.79
202.0	112.65	36.82	46.8
202.2	114.09	37.13	46.82
202.4	115.55	37.51	46.83
202.6	116.98	37.92	46.85
202.8	118.29	38.36	46.86
203.0	119.29	38.89	46.88
203.2	120.12	39.39	46.89
203.4	120.77	39.83	46.91
203.6	121.21	40.11	46.92
203.8	121.42	40.12	46.94
204.0	121.48	40.02	46.96
204.2	121.44	39.86	46.97
204.4	121.38	39.73	46.99
204.6	121.36	39.69	47.0
204.8	121.28	39.64	47.02
205.0	121.13	39.56	47.04
205.2	120.9	39.43	47.05
205.4	120.45	39.14	47.07
205.6	119.93	38.8	47.08
205.8	119.34	38.42	47.1
206.0	118.72	38.02	47.11
206.2	118.15	37.64	47.13
206.4	117.71	37.31	47.14
206.6	117.24	36.98	47.16
206.8	116.7	36.63	47.17
207.0	116.08	36.27	47.18
207.2	115.1	35.78	47.2
207.4	113.71	35.16	47.21
207.6	112.38	34.59	47.22
207.8	111.23	34.13	47.23
208.0	110.39	33.83	47.24
208.2	110.38	33.9	47.25
208.4	110.83	34.21	47.25
208.6	111.64	34.7	47.26
208.8	112.78	35.38	47.26
209.0	114.34	36.39	47.27
209.2	116.15	37.54	47.27
209.4	118.06	38.68	47.28
209.6	119.99	39.72	47.29
209.8	121.67	40.31	47.29
210.0	123.24	40.73	47.3
210.2	124.7	41.02	47.3
210.4	126.06	41.24	47.31
210.6	127.34	41.43	47.31
210.8	128.41	41.55	47.32
211.0	129.22	41.61	47.33
211.2	129.55	41.61	47.33
211.4	129.5	41.56	47.34
211.6	129.21	41.45	47.34
211.8	128.76	41.27	47.35
212.0	128.28	41.0	47.35
212.2	127.7	40.69	47.36
212.4	127.01	40.33	47.37
212.6	126.18	39.96	47.37
212.8	125.22	39.57	47.38
213.0	124.23	39.18	47.39
213.2	123.26	38.79	47.39
213.4	122.43	38.41	47.4
213.6	122.08	38.1	47.41
213.8	121.78	37.79	47.41
214.0	121.48	37.47	47.42
214.2	121.08	37.12	47.42
214.4	120.32	36.65	47.43
214.6	118.95	35.99	47.43
214.8	117.51	35.36	47.44
215.0	116.11	34.81	47.44
215.2	114.83	34.4	47.45
215.4	114.07	34.36	47.45
215.6	113.67	34.59	47.45
215.8	113.46	34.95	47.45
216.0	113.4	35.42	47.45
216.2	113.48	35.97	47.45
216.4	113.64	36.57	47.43
216.6	113.83	37.14	47.42
216.8	114.01	37.65	47.4
217.0	114.07	37.92	47.39
217.2	113.97	37.96	47.37
217.4	113.79	37.9	47.36
217.6	113.55	37.77	47.35
217.8	113.23	37.65	47.33
218.0	112.84	37.57	47.32
218.2	112.43	37.48	47.3
218.4	112.0	37.39	47.29
218.6	111.61	37.28	47.27
218.8	111.33	37.16	47.26
219.0	111.07	37.04	47.25
219.2	110.8	36.9	47.23
219.4	110.5	36.75	47.22
219.6	110.0	36.56	47.2
219.8	109.42	36.34	47.19
220.0	108.87	36.14	47.17
220.2	108.41	35.97	47.16
220.4	108.09	35.84	47.15
220.6	108.0	35.76	47.13
220.8	108.12	35.76	47.12
221.0	108.49	35.89	47.11
221.2	109.12	36.16	47.1
221.4	110.31	36.74	47.11
221.6	111.74	37.47	47.12
221.8	113.32	38.28	47.13
222.0	114.98	39.15	47.14
222.2	116.66	40.05	47.16
222.4	118.26	40.91	47.17
222.6	119.71	41.69	47.18
222.8	120.82	42.27	47.19
223.0	121.57	42.64	47.21
223.2	122.06	42.84	47.22
223.4	122.3	42.86	47.23
223.6	122.21	42.56	47.25
223.8	121.91	42.09	47.26
224.0	121.49	41.53	47.27
224.2	121.01	40.96	47.29
224.4	120.76	40.62	47.3
224.6	120.56	40.36	47.31
224.8	120.35	40.13	47.33
225.0	120.12	39.92	47.34
225.2	119.82	39.71	47.35
225.4	119.44	39.46	47.37
225.6	118.98	39.2	47.38
225.8	118.41	38.9	47.39
226.0	117.72	38.55	47.4
226.2	116.75	38.05	47.42
226.4	115.5	37.41	47.43
226.6	114.2	36.76	47.44
226.8	112.9	36.14	47.45
227.0	111.66	35.58	47.46
227.2	110.6	35.18	47.47
227.4	109.77	34.98	47.48
227.6	109.13	34.9	47.48
227.8	108.72	34.93	47.48
228.0	108.56	35.07	47.48
228.2	108.9	35.34	47.47
228.4	109.49	35.72	47.45
228.6	110.27	36.21	47.43
228.8	111.2	36.8	47.41
229.0	112.29	37.64	47.39
229.2	113.44	38.55	47.36
229.4	114.53	39.42	47.34
229.6	115.51	40.18	47.31
229.8	116.08	40.52	47.29
230.0	116.45	40.68	47.26
230.2	116.66	40.7	47.24
230.4	116.73	40.63	47.21
230.6	116.7	40.54	47.19
230.8	116.58	40.39	47.16
231.0	116.37	40.2	47.14
231.2	116.11	39.97	47.11
231.4	115.8	39.72	47.08
231.6	115.48	39.45	47.06
231.8	115.16	39.19	47.03
232.0	114.87	38.95	47.01
232.2	114.76	38.77	46.98
232.4	114.85	38.67	46.96
232.6	114.93	38.59	46.93
232.8	114.93	38.51	46.91
233.0	114.8	38.41	46.88
233.2	114.03	38.15	46.85
233.4	112.95	37.82	46.82
233.6	111.91	37.54	46.8
233.8	111.02	37.33	46.77
234.0	110.56	37.29	46.76
234.2	110.79	37.49	46.76
234.4	111.33	37.82	46.77
234.6	112.16	38.25	46.78
234.8	113.31	38.81	46.79
235.0	114.83	39.53	46.81
235.2	116.38	40.23	46.83
235.4	117.81	40.86	46.85
235.6	118.7	41.22	46.88
235.8	119.04	41.32	46.9
236.0	119.13	41.28	46.92
236.2	119.07	41.13	46.94
236.4	119.02	40.88	46.96
236.6	118.95	40.58	46.99
236.8	118.83	40.25	47.01
237.0	118.68	39.93	47.03
237.2	118.56	39.73	47.05
237.4	118.44	39.62	47.07
237.6	118.3	39.53	47.09
237.8	118.11	39.46	47.12
238.0	117.87	39.38	47.14
238.2	117.57	39.28	47.16
238.4	117.21	39.15	47.18
238.6	116.78	38.97	47.2
238.8	116.29	38.73	47.22
239.0	115.71	38.34	47.25
239.2	115.06	37.86	47.27
239.4	114.34	37.32	47.29
239.6	113.56	36.74	47.31
239.8	112.71	36.12	47.33
240.0	111.58	35.37	47.35
240.2	110.41	34.63	47.37
240.4	109.3	33.97	47.38
240.6	108.3	33.42	47.4
240.8	107.48	33.04	47.42
241.0	106.98	33.15	47.43
241.2	106.75	33.42	47.44
241.4	106.85	33.82	47.45
241.6	107.31	34.32	47.46
241.8	108.44	34.83	47.46
242.0	110.05	35.36	47.45
242.2	111.87	35.92	47.44
242.4	113.77	36.5	47.43
242.6	115.54	37.13	47.42
242.8	117.19	37.75	47.4
243.0	118.69	38.31	47.38
243.2	119.98	38.76	47.37
243.4	120.88	38.97	47.35
243.6	121.54	39.07	47.33
243.8	121.95	39.08	47.32
244.0	122.1	39.05	47.3
244.2	121.97	39.02	47.28
244.4	121.66	38.94	47.26
244.6	121.19	38.84	47.25
244.8	120.63	38.7	47.23
245.0	120.02	38.52	47.21
245.2	119.37	38.33	47.2
245.4	118.7	38.12	47.18
245.6	118.06	37.89	47.16
245.8	117.67	37.71	47.15
246.0	117.39	37.54	47.13
246.2	117.08	37.34	47.11
246.4	116.71	37.08	47.09
246.6	116.22	36.76	47.08
246.8	115.09	36.12	47.06
247.0	113.81	35.4	47.04
247.2	112.55	34.72	47.03
247.4	111.4	34.13	47.01
247.6	110.5	33.7	46.99
247.8	110.31	33.75	46.97
248.0	110.37	33.95	46.96
248.2	110.64	34.29	46.95
248.4	111.1	34.74	46.94
248.6	111.74	35.25	46.94
248.8	112.5	35.8	46.94
249.0	113.3	36.39	46.95
249.2	114.12	37.01	46.96
249.4	114.79	37.65	46.97
249.6	115.37	38.27	46.97
249.8	115.91	38.82	46.98
250.0	116.4	39.28	46.99
250.2	116.93	39.46	46.99
250.4	117.42	39.49	47.0
250.6	117.84	39.43	47.01
250.8	118.15	39.32	47.02
251.0	118.26	39.25	47.02
251.2	118.23	39.17	47.03
251.4	118.08	39.07	47.04
251.6	117.83	38.93	47.05
251.8	117.5	38.76	47.05
252.0	117.09	38.55	47.06
252.2	116.59	38.31	47.07
252.4	116.01	38.02	47.08
252.6	115.3	37.65	47.08
252.8	114.38	37.13	47.09
253.0	113.46	36.62	47.1
253.2	112.6	36.15	47.1
253.4	111.85	35.75	47.11
253.6	111.34	35.53	47.12
253.8	111.07	35.48	47.12
254.0	111.03	35.56	47.13
254.2	111.24	35.79	47.14
254.4	111.93	36.3	47.15
254.6	113.03	37.02	47.17
254.8	114.24	37.8	47.18
255.0	115.45	38.55	47.2
255.2	116.35	39.04	47.21
255.4	117.01	39.35	47.23
255.6	117.56	39.58	47.25
255.8	117.99	39.77	47.26
256.0	118.36	40.05	47.28
256.2	118.64	40.32	47.3
256.4	118.83	40.52	47.31
256.6	118.92	40.65	47.33
256.8	118.89	40.56	47.34
257.0	118.78	40.38	47.36
257.2	118.6	40.13	47.38
257.4	118.36	39.86	47.39
257.6	118.12	39.61	47.41
257.8	117.85	39.38	47.42
258.0	117.53	39.16	47.44
258.2	117.14	38.95	47.46
258.4	116.68	38.79	47.47
258.6	116.12	38.69	47.49
258.8	115.5	38.59	47.5
259.0	114.83	38.46	47.52
259.2	114.1	38.28	47.54
259.4	113.2	37.86	47.55
259.6	112.27	37.35	47.57
259.8	111.39	36.84	47.58
260.0	110.62	36.37	47.59
260.2	110.02	35.99	47.6
260.4	109.74	35.82	47.62
260.6	109.68	35.78	47.63
260.8	109.88	35.9	47.63
261.0	110.34	36.17	47.64
261.2	111.31	36.81	47.64
261.4	112.54	37.59	47.64
261.6	113.87	38.4	47.64
261.8	115.24	39.19	47.64
262.0	116.47	39.72	47.64
262.2	117.59	40.14	47.64
262.4	118.54	40.47	47.64
262.6	119.21	40.68	47.64
262.8	119.46	40.75	47.64
263.0	119.51	40.75	47.64
263.2	119.37	40.73	47.63
263.4	119.11	40.77	47.63
263.6	118.77	40.9	47.63
263.8	118.34	41.01	47.63
264.0	117.88	41.08	47.63
264.2	117.44	41.05	47.63
264.4	117.07	40.86	47.63
264.6	116.71	40.6	47.63
264.8	116.33	40.3	47.63
265.0	115.94	39.95	47.63
265.2	115.58	39.64	47.63
265.4	115.18	39.32	47.63
265.6	114.7	38.96	47.63
265.8	114.13	38.58	47.63
266.0	113.35	38.14	47.63
266.2	112.04	37.55	47.63
266.4	110.69	36.97	47.62
266.6	109.41	36.41	47.62
266.8	108.31	35.92	47.62
267.0	107.64	35.57	47.62
267.2	107.51	35.38	47.62
267.4	107.71	35.32	47.63
267.6	108.21	35.41	47.63
267.8	109.03	35.66	47.63
268.0	110.26	36.12	47.63
268.2	111.72	36.73	47.64
268.4	113.34	37.47	47.64
268.6	115.07	38.36	47.65
268.8	116.87	39.47	47.65
269.0	118.66	40.58	47.66
269.2	120.37	41.63	47.66
269.4	121.9	42.41	47.67
269.6	123.2	42.91	47.67
269.8	124.3	43.26	47.68
270.0	125.18	43.48	47.68
270.2	125.71	43.66	47.69
270.4	126.0	43.74	47.69
270.6	126.1	43.69	47.7
270.8	126.06	43.49	47.7
271.0	125.95	43.09	47.71
271.2	125.69	42.6	47.71
271.4	125.27	42.06	47.72
271.6	124.6	41.59	47.72
271.8	123.75	41.15	47.73
272.0	122.78	40.71	47.73
272.2	121.73	40.27	47.74
272.4	120.67	39.79	47.74
272.6	119.6	39.29	47.75
272.8	118.55	38.78	47.75
273.0	117.52	38.25	47.76
273.2	116.59	37.72	47.76
273.4	115.87	37.17	47.77
273.6	115.19	36.63	47.77
273.8	114.53	36.11	47.78
274.0	113.87	35.62	47.78
274.2	113.11	35.17	47.78
274.4	112.04	34.74	47.79
274.6	111.01	34.38	47.79
274.8	110.08	34.12	47.79
275.0	109.33	33.96	47.79
275.2	109.01	34.01	47.79
275.4	109.0	34.21	47.78
275.6	109.18	34.5	47.76
275.8	109.52	34.85	47.75
276.0	110.05	35.26	47.74
276.2	110.71	35.68	47.72
276.4	111.38	36.12	47.7
276.6	112.01	36.55	47.69
276.8	112.4	36.91	47.67
277.0	112.63	37.22	47.66
277.2	112.78	37.49	47.64
277.4	112.87	37.73	47.62
277.6	112.96	37.94	47.61
277.8	113.03	38.11	47.59
278.0	113.07	38.24	47.58
278.2	113.07	38.32	47.56
278.4	113.03	38.32	47.54
278.6	112.96	38.25	47.53
278.8	112.86	38.14	47.51
279.0	112.73	37.99	47.49
279.2	112.63	37.82	47.48
279.4	112.56	37.62	47.46
279.6	112.43	37.41	47.45
279.8	112.22	37.18	47.43
280.0	111.89	36.95	47.41
280.2	110.98	36.63	47.4
280.4	110.0	36.34	47.38
280.6	109.1	36.13	47.37
280.8	108.42	36.03	47.35
281.0	108.34	36.22	47.33
281.2	108.78	36.63	47.31
281.4	109.52	37.14	47.29
281.6	110.53	37.69	47.28
281.8	111.84	38.19	47.28
282.0	113.34	38.64	47.29
282.2	114.89	39.08	47.31
282.4	116.38	39.5	47.32
282.6	117.55	39.98	47.34
282.8	118.52	40.41	47.35
283.0	119.29	40.74	47.37
283.2	119.79	40.9	47.38
283.4	119.94	40.73	47.4
283.6	119.88	40.45	47.41
283.8	119.65	40.1	47.43
284.0	119.31	39.79	47.44
284.2	118.91	39.62	47.46
284.4	118.42	39.46	47.47
284.6	117.87	39.3	47.49
284.8	117.27	39.13	47.5
285.0	116.69	38.91	47.51
285.2	116.09	38.66	47.53
285.4	115.47	38.38	47.54
285.6	114.84	38.08	47.56
285.8	114.21	37.73	47.57
286.0	113.6	37.29	47.58
286.2	112.99	36.83	47.6
286.4	112.36	36.4	47.61
286.6	111.71	36.0	47.62
286.8	110.97	35.67	47.63
287.0	109.97	35.43	47.64
287.2	109.05	35.3	47.65
287.4	108.29	35.27	47.66
287.6	107.76	35.36	47.67
287.8	107.81	35.68	47.67
