0.2	84.43	46.91	38.01
0.4	84.58	46.48	38.01
0.6	84.61	46.23	38.01
0.8	84.56	46.13	38.01
1.0	84.44	46.14	38.01
1.2	84.29	46.24	38.01
1.4	84.14	46.39	38.01
1.6	84.0	46.57	38.01
1.8	83.91	46.75	38.01
2.0	83.94	46.81	38.01
2.2	84.14	46.74	38.01
2.4	84.4	46.64	38.01
2.6	84.69	46.54	38.01
2.8	84.99	46.5	38.01
3.0	85.25	46.65	38.02
3.2	85.49	46.83	38.02
3.4	85.7	46.99	38.02
3.6	85.86	47.1	38.03
3.8	85.89	46.95	38.03
4.0	85.85	46.68	38.03
4.2	85.78	46.4	38.04
4.4	85.71	46.18	38.04
4.6	85.66	46.12	38.04
4.8	85.66	46.33	38.04
5.0	85.7	46.63	38.05
5.2	85.8	47.0	38.05
5.4	85.98	47.41	38.05
5.6	86.36	47.81	38.06
5.8	86.79	48.23	38.06
6.0	87.26	48.63	38.06
6.2	87.72	49.01	38.07
6.4	88.08	49.3	38.07
6.6	88.39	49.54	38.07
6.8	88.66	49.76	38.08
7.0	88.88	49.98	38.08
7.2	89.04	50.26	38.08
7.4	89.13	50.6	38.09
7.6	89.2	50.92	38.09
7.8	89.26	51.19	38.09
8.0	89.35	51.39	38.1
8.2	89.58	51.35	38.1
8.4	89.83	51.24	38.1
8.6	90.08	51.09	38.11
8.8	90.31	50.9	38.11
9.0	90.47	50.78	38.11
9.2	90.56	50.7	38.12
9.4	90.6	50.62	38.12
9.6	90.59	50.54	38.12
9.8	90.53	50.43	38.13
10.0	90.39	50.22	38.13
10.2	90.2	49.99	38.13
10.4	89.98	49.77	38.14
10.6	89.73	49.58	38.14
10.8	89.47	49.44	38.14
11.0	89.17	49.43	38.15
11.2	88.88	49.48	38.15
11.4	88.62	49.6	38.15
11.6	88.4	49.79	38.15
11.8	88.29	50.08	38.16
12.0	88.29	50.46	38.15
12.2	88.36	50.9	38.16
12.4	88.48	51.38	38.17
12.6	88.65	51.89	38.19
12.8	88.9	52.45	38.24
13.0	89.17	53.01	38.3
13.2	89.45	53.53	38.37
13.4	89.7	54.0	38.45
13.6	89.88	54.28	38.52
13.8	89.99	54.41	38.58
14.0	90.05	54.5	38.65
14.2	90.06	54.56	38.71
14.4	90.02	54.64	38.78
14.6	89.89	54.89	38.84
14.8	89.72	55.15	38.91
15.0	89.54	55.41	38.97
15.2	89.35	55.65	39.03
15.4	89.19	55.78	39.1
15.6	89.05	55.83	39.16
15.8	88.94	55.88	39.23
16.0	88.87	55.93	39.29
16.2	88.87	56.03	39.35
16.4	88.97	56.21	39.42
16.6	89.1	56.44	39.48
16.8	89.24	56.69	39.55
17.0	89.37	56.97	39.61
17.2	89.43	57.36	39.68
17.4	89.46	57.74	39.75
17.6	89.46	58.08	39.82
17.8	89.41	58.34	39.88
18.0	89.31	58.34	39.95
18.2	89.16	58.17	40.02
18.4	88.97	57.92	40.08
18.6	88.74	57.6	40.15
18.8	88.48	57.25	40.21
19.0	88.18	56.91	40.28
19.2	87.86	56.58	40.34
19.4	87.53	56.29	40.4
19.6	87.2	56.06	40.47
19.8	86.86	55.93	40.53
20.0	86.54	55.92	40.59
20.2	86.25	56.0	40.66
20.4	86.01	56.18	40.72
20.6	85.83	56.5	40.78
20.8	85.76	56.99	40.85
21.0	85.75	57.56	40.91
21.2	85.79	58.21	40.97
21.4	85.89	58.9	41.03
21.6	86.05	59.68	41.1
21.8	86.25	60.44	41.16
22.0	86.45	61.14	41.23
22.2	86.65	61.71	41.29
22.4	86.8	61.94	41.36
22.6	86.92	61.96	41.42
22.8	87.0	61.86	41.49
23.0	87.04	61.67	41.55
23.2	87.01	61.52	41.62
23.4	86.93	61.38	41.69
23.6	86.8	61.18	41.76
23.8	86.64	60.9	41.82
24.0	86.46	60.42	41.89
24.2	86.27	59.74	41.96
24.4	86.05	59.04	42.02
24.6	85.8	58.37	42.09
24.8	85.51	57.85	42.15
25.0	85.15	57.74	42.22
25.2	84.77	57.71	42.28
25.4	84.37	57.71	42.35
25.6	83.96	57.71	42.41
25.8	83.54	57.39	42.48
26.0	83.11	56.95	42.54
26.2	82.71	56.54	42.61
26.4	82.35	56.2	42.67
26.6	82.04	56.11	42.73
26.8	81.83	56.34	42.78
27.0	81.65	56.67	42.83
27.2	81.52	57.05	42.88
27.4	81.43	57.42	42.93
27.6	81.35	57.73	42.98
27.8	81.31	57.98	43.02
28.0	81.29	58.12	43.07
28.2	81.31	58.11	43.11
28.4	81.37	57.71	43.16
28.6	81.44	57.19	43.2
28.8	81.52	56.63	43.25
29.0	81.58	56.08	43.3
29.2	81.6	55.8	43.34
29.4	81.59	55.61	43.39
29.6	81.55	55.45	43.44
29.8	81.47	55.32	43.48
30.0	81.34	55.14	43.53
30.2	81.17	54.93	43.58
30.4	80.95	54.72	43.62
30.6	80.69	54.5	43.67
30.8	80.36	54.24	43.71
31.0	79.92	53.89	43.76
31.2	79.47	53.58	43.8
31.4	79.04	53.37	43.85
31.6	78.66	53.29	43.89
31.8	78.42	53.57	43.92
32.0	78.27	54.04	43.95
32.2	78.22	54.65	43.98
32.4	78.27	55.34	44.01
32.6	78.45	56.08	44.03
32.8	78.75	56.82	44.05
33.0	79.14	57.59	44.06
33.2	79.62	58.38	44.08
33.4	80.2	59.18	44.09
33.6	80.88	60.03	44.11
33.8	81.59	60.8	44.13
34.0	82.32	61.45	44.14
34.2	83.0	61.9	44.16
34.4	83.6	62.03	44.18
34.6	84.14	61.98	44.19
34.8	84.64	61.77	44.21
35.0	85.06	61.36	44.23
35.2	85.41	60.7	44.25
35.4	85.71	59.99	44.26
35.6	85.94	59.28	44.28
35.8	86.13	58.64	44.29
36.0	86.28	58.49	44.31
36.2	86.38	58.47	44.33
36.4	86.44	58.49	44.34
36.6	86.47	58.49	44.35
36.8	86.43	58.23	44.37
37.0	86.34	57.77	44.38
37.2	86.26	57.33	44.4
37.4	86.22	56.97	44.42
37.6	86.33	56.94	44.44
37.8	86.56	57.2	44.46
38.0	86.82	57.52	44.48
38.2	87.08	57.8	44.51
38.4	87.24	57.75	44.54
38.6	87.35	57.5	44.56
38.8	87.42	57.19	44.59
39.0	87.47	56.87	44.62
39.2	87.52	56.67	44.65
39.4	87.57	56.55	44.67
39.6	87.58	56.47	44.7
39.8	87.55	56.41	44.73
40.0	87.43	56.44	44.76
40.2	87.25	56.5	44.79
40.4	87.03	56.51	44.81
40.6	86.78	56.45	44.84
40.8	86.5	56.17	44.87
41.0	86.23	55.57	44.89
41.2	85.94	54.9	44.92
41.4	85.62	54.23	44.95
41.6	85.28	53.61	44.97
41.8	84.88	53.3	45.0
42.0	84.46	53.14	45.02
42.2	84.05	53.09	45.05
42.4	83.66	53.15	45.07
42.6	83.32	53.3	45.1
42.8	83.04	53.53	45.12
43.0	82.83	53.85	45.15
43.2	82.69	54.28	45.18
43.4	82.65	54.81	45.2
43.6	82.76	55.53	45.23
43.8	82.96	56.32	45.25
44.0	83.25	57.16	45.28
44.2	83.63	58.02	45.3
44.4	84.17	58.88	45.33
44.6	84.76	59.69	45.36
44.8	85.38	60.43	45.38
45.0	85.97	61.05	45.41
45.2	86.43	61.36	45.44
45.4	86.82	61.53	45.47
45.6	87.16	61.64	45.49
45.8	87.44	61.72	45.52
46.0	87.66	62.01	45.55
46.2	87.82	62.36	45.58
46.4	87.94	62.66	45.6
46.6	88.0	62.86	45.63
46.8	88.0	62.77	45.66
47.0	87.93	62.37	45.69
47.2	87.85	61.89	45.71
47.4	87.77	61.4	45.74
47.6	87.71	60.96	45.76
47.8	87.74	60.84	45.78
48.0	87.81	60.81	45.79
48.2	87.89	60.85	45.8
48.4	88.0	60.94	45.81
48.6	88.13	61.14	45.81
48.8	88.27	61.38	45.81
49.0	88.41	61.57	45.81
49.2	88.53	61.67	45.81
49.4	88.62	61.52	45.81
49.6	88.66	60.95	45.81
49.8	88.66	60.28	45.81
50.0	88.63	59.58	45.81
50.2	88.55	58.9	45.81
50.4	88.39	58.6	45.8
50.6	88.19	58.41	45.8
50.8	87.95	58.27	45.8
51.0	87.68	58.15	45.8
51.2	87.38	57.94	45.8
51.4	87.04	57.55	45.8
51.6	86.7	57.17	45.8
51.8	86.36	56.83	45.8
52.0	86.04	56.55	45.8
52.2	85.78	56.49	45.8
52.4	85.57	56.57	45.8
52.6	85.39	56.73	45.8
52.8	85.22	56.95	45.8
53.0	85.06	57.2	45.79
53.2	84.86	57.42	45.79
53.4	84.7	57.69	45.79
53.6	84.61	58.01	45.79
53.8	84.64	58.41	45.79
54.0	84.9	59.0	45.8
54.2	85.24	59.6	45.81
54.4	85.62	60.18	45.82
54.6	86.0	60.64	45.83
54.8	86.34	60.93	45.84
55.0	86.64	61.13	45.85
55.2	86.88	61.27	45.86
55.4	86.98	61.35	45.87
55.6	86.95	61.38	45.88
55.8	86.84	61.37	45.89
56.0	86.67	61.32	45.9
56.2	86.42	61.22	45.91
56.4	86.09	61.03	45.92
56.6	85.77	60.87	45.93
56.8	85.48	60.76	45.93
57.0	85.26	60.75	45.94
57.2	85.28	61.1	45.95
57.4	85.41	61.55	45.96
57.6	85.6	62.05	45.97
57.8	85.86	62.56	45.98
58.0	86.17	62.95	45.99
58.2	86.51	63.23	46.0
58.4	86.86	63.45	46.01
58.6	87.18	63.61	46.01
58.8	87.43	63.67	46.02
59.0	87.57	63.62	46.03
59.2	87.65	63.53	46.04
59.4	87.69	63.42	46.05
59.6	87.68	63.32	46.06
59.8	87.59	63.31	46.07
60.0	87.49	63.33	46.08
60.2	87.39	63.37	46.09
60.4	87.32	63.43	46.1
60.6	87.33	63.51	46.1
60.8	87.41	63.61	46.11
61.0	87.54	63.75	46.12
61.2	87.72	63.94	46.13
61.4	88.01	64.29	46.14
61.6	88.36	64.74	46.15
61.8	88.74	65.14	46.16
62.0	89.13	65.42	46.17
62.2	89.5	65.36	46.18
62.4	89.83	64.91	46.19
62.6	90.12	64.36	46.2
62.8	90.35	63.79	46.21
63.0	90.49	63.39	46.22
63.2	90.5	63.31	46.22
63.4	90.44	63.28	46.23
63.6	90.31	63.26	46.24
63.8	90.12	63.22	46.25
64.0	89.85	62.9	46.26
64.2	89.53	62.53	46.27
64.4	89.18	62.14	46.28
64.6	88.81	61.75	46.29
64.8	88.41	61.38	46.3
65.0	88.0	61.05	46.31
65.2	87.63	60.8	46.32
65.4	87.31	60.63	46.32
65.6	87.08	60.59	46.33
65.8	87.06	60.83	46.34
66.0	87.12	61.18	46.34
66.2	87.25	61.58	46.35
66.4	87.45	62.03	46.35
66.6	87.71	62.46	46.35
66.8	87.99	62.86	46.36
67.0	88.28	63.21	46.36
67.2	88.55	63.48	46.37
67.4	88.73	63.49	46.37
67.6	88.83	63.33	46.37
67.8	88.87	63.14	46.38
68.0	88.86	62.97	46.38
68.2	88.76	63.03	46.39
68.4	88.57	63.34	46.39
68.6	88.34	63.67	46.39
68.8	88.08	63.98	46.4
69.0	87.79	64.17	46.4
69.2	87.5	63.97	46.4
69.4	87.2	63.68	46.41
69.6	86.92	63.36	46.41
69.8	86.66	63.04	46.41
70.0	86.46	62.85	46.42
70.2	86.31	62.75	46.42
70.4	86.19	62.72	46.43
70.6	86.11	62.77	46.43
70.8	86.07	62.98	46.43
71.0	86.07	63.32	46.44
71.2	86.11	63.7	46.44
71.4	86.18	64.11	46.44
71.6	86.29	64.49	46.45
71.8	86.44	64.8	46.45
72.0	86.58	65.06	46.45
72.2	86.71	65.25	46.46
72.4	86.78	65.3	46.46
72.6	86.73	65.14	46.47
72.8	86.64	64.89	46.47
73.0	86.52	64.59	46.47
73.2	86.37	64.28	46.48
73.4	86.25	64.01	46.48
73.6	86.12	63.78	46.48
73.8	85.96	63.61	46.49
74.0	85.78	63.51	46.49
74.2	85.5	63.57	46.49
74.4	85.17	63.76	46.5
74.6	84.86	64.01	46.5
74.8	84.59	64.31	46.5
75.0	84.47	64.63	46.51
75.2	84.46	64.95	46.53
75.4	84.51	65.24	46.54
75.6	84.63	65.5	46.56
75.8	84.83	65.67	46.58
76.0	85.05	65.77	46.6
76.2	85.27	65.78	46.62
76.4	85.45	65.67	46.64
76.6	85.56	65.39	46.66
76.8	85.61	65.03	46.68
77.0	85.58	64.59	46.7
77.2	85.42	64.09	46.72
77.4	85.11	63.53	46.74
77.6	84.75	62.98	46.76
77.8	84.33	62.45	46.78
78.0	83.9	62.01	46.8
78.2	83.48	61.76	46.82
78.4	83.08	61.59	46.83
78.6	82.72	61.48	46.85
78.8	82.42	61.4	46.87
79.0	82.26	61.31	46.89
79.2	82.2	61.23	46.91
79.4	82.2	61.19	46.92
79.6	82.25	61.19	46.94
79.8	82.32	61.22	46.96
80.0	82.4	61.28	46.98
80.2	82.51	61.43	47.0
80.4	82.65	61.71	47.02
80.6	82.82	62.19	47.04
80.8	83.04	63.08	47.05
81.0	83.27	64.06	47.07
81.2	83.5	65.04	47.09
81.4	83.73	65.96	47.11
81.6	83.85	66.42	47.12
81.8	83.97	66.75	47.14
82.0	84.1	67.03	47.16
82.2	84.28	67.31	47.17
82.4	84.55	67.87	47.19
82.6	84.88	68.44	47.21
82.8	85.28	68.93	47.23
83.0	85.78	69.2	47.25
83.2	86.41	69.15	47.27
83.4	87.02	68.96	47.29
83.6	87.54	68.68	47.31
83.8	87.76	68.45	47.33
84.0	87.8	68.19	47.35
84.2	87.71	67.85	47.37
84.4	87.5	67.41	47.39
84.6	87.18	66.56	47.41
84.8	86.8	65.65	47.43
85.0	86.38	64.76	47.45
85.2	85.94	63.99	47.47
85.4	85.57	63.77	47.49
85.6	85.26	63.9	47.51
85.8	84.98	64.14	47.53
86.0	84.72	64.4	47.54
86.2	84.5	64.53	47.56
86.4	84.31	64.32	47.58
86.6	84.16	64.05	47.6
86.8	84.07	63.74	47.62
87.0	84.03	63.43	47.63
87.2	84.1	63.16	47.64
87.4	84.23	62.92	47.65
87.6	84.4	62.75	47.65
87.8	84.62	62.66	47.65
88.0	84.92	62.84	47.65
88.2	85.22	63.06	47.65
88.4	85.52	63.26	47.64
88.6	85.79	63.37	47.64
88.8	85.96	63.12	47.64
89.0	86.08	62.79	47.63
89.2	86.14	62.41	47.63
89.4	86.13	62.01	47.63
89.6	85.98	61.65	47.63
89.8	85.78	61.35	47.62
90.0	85.54	61.13	47.62
90.2	85.27	61.03	47.62
90.4	84.99	61.23	47.61
90.6	84.72	61.63	47.61
90.8	84.49	62.12	47.61
91.0	84.3	62.64	47.6
91.2	84.24	63.1	47.6
91.4	84.3	63.45	47.6
91.6	84.42	63.78	47.59
91.8	84.56	64.06	47.59
92.0	84.71	64.32	47.59
92.2	84.83	64.59	47.59
92.4	84.93	64.78	47.58
92.6	84.99	64.87	47.58
92.8	85.0	64.84	47.58
93.0	84.89	64.36	47.57
93.2	84.71	63.81	47.57
93.4	84.49	63.26	47.57
93.6	84.21	62.78	47.56
93.8	83.84	62.69	47.56
94.0	83.42	62.93	47.56
94.2	82.99	63.28	47.55
94.4	82.59	63.7	47.55
94.6	82.26	64.08	47.55
94.8	82.06	64.3	47.54
95.0	81.93	64.5	47.54
95.2	81.87	64.71	47.54
95.4	81.87	64.93	47.54
95.6	81.95	65.25	47.54
95.8	82.08	65.57	47.54
96.0	82.28	65.9	47.55
96.2	82.55	66.23	47.55
96.4	82.91	66.56	47.55
96.6	83.31	66.84	47.56
96.8	83.71	67.05	47.56
97.0	84.08	67.1	47.56
97.2	84.37	66.86	47.57
97.4	84.62	66.58	47.57
97.6	84.83	66.34	47.57
97.8	84.99	66.32	47.58
98.0	85.09	66.69	47.58
98.2	85.15	67.14	47.58
98.4	85.17	67.62	47.59
98.6	85.15	68.02	47.59
98.8	85.07	68.15	47.59
99.0	84.99	68.24	47.6
99.2	84.92	68.33	47.6
99.4	84.89	68.45	47.6
99.6	84.91	68.68	47.6
99.8	84.99	68.94	47.61
100.0	85.16	69.22	47.61
100.2	85.49	69.53	47.61
100.4	85.92	69.84	47.62
100.6	86.38	70.12	47.62
100.8	86.82	70.36	47.62
101.0	87.19	70.53	47.63
101.2	87.5	70.59	47.63
101.4	87.7	70.5	47.64
101.6	87.68	70.05	47.64
101.8	87.52	69.4	47.64
102.0	87.27	68.64	47.65
102.2	86.94	67.85	47.65
102.4	86.61	67.16	47.65
102.6	86.25	66.52	47.66
102.8	85.87	65.93	47.66
103.0	85.5	65.42	47.66
103.2	85.15	65.05	47.67
103.4	84.82	64.79	47.67
103.6	84.53	64.62	47.67
103.8	84.28	64.55	47.68
104.0	84.08	64.61	47.68
104.2	83.94	64.77	47.69
104.4	83.86	65.01	47.69
104.6	83.84	65.34	47.7
104.8	83.91	65.78	47.71
105.0	84.06	66.27	47.72
105.2	84.27	66.78	47.72
105.4	84.56	67.29	47.73
105.6	84.94	67.73	47.74
105.8	85.38	68.13	47.75
106.0	85.85	68.49	47.75
106.2	86.35	68.76	47.76
106.4	86.86	68.95	47.77
106.6	87.34	69.12	47.78
106.8	87.76	69.29	47.78
107.0	88.04	69.59	47.79
107.2	88.22	69.91	47.8
107.4	88.32	70.19	47.81
107.6	88.33	70.36	47.82
107.8	88.18	70.22	47.82
108.0	88.01	70.01	47.83
108.2	87.88	69.8	47.84
108.4	87.9	69.75	47.85
108.6	88.2	70.0	47.85
108.8	88.56	70.25	47.86
109.0	88.92	70.44	47.87
109.2	89.19	70.37	47.88
109.4	89.33	69.96	47.89
109.6	89.36	69.42	47.89
109.8	89.3	68.8	47.9
110.0	89.05	68.15	47.91
110.2	88.62	67.52	47.92
110.4	88.11	66.93	47.93
110.6	87.55	66.45	47.93
110.8	86.97	66.15	47.94
111.0	86.44	66.32	47.95
111.2	85.93	66.6	47.96
111.4	85.47	66.89	47.96
111.6	85.06	67.14	47.97
111.8	84.81	66.92	47.98
112.0	84.64	66.54	47.98
112.2	84.52	66.16	47.99
112.4	84.43	65.87	47.99
112.6	84.29	66.01	48.0
112.8	84.12	66.46	48.0
113.0	83.98	66.95	48.01
113.2	83.86	67.41	48.01
113.4	83.8	67.47	48.02
113.6	83.8	67.3	48.02
113.8	83.84	67.12	48.03
114.0	83.93	67.0	48.03
114.2	84.13	67.33	48.04
114.4	84.36	67.8	48.04
114.6	84.58	68.26	48.05
114.8	84.76	68.57	48.05
115.0	84.81	68.44	48.06
115.2	84.81	68.16	48.06
115.4	84.75	67.79	48.07
115.6	84.64	67.39	48.07
115.8	84.45	67.04	48.08
116.0	84.23	66.68	48.08
116.2	84.0	66.33	48.09
116.4	83.78	65.97	48.09
116.6	83.58	65.61	48.1
116.8	83.42	65.36	48.1
117.0	83.34	65.27	48.11
117.2	83.37	65.62	48.11
117.4	83.52	66.27	48.12
117.6	83.76	66.97	48.12
117.8	84.07	67.58	48.12
118.0	84.51	67.68	48.12
118.2	85.0	67.61	48.12
118.4	85.48	67.42	48.12
118.6	85.91	67.21	48.12
118.8	86.24	67.04	48.12
119.0	86.49	66.85	48.12
119.2	86.67	66.65	48.12
119.4	86.73	66.48	48.12
119.6	86.69	66.32	48.12
119.8	86.59	66.13	48.12
120.0	86.47	65.9	48.12
120.2	86.33	65.43	48.12
120.4	86.21	64.81	48.12
120.6	86.13	64.28	48.12
120.8	86.13	63.92	48.12
121.0	86.32	64.15	48.12
121.2	86.69	64.93	48.12
121.4	87.11	65.84	48.12
121.6	87.55	66.76	48.12
121.8	87.92	67.38	48.11
122.0	88.21	67.68	48.11
122.2	88.43	67.79	48.11
122.4	88.58	67.73	48.11
122.6	88.59	67.35	48.11
122.8	88.49	66.75	48.11
123.0	88.33	66.07	48.11
123.2	88.13	65.38	48.11
123.4	87.93	64.82	48.11
123.6	87.72	64.5	48.11
123.8	87.54	64.26	48.11
124.0	87.39	64.1	48.11
124.2	87.3	64.01	48.11
124.4	87.35	63.97	48.11
124.6	87.45	63.98	48.12
124.8	87.58	64.06	48.12
125.0	87.74	64.19	48.13
125.2	87.86	64.42	48.13
125.4	87.99	64.68	48.14
125.6	88.14	64.95	48.15
125.8	88.32	65.2	48.15
126.0	88.53	65.25	48.16
126.2	88.78	65.3	48.16
126.4	89.08	65.41	48.17
126.6	89.42	65.63	48.18
126.8	89.88	66.19	48.18
127.0	90.35	66.82	48.19
127.2	90.83	67.48	48.2
127.4	91.27	68.09	48.2
127.6	91.66	68.57	48.21
127.8	91.99	68.96	48.22
128.0	92.24	69.25	48.22
128.2	92.38	69.39	48.23
128.4	92.4	69.36	48.24
128.6	92.31	69.22	48.24
128.8	92.14	68.98	48.25
129.0	91.82	68.65	48.26
129.2	91.42	68.24	48.26
129.4	90.97	67.8	48.27
129.6	90.53	67.34	48.28
129.8	90.15	66.93	48.28
130.0	89.78	66.53	48.29
130.2	89.41	66.13	48.3
130.4	89.01	65.71	48.3
130.6	88.55	65.18	48.31
130.8	88.1	64.73	48.32
131.0	87.69	64.42	48.32
131.2	87.34	64.39	48.33
131.4	87.14	64.94	48.34
131.6	87.0	65.6	48.35
131.8	86.91	66.25	48.36
132.0	86.87	66.64	48.37
132.2	86.86	66.57	48.39
132.4	86.87	66.4	48.4
132.6	86.88	66.17	48.42
132.8	86.84	66.06	48.43
133.0	86.76	66.08	48.44
133.2	86.66	66.14	48.46
133.4	86.56	66.22	48.47
133.6	86.44	66.22	48.49
133.8	86.33	66.21	48.5
134.0	86.25	66.28	48.51
134.2	86.22	66.47	48.53
134.4	86.28	67.04	48.54
134.6	86.41	67.77	48.56
134.8	86.61	68.52	48.57
135.0	86.87	69.19	48.58
135.2	87.22	69.51	48.6
135.4	87.62	69.68	48.61
135.6	88.05	69.73	48.63
135.8	88.53	69.64	48.64
136.0	89.07	69.42	48.65
136.2	89.56	69.15	48.67
136.4	89.95	68.89	48.68
136.6	90.07	68.77	48.7
136.8	89.92	68.8	48.72
137.0	89.67	68.84	48.73
137.2	89.36	68.87	48.75
137.4	89.11	68.78	48.76
137.6	88.92	68.58	48.77
137.8	88.74	68.32	48.79
138.0	88.56	68.01	48.8
138.2	88.39	67.64	48.82
138.4	88.23	67.19	48.83
138.6	88.06	66.74	48.85
138.8	87.88	66.32	48.86
139.0	87.66	65.98	48.87
139.2	87.32	65.84	48.88
139.4	86.98	65.78	48.88
139.6	86.66	65.79	48.88
139.8	86.38	65.87	48.87
140.0	86.24	65.91	48.86
140.2	86.18	66.02	48.84
140.4	86.19	66.21	48.82
140.6	86.26	66.52	48.8
140.8	86.43	67.17	48.79
141.0	86.67	67.96	48.77
141.2	86.92	68.72	48.75
141.4	87.18	69.35	48.74
141.6	87.41	69.42	48.72
141.8	87.6	69.27	48.7
142.0	87.75	69.05	48.69
142.2	87.85	68.82	48.67
142.4	87.79	68.95	48.65
142.6	87.69	69.13	48.64
142.8	87.56	69.32	48.62
143.0	87.44	69.47	48.6
143.2	87.37	69.43	48.59
143.4	87.33	69.36	48.57
143.6	87.31	69.27	48.55
143.8	87.31	69.19	48.53
144.0	87.34	69.18	48.51
144.2	87.39	69.21	48.5
144.4	87.45	69.28	48.48
144.6	87.52	69.44	48.47
144.8	87.56	69.81	48.47
145.0	87.63	70.14	48.48
145.2	87.73	70.36	48.48
145.4	87.89	70.22	48.49
145.6	88.12	69.52	48.5
145.8	88.39	68.78	48.51
146.0	88.7	68.15	48.52
146.2	89.04	68.18	48.53
146.4	89.4	68.82	48.54
146.6	89.76	69.51	48.55
146.8	90.1	70.07	48.55
147.0	90.41	69.77	48.56
147.2	90.67	69.03	48.57
147.4	90.84	68.12	48.58
147.6	90.91	67.19	48.59
147.8	90.71	66.58	48.6
148.0	90.4	66.1	48.61
148.2	90.02	65.75	48.62
148.4	89.61	65.54	48.63
148.6	89.27	65.64	48.64
148.8	88.97	65.89	48.64
149.0	88.7	66.19	48.65
149.2	88.46	66.5	48.66
149.4	88.27	66.58	48.67
149.6	88.15	66.39	48.68
149.8	88.06	66.24	48.68
150.0	88.02	66.21	48.69
150.2	88.0	66.48	48.7
150.4	87.97	67.3	48.71
150.6	88.02	68.22	48.72
150.8	88.17	69.15	48.73
151.0	88.53	69.84	48.74
151.2	89.09	70.25	48.76
151.4	89.72	70.61	48.77
151.6	90.39	70.97	48.79
151.8	91.02	71.6	48.81
152.0	91.62	72.23	48.82
152.2	92.15	72.79	48.84
152.4	92.52	73.18	48.86
152.6	92.75	73.37	48.87
152.8	92.88	73.4	48.89
153.0	92.92	73.25	48.91
153.2	92.86	72.69	48.92
153.4	92.74	72.05	48.94
153.6	92.58	71.43	48.96
153.8	92.4	71.03	48.97
154.0	92.23	71.16	48.99
154.2	92.06	71.41	49.01
154.4	91.91	71.71	49.02
154.6	91.82	71.93	49.04
154.8	91.84	71.97	49.06
155.0	91.85	71.89	49.07
155.2	91.81	71.67	49.09
155.4	91.65	71.21	49.11
155.6	91.28	70.42	49.12
155.8	90.84	69.54	49.14
156.0	90.34	68.64	49.16
156.2	89.82	67.86	49.18
156.4	89.34	67.47	49.19
156.6	88.86	67.15	49.21
156.8	88.38	66.86	49.22
157.0	87.9	66.57	49.24
157.2	87.37	65.92	49.25
157.4	86.86	65.15	49.27
157.6	86.39	64.5	49.28
157.8	86.0	64.06	49.3
158.0	85.74	64.15	49.31
158.2	85.64	64.84	49.32
158.4	85.63	65.72	49.33
158.6	85.73	66.69	49.35
158.8	85.94	67.51	49.36
159.0	86.24	68.17	49.37
159.2	86.6	68.82	49.38
159.4	86.99	69.47	49.39
159.6	87.33	70.24	49.4
159.8	87.66	71.02	49.41
160.0	87.99	71.78	49.42
160.2	88.31	72.47	49.43
160.4	88.63	72.98	49.44
160.6	88.94	73.43	49.45
160.8	89.24	73.87	49.46
161.0	89.55	74.42	49.47
161.2	89.85	75.11	49.48
161.4	90.14	75.71	49.49
161.6	90.4	76.15	49.5
161.8	90.59	76.21	49.51
162.0	90.72	75.94	49.52
162.2	90.82	75.4	49.54
162.4	90.9	74.59	49.55
162.6	90.94	73.05	49.56
162.8	90.98	71.42	49.57
163.0	91.01	69.93	49.58
163.2	91.05	68.81	49.59
163.4	91.16	69.31	49.6
163.6	91.26	70.17	49.61
163.8	91.36	71.17	49.62
164.0	91.43	72.11	49.63
164.2	91.45	72.18	49.64
164.4	91.42	71.93	49.65
164.6	91.33	71.48	49.66
164.8	91.15	70.88	49.67
165.0	90.85	70.12	49.68
165.2	90.46	69.31	49.69
165.4	90.0	68.5	49.7
165.6	89.47	67.76	49.71
165.8	88.84	67.2	49.72
166.0	88.2	66.77	49.73
166.2	87.59	66.49	49.74
166.4	87.07	66.48	49.75
166.6	86.71	66.84	49.76
166.8	86.44	67.29	49.77
167.0	86.26	67.73	49.78
167.2	86.21	67.98	49.79
167.4	86.28	67.94	49.8
167.6	86.38	67.78	49.8
167.8	86.46	67.5	49.8
168.0	86.39	67.08	49.8
168.2	86.2	66.57	49.79
168.4	85.94	66.04	49.77
168.6	85.63	65.54	49.76
168.8	85.23	65.17	49.75
169.0	84.81	64.92	49.73
169.2	84.38	64.79	49.72
169.4	83.97	64.8	49.7
169.6	83.63	65.07	49.69
169.8	83.37	65.57	49.67
170.0	83.19	66.13	49.66
170.2	83.08	66.68	49.64
170.4	83.07	66.99	49.63
170.6	83.17	67.12	49.61
170.8	83.37	67.29	49.6
171.0	83.68	67.6	49.58
171.2	84.19	68.56	49.57
171.4	84.81	69.7	49.55
171.6	85.48	70.77	49.54
171.8	86.16	71.56	49.52
172.0	86.78	71.43	49.51
172.2	87.37	71.08	49.5
172.4	87.91	70.65	49.48
172.6	88.37	70.49	49.47
172.8	88.75	70.66	49.45
173.0	89.05	70.78	49.44
173.2	89.25	70.72	49.42
173.4	89.33	70.0	49.41
173.6	89.32	69.16	49.39
173.8	89.21	68.32	49.38
174.0	88.94	67.84	49.36
174.2	88.58	67.64	49.35
174.4	88.22	67.56	49.33
174.6	87.91	67.59	49.32
174.8	87.82	67.67	49.3
175.0	87.8	67.77	49.29
175.2	87.8	67.86	49.27
175.4	87.83	67.88	49.26
175.6	87.83	67.81	49.24
175.8	87.79	67.64	49.23
176.0	87.67	67.36	49.21
176.2	87.34	66.82	49.2
176.4	86.87	66.14	49.2
176.6	86.32	65.41	49.19
176.8	85.7	64.7	49.18
177.0	85.02	64.16	49.18
177.2	84.32	63.77	49.17
177.4	83.62	63.48	49.16
177.6	82.96	63.28	49.15
177.8	82.38	63.17	49.15
178.0	81.95	63.15	49.14
178.2	81.62	63.23	49.13
178.4	81.4	63.4	49.13
178.6	81.31	63.66	49.12
178.8	81.48	64.17	49.11
179.0	81.77	64.74	49.1
179.2	82.11	65.28	49.1
179.4	82.48	65.71	49.09
179.6	82.74	65.73	49.08
179.8	82.97	65.61	49.07
180.0	83.18	65.42	49.07
180.2	83.37	65.25	49.06
180.4	83.48	65.18	49.05
180.6	83.59	65.17	49.05
180.8	83.74	65.23	49.04
181.0	83.96	65.41	49.03
181.2	84.34	65.78	49.02
181.4	84.74	66.2	49.02
181.6	85.15	66.62	49.01
181.8	85.51	66.96	49.0
182.0	85.81	67.2	48.99
182.2	86.06	67.4	48.99
182.4	86.27	67.58	48.98
182.6	86.38	67.68	48.98
182.8	86.43	67.77	48.98
183.0	86.49	67.96	48.98
183.2	86.59	68.3	48.98
183.4	86.85	69.34	48.99
183.6	87.2	70.59	48.99
183.8	87.65	71.72	48.99
184.0	88.17	72.54	49.0
184.2	88.92	72.11	49.0
184.4	89.68	71.3	49.01
184.6	90.38	70.3	49.01
184.8	90.87	69.39	49.02
185.0	91.03	68.83	49.02
185.2	91.03	68.37	49.03
185.4	90.89	68.02	49.03
185.6	90.66	67.81	49.04
185.8	90.34	67.73	49.04
186.0	89.96	67.74	49.04
186.2	89.56	67.82	49.05
186.4	89.16	67.94	49.05
186.6	88.81	68.08	49.06
186.8	88.48	68.24	49.06
187.0	88.21	68.38	49.06
187.2	87.99	68.5	49.07
187.4	87.9	68.44	49.07
187.6	87.87	68.38	49.08
187.8	87.89	68.37	49.08
188.0	87.94	68.48	49.09
188.2	88.0	68.87	49.09
188.4	88.08	69.32	49.09
188.6	88.2	69.78	49.1
188.8	88.36	70.18	49.1
189.0	88.59	70.47	49.11
189.2	88.81	70.65	49.11
189.4	89.01	70.66	49.12
189.6	89.14	70.41	49.12
189.8	89.2	69.92	49.12
190.0	89.19	69.25	49.13
190.2	89.1	68.42	49.13
190.4	88.85	67.27	49.14
190.6	88.5	66.01	49.14
190.8	88.11	64.77	49.15
191.0	87.71	63.67	49.16
191.2	87.39	63.17	49.16
191.4	87.13	63.11	49.16
191.6	86.91	63.25	49.17
191.8	86.71	63.54	49.17
192.0	86.54	63.93	49.17
192.2	86.44	64.28	49.18
192.4	86.37	64.59	49.18
192.6	86.31	64.86	49.19
192.8	86.23	65.05	49.19
193.0	86.12	65.07	49.19
193.2	85.9	64.65	49.2
193.4	85.66	64.22	49.2
193.6	85.43	63.87	49.21
193.8	85.21	63.8	49.21
194.0	85.06	64.33	49.22
194.2	84.93	65.03	49.22
194.4	84.85	65.8	49.22
194.6	84.83	66.51	49.23
194.8	84.86	67.0	49.23
195.0	84.94	67.43	49.24
195.2	85.06	67.83	49.24
195.4	85.19	68.22	49.24
195.6	85.35	68.6	49.25
195.8	85.56	68.91	49.25
196.0	85.85	69.14	49.26
196.2	86.34	69.18	49.26
196.4	86.92	69.11	49.27
196.6	87.52	68.96	49.27
196.8	88.1	68.78	49.28
197.0	88.55	68.61	49.28
197.2	88.93	68.43	49.28
197.4	89.26	68.24	49.28
197.6	89.51	68.02	49.28
197.8	89.64	67.75	49.28
198.0	89.74	67.5	49.27
198.2	89.83	67.27	49.26
198.4	89.94	67.11	49.26
198.6	90.19	67.25	49.25
198.8	90.47	67.38	49.24
199.0	90.74	67.43	49.24
199.2	91.0	67.33	49.23
199.4	91.21	66.65	49.22
199.6	91.38	65.79	49.22
199.8	91.47	64.87	49.21
200.0	91.49	63.96	49.2
200.2	91.29	63.38	49.19
200.4	91.01	62.91	49.19
200.6	90.68	62.56	49.18
200.8	90.32	62.33	49.17
201.0	89.95	62.22	49.16
201.2	89.6	62.25	49.16
201.4	89.31	62.39	49.15
201.6	89.1	62.64	49.14
201.8	89.0	63.01	49.14
202.0	89.16	63.65	49.13
202.2	89.44	64.34	49.12
202.4	89.84	65.02	49.13
202.6	90.34	65.62	49.13
202.8	91.02	65.81	49.16
203.0	91.76	65.91	49.19
203.2	92.49	66.03	49.23
203.4	93.15	66.27	49.27
203.6	93.6	66.93	49.31
203.8	93.97	67.68	49.34
204.0	94.28	68.44	49.38
204.2	94.57	69.16	49.41
204.4	94.86	69.74	49.45
204.6	95.11	70.19	49.48
204.8	95.32	70.46	49.51
205.0	95.44	70.37	49.54
205.2	95.47	69.88	49.58
205.4	95.47	69.29	49.61
205.6	95.44	68.69	49.65
205.8	95.47	68.48	49.68
206.0	95.5	68.47	49.72
206.2	95.51	68.43	49.75
206.4	95.46	68.24	49.79
206.6	95.34	67.5	49.83
206.8	95.14	66.62	49.88
207.0	94.84	65.66	49.92
207.2	94.41	64.74	49.96
207.4	93.78	64.03	50.0
207.6	93.06	63.38	50.04
207.8	92.26	62.79	50.07
208.0	91.41	62.25	50.11
208.2	90.58	61.74	50.14
208.4	89.75	61.27	50.18
208.6	88.94	60.88	50.21
208.8	88.15	60.58	50.24
209.0	87.4	60.38	50.27
209.2	86.7	60.31	50.31
209.4	86.07	60.37	50.34
209.6	85.51	60.57	50.38
209.8	85.06	60.92	50.41
210.0	84.72	61.45	50.43
210.2	84.52	62.44	50.44
210.4	84.46	63.5	50.44
210.6	84.55	64.53	50.45
210.8	84.79	65.43	50.44
211.0	85.36	65.75	50.43
211.2	86.06	65.83	50.42
211.4	86.8	65.84	50.41
211.6	87.51	65.84	50.4
211.8	87.94	66.18	50.38
212.0	88.26	66.6	50.37
212.2	88.49	67.02	50.36
212.4	88.65	67.38	50.34
212.6	88.75	67.44	50.33
212.8	88.81	67.43	50.32
213.0	88.84	67.38	50.31
213.2	88.85	67.34	50.29
213.4	88.89	67.44	50.28
213.6	88.94	67.59	50.27
213.8	89.0	67.75	50.25
214.0	89.07	67.9	50.24
214.2	89.17	68.0	50.23
214.4	89.29	68.06	50.22
214.6	89.45	68.13	50.2
214.8	89.65	68.22	50.19
215.0	89.91	68.42	50.18
215.2	90.22	68.67	50.17
215.4	90.61	68.92	50.16
215.6	91.08	69.14	50.16
215.8	91.79	69.31	50.15
216.0	92.58	69.4	50.15
216.2	93.34	69.4	50.14
216.4	94.0	69.28	50.14
216.6	94.25	68.82	50.14
216.8	94.32	68.24	50.13
217.0	94.27	67.66	50.13
217.2	94.14	67.14	50.13
217.4	94.0	67.02	50.12
217.6	93.85	67.08	50.12
217.8	93.71	67.24	50.12
218.0	93.58	67.47	50.11
218.2	93.54	67.7	50.11
218.4	93.65	67.87	50.11
218.6	93.78	68.04	50.1
218.8	93.9	68.22	50.1
219.0	93.97	68.4	50.1
219.2	93.83	68.6	50.09
219.4	93.66	68.8	50.09
219.6	93.48	68.96	50.09
219.8	93.34	69.05	50.08
220.0	93.27	69.0	50.08
220.2	93.26	68.94	50.07
220.4	93.34	68.91	50.07
220.6	93.61	69.12	50.07
220.8	94.02	69.49	50.07
221.0	94.43	69.79	50.06
221.2	94.75	69.89	50.06
221.4	94.74	69.32	50.05
221.6	94.57	68.47	50.05
221.8	94.28	67.47	50.04
222.0	93.88	66.4	50.03
222.2	93.39	65.37	50.03
222.4	92.84	64.4	50.02
222.6	92.25	63.54	50.01
222.8	91.67	62.85	50.0
223.0	91.14	62.7	49.99
223.2	90.65	62.73	49.98
223.4	90.22	62.92	49.97
223.6	89.87	63.22	49.96
223.8	89.64	63.52	49.95
224.0	89.54	63.81	49.95
224.2	89.53	64.14	49.94
224.4	89.58	64.49	49.93
224.6	89.75	64.87	49.92
224.8	90.01	65.27	49.91
225.0	90.28	65.66	49.9
225.2	90.5	66.03	49.89
225.4	90.57	66.36	49.88
225.6	90.49	66.64	49.87
225.8	90.34	66.87	49.87
226.0	90.12	67.06	49.86
226.2	89.83	67.1	49.85
226.4	89.48	67.03	49.84
226.6	89.17	67.01	49.83
226.8	88.92	67.09	49.82
227.0	88.85	67.47	49.81
227.2	89.06	68.34	49.8
227.4	89.36	69.3	49.79
227.6	89.74	70.26	49.79
227.8	90.17	71.11	49.78
228.0	90.65	71.59	49.77
228.2	91.1	71.9	49.76
228.4	91.45	72.04	49.75
228.6	91.62	71.99	49.74
228.8	91.39	71.65	49.73
229.0	91.03	71.2	49.72
229.2	90.56	70.66	49.71
229.4	90.03	70.1	49.71
229.6	89.54	69.6	49.7
229.8	89.06	69.17	49.69
230.0	88.62	68.82	49.68
230.2	88.25	68.59	49.67
230.4	88.02	68.64	49.66
230.6	87.97	69.02	49.65
230.8	87.99	69.47	49.64
231.0	88.05	69.95	49.63
231.2	88.11	70.38	49.63
231.4	88.13	70.51	49.63
231.6	88.13	70.56	49.64
231.8	88.1	70.55	49.65
232.0	88.03	70.47	49.67
232.2	87.85	70.33	49.68
232.4	87.62	70.15	49.69
232.6	87.36	69.98	49.7
232.8	87.09	69.83	49.71
233.0	86.83	69.74	49.73
233.2	86.57	69.73	49.74
233.4	86.36	69.8	49.75
233.6	86.21	69.96	49.76
233.8	86.14	70.27	49.77
234.0	86.19	70.79	49.78
234.2	86.34	71.36	49.8
234.4	86.61	71.95	49.81
234.6	87.06	72.52	49.82
234.8	87.75	73.0	49.83
235.0	88.5	73.39	49.84
235.2	89.25	73.65	49.86
235.4	89.9	73.65	49.87
235.6	90.39	73.37	49.88
235.8	90.77	72.97	49.9
236.0	91.02	72.51	49.91
236.2	91.04	72.1	49.92
236.4	90.83	71.77	49.94
236.6	90.5	71.46	49.95
236.8	90.1	71.17	49.96
237.0	89.65	70.87	49.97
237.2	89.25	70.54	49.99
237.4	88.84	70.25	50.0
237.6	88.45	70.0	50.01
237.8	88.1	69.83	50.02
238.0	87.81	69.85	50.03
238.2	87.6	70.01	50.04
238.4	87.46	70.21	50.06
238.6	87.39	70.4	50.07
238.8	87.43	70.45	50.08
239.0	87.59	70.27	50.09
239.2	87.82	70.11	50.1
239.4	88.1	70.01	50.12
239.6	88.43	70.12	50.13
239.8	88.83	70.86	50.14
240.0	89.23	71.61	50.15
240.2	89.58	72.21	50.16
240.4	89.85	72.4	50.17
240.6	89.95	71.65	50.18
240.8	89.97	70.69	50.2
241.0	89.89	69.68	50.21
241.2	89.72	69.06	50.22
241.4	89.46	68.81	50.23
241.6	89.14	68.61	50.25
241.8	88.76	68.38	50.26
242.0	88.31	67.63	50.27
242.2	87.84	66.75	50.28
242.4	87.39	66.0	50.3
242.6	86.98	65.55	50.31
242.8	86.68	66.15	50.32
243.0	86.46	66.96	50.33
243.2	86.32	67.83	50.34
243.4	86.31	68.45	50.36
243.6	86.46	68.44	50.37
243.8	86.69	68.25	50.38
244.0	86.95	67.95	50.39
244.2	87.22	67.61	50.41
244.4	87.47	67.28	50.42
244.6	87.68	66.94	50.43
244.8	87.83	66.6	50.45
245.0	87.8	66.28	50.46
245.2	87.63	66.01	50.47
245.4	87.41	65.76	50.48
245.6	87.16	65.56	50.49
245.8	86.93	65.31	50.51
246.0	86.73	65.09	50.52
246.2	86.57	65.03	50.53
246.4	86.46	65.19	50.54
246.6	86.41	65.89	50.55
246.8	86.44	66.97	50.57
247.0	86.59	68.17	50.58
247.2	86.87	69.39	50.59
247.4	87.39	70.33	50.61
247.6	88.08	71.11	50.62
247.8	88.88	71.76	50.64
248.0	89.75	72.27	50.66
248.2	90.74	72.67	50.68
248.4	91.69	72.89	50.7
248.6	92.55	72.91	50.72
248.8	93.11	72.57	50.73
249.0	93.37	71.91	50.75
249.2	93.48	71.16	50.77
249.4	93.47	70.44	50.79
249.6	93.42	70.1	50.81
249.8	93.33	70.04	50.83
250.0	93.22	70.08	50.85
250.2	93.1	70.19	50.87
250.4	93.03	70.3	50.88
250.6	93.02	70.36	50.9
250.8	93.06	70.4	50.91
251.0	93.13	70.4	50.92
251.2	93.28	70.34	50.92
251.4	93.61	70.16	50.92
251.6	93.93	69.91	50.91
251.8	94.18	69.58	50.9
252.0	94.3	69.18	50.89
252.2	94.04	68.61	50.87
252.4	93.65	68.0	50.85
252.6	93.15	67.39	50.83
252.8	92.59	66.82	50.81
253.0	92.03	66.33	50.79
253.2	91.48	65.96	50.77
253.4	90.94	65.71	50.75
253.6	90.42	65.63	50.73
253.8	89.95	65.79	50.71
254.0	89.55	66.37	50.69
254.2	89.22	67.08	50.67
254.4	88.97	67.85	50.65
254.6	88.8	68.61	50.63
254.8	88.77	69.17	50.61
255.0	88.82	69.64	50.59
255.2	88.96	70.04	50.57
255.4	89.18	70.35	50.55
255.6	89.61	70.67	50.53
255.8	90.05	70.85	50.51
256.0	90.43	70.82	50.49
256.2	90.66	70.49	50.47
256.4	90.51	69.42	50.45
256.6	90.21	68.21	50.43
256.8	89.8	67.02	50.41
257.0	89.33	66.03	50.39
257.2	88.86	65.99	50.37
257.4	88.37	66.25	50.35
257.6	87.88	66.74	50.33
257.8	87.42	67.41	50.31
258.0	87.01	68.15	50.29
258.2	86.69	68.91	50.27
258.4	86.42	69.71	50.25
258.6	86.22	70.53	50.23
258.8	86.08	71.35	50.21
259.0	86.03	72.17	50.18
259.2	86.05	72.92	50.16
259.4	86.14	73.58	50.14
259.6	86.3	74.11	50.11
259.8	86.65	74.54	50.09
260.0	87.02	74.76	50.06
260.2	87.36	74.72	50.03
260.4	87.59	74.32	50.01
260.6	87.47	73.09	49.98
260.8	87.25	71.65	49.96
261.0	86.96	70.15	49.93
261.2	86.67	68.92	49.9
261.4	86.46	68.41	49.88
261.6	86.28	68.12	49.85
261.8	86.11	68.03	49.83
262.0	85.96	68.08	49.8
262.2	85.85	68.18	49.78
262.4	85.77	68.21	49.75
262.6	85.72	68.3	49.72
262.8	85.7	68.45	49.7
263.0	85.7	68.64	49.67
263.2	85.73	68.94	49.65
263.4	85.79	69.35	49.62
263.6	85.86	69.75	49.6
263.8	85.91	70.09	49.57
264.0	85.93	70.33	49.54
264.2	85.85	70.15	49.52
264.4	85.73	69.88	49.49
264.6	85.59	69.64	49.47
264.8	85.43	69.5	49.44
265.0	85.24	69.91	49.41
265.2	85.07	70.42	49.39
265.4	84.92	70.94	49.36
265.6	84.85	71.35	49.34
265.8	84.9	71.38	49.31
266.0	85.01	71.3	49.29
266.2	85.17	71.15	49.26
266.4	85.42	71.0	49.23
266.6	85.73	70.87	49.2
266.8	86.02	70.73	49.17
267.0	86.23	70.56	49.15
267.2	86.2	70.3	49.16
267.4	86.0	70.0	49.19
267.6	85.71	69.76	49.22
267.8	85.35	69.61	49.27
268.0	84.94	69.81	49.31
268.2	84.5	70.16	49.36
268.4	84.09	70.58	49.4
268.6	83.71	71.02	49.45
268.8	83.47	71.34	49.5
269.0	83.33	71.59	49.54
269.2	83.27	71.79	49.59
269.4	83.3	71.92	49.63
269.6	83.45	71.96	49.68
269.8	83.7	71.91	49.73
270.0	83.99	71.8	49.78
270.2	84.31	71.6	49.83
270.4	84.63	71.32	49.88
270.6	84.93	70.96	49.93
270.8	85.16	70.56	49.99
271.0	85.3	70.12	50.04
271.2	85.15	69.67	50.09
271.4	84.85	69.21	50.14
271.6	84.46	68.75	50.19
271.8	84.03	68.29	50.24
272.0	83.62	67.83	50.28
272.2	83.31	67.39	50.33
272.4	83.01	66.98	50.38
272.6	82.71	66.62	50.42
272.8	82.4	66.32	50.46
273.0	82.01	66.09	50.5
273.2	81.58	65.94	50.53
273.4	81.2	65.91	50.56
273.6	80.91	66.0	50.58
273.8	80.78	66.3	50.59
274.0	80.9	66.92	50.59
274.2	81.17	67.63	50.59
274.4	81.58	68.37	50.59
274.6	82.14	69.1	50.58
274.8	82.97	69.74	50.57
275.0	83.84	70.25	50.57
275.2	84.66	70.59	50.56
275.4	85.29	70.59	50.55
275.6	85.53	70.01	50.55
275.8	85.62	69.3	50.54
276.0	85.61	68.57	50.53
276.2	85.55	68.05	50.53
276.4	85.5	68.08	50.52
276.6	85.44	68.26	50.51
276.8	85.37	68.57	50.51
277.0	85.3	68.94	50.5
277.2	85.31	69.26	50.49
277.4	85.34	69.59	50.49
277.6	85.4	69.92	50.48
277.8	85.48	70.25	50.47
278.0	85.56	70.6	50.47
278.2	85.67	70.94	50.46
278.4	85.8	71.21	50.45
278.6	85.96	71.4	50.45
278.8	86.2	71.45	50.44
279.0	86.5	71.35	50.43
279.2	86.8	71.13	50.43
279.4	87.1	70.76	50.42
279.6	87.37	70.18	50.42
279.8	87.6	69.44	50.41
280.0	87.76	68.61	50.4
280.2	87.83	67.75	50.4
280.4	87.75	66.87	50.39
280.6	87.5	66.02	50.38
280.8	87.16	65.25	50.38
281.0	86.76	64.62	50.37
281.2	86.31	64.17	50.36
281.4	85.86	64.28	50.36
281.6	85.39	64.58	50.35
281.8	84.91	64.98	50.34
282.0	84.42	65.44	50.34
282.2	83.91	65.83	50.33
282.4	83.38	66.03	50.32
282.6	82.88	66.21	50.32
282.8	82.45	66.39	50.31
283.0	82.1	66.58	50.3
283.2	81.92	66.77	50.3
283.4	81.86	67.01	50.3
283.6	81.91	67.31	50.31
283.8	82.09	67.71	50.31
284.0	82.52	68.56	50.31
284.2	83.04	69.41	50.32
284.4	83.61	70.12	50.33
284.6	84.17	70.51	50.34
284.8	84.62	70.0	50.35
285.0	85.02	69.28	50.35
285.2	85.36	68.48	50.36
285.4	85.61	67.82	50.37
285.6	85.72	67.66	50.38
285.8	85.76	67.66	50.38
286.0	85.74	67.8	50.39
286.2	85.68	68.04	50.4
286.4	85.56	68.42	50.4
286.6	85.43	68.84	50.41
286.8	85.31	69.27	50.42
287.0	85.25	69.68	50.42
287.2	85.32	69.89	50.43
287.4	85.48	70.03	50.43
287.6	85.69	70.12	50.44
287.8	85.97	70.2	50.44
