0.2	71.87	85.23	39.82
0.4	72.02	84.56	39.82
0.6	72.23	84.18	39.82
0.8	72.49	84.06	39.81
1.0	72.79	84.16	39.81
1.2	73.12	84.46	39.82
1.4	73.49	84.91	39.82
1.6	73.88	85.49	39.82
1.8	74.3	86.16	39.82
2.0	74.73	86.9	39.83
2.2	75.17	87.66	39.83
2.4	75.61	88.41	39.84
2.6	76.06	89.13	39.84
2.8	76.53	89.73	39.85
3.0	77.01	90.21	39.85
3.2	77.45	90.59	39.86
3.4	77.83	90.84	39.87
3.6	78.14	90.97	39.87
3.8	78.21	90.77	39.88
4.0	78.12	90.35	39.89
4.2	77.96	89.84	39.89
4.4	77.76	89.28	39.9
4.6	77.55	88.72	39.9
4.8	77.39	88.26	39.91
5.0	77.45	88.15	39.92
5.2	77.54	88.13	39.92
5.4	77.66	88.17	39.93
5.6	77.79	88.27	39.93
5.8	77.92	88.42	39.93
6.0	78.05	88.61	39.94
6.2	78.22	88.94	39.94
6.4	78.36	89.26	39.95
6.6	78.44	89.53	39.96
6.8	78.41	89.71	39.96
7.0	78.27	89.76	39.97
7.2	77.81	89.44	39.97
7.4	77.05	88.79	39.98
7.6	76.21	88.02	39.99
7.8	75.34	87.18	40.0
8.0	74.48	86.32	40.0
8.2	73.75	85.52	40.01
8.4	73.51	85.02	40.02
8.6	73.38	84.61	40.02
8.8	73.33	84.27	40.03
9.0	73.35	84.01	40.03
9.2	73.4	83.82	40.03
9.4	73.46	83.7	40.04
9.6	73.46	83.66	40.04
9.8	73.29	83.7	40.05
10.0	73.11	83.8	40.05
10.2	72.92	83.95	40.05
10.4	72.73	84.16	40.05
10.6	72.55	84.43	40.05
10.8	72.37	84.76	40.05
11.0	72.21	85.16	40.04
11.2	72.08	85.58	40.04
11.4	71.97	86.0	40.03
11.6	71.9	86.41	40.02
11.8	71.89	86.78	40.02
12.0	72.02	87.07	40.01
12.2	72.19	87.31	40.0
12.4	72.38	87.48	39.99
12.6	72.58	87.6	39.98
12.8	72.77	87.64	39.97
13.0	72.95	87.61	39.96
13.2	73.0	87.33	39.95
13.4	73.01	86.98	39.94
13.6	73.0	86.59	39.93
13.8	72.97	86.19	39.92
14.0	72.92	85.81	39.91
14.2	72.86	85.47	39.91
14.4	72.81	85.4	39.9
14.6	72.76	85.39	39.89
14.8	72.7	85.39	39.88
15.0	72.63	85.4	39.87
15.2	72.55	85.39	39.86
15.4	72.46	85.27	39.85
15.6	72.36	85.03	39.84
15.8	72.26	84.75	39.83
16.0	72.16	84.46	39.82
16.2	72.07	84.14	39.81
16.4	71.99	83.82	39.81
16.6	71.94	83.51	39.8
16.8	71.92	83.2	39.79
17.0	71.91	82.92	39.78
17.2	71.91	82.68	39.77
17.4	71.93	82.49	39.76
17.6	71.96	82.36	39.75
17.8	72.0	82.39	39.75
18.0	72.06	82.57	39.74
18.2	72.13	82.79	39.74
18.4	72.19	83.04	39.73
18.6	72.26	83.29	39.72
18.8	72.32	83.52	39.7
19.0	72.37	83.66	39.67
19.2	72.4	83.75	39.63
19.4	72.42	83.8	39.58
19.6	72.45	83.82	39.53
19.8	72.47	83.81	39.47
20.0	72.51	83.73	39.42
20.2	72.56	83.6	39.36
20.4	72.6	83.46	39.29
20.6	72.64	83.3	39.23
20.8	72.66	83.15	39.17
21.0	72.68	83.02	39.1
21.2	72.65	82.94	39.02
21.4	72.59	82.9	38.94
21.6	72.52	82.9	38.87
21.8	72.46	82.93	38.8
22.0	72.41	83.0	38.75
22.2	72.37	83.12	38.71
22.4	72.4	83.36	38.71
22.6	72.48	83.67	38.73
22.8	72.57	84.0	38.77
23.0	72.66	84.32	38.82
23.2	72.73	84.61	38.89
23.4	72.75	84.83	38.97
23.6	72.69	84.93	39.07
23.8	72.62	84.97	39.17
24.0	72.53	84.96	39.29
24.2	72.44	84.88	39.4
24.4	72.35	84.75	39.51
24.6	72.36	84.43	39.61
24.8	72.37	84.06	39.7
25.0	72.39	83.69	39.79
25.2	72.4	83.34	39.87
25.4	72.4	83.02	39.96
25.6	72.37	82.78	40.04
25.8	72.19	82.77	40.13
26.0	71.99	82.86	40.21
26.2	71.81	83.04	40.3
26.4	71.66	83.31	40.38
26.6	71.56	83.67	40.47
26.8	71.61	84.19	40.55
27.0	71.88	84.93	40.64
27.2	72.19	85.69	40.73
27.4	72.51	86.42	40.82
27.6	72.81	87.09	40.91
27.8	73.01	87.58	41.01
28.0	72.97	87.66	41.12
28.2	72.89	87.64	41.24
28.4	72.78	87.54	41.35
28.6	72.67	87.42	41.47
28.8	72.62	87.36	41.58
29.0	72.74	87.54	41.67
29.2	72.89	87.74	41.77
29.4	73.05	87.96	41.86
29.6	73.22	88.18	41.94
29.8	73.37	88.39	42.03
30.0	73.45	88.53	42.11
30.2	73.39	88.56	42.2
30.4	73.3	88.55	42.28
30.6	73.2	88.5	42.37
30.8	73.11	88.41	42.45
31.0	73.03	88.27	42.54
31.2	73.04	88.07	42.63
31.4	73.13	87.81	42.72
31.6	73.23	87.53	42.81
31.8	73.33	87.24	42.91
32.0	73.41	86.95	43.01
32.2	73.44	86.72	43.11
32.4	73.37	86.58	43.22
32.6	73.27	86.45	43.32
32.8	73.16	86.32	43.43
33.0	73.03	86.16	43.54
33.2	72.91	85.96	43.65
33.4	72.83	85.5	43.74
33.6	72.76	85.01	43.83
33.8	72.69	84.52	43.92
34.0	72.63	84.07	44.01
34.2	72.57	83.68	44.09
34.4	72.52	83.4	44.18
34.6	72.4	83.46	44.26
34.8	72.3	83.62	44.34
35.0	72.23	83.89	44.42
35.2	72.21	84.23	44.51
35.4	72.25	84.64	44.59
35.6	72.4	85.11	44.66
35.8	72.72	85.62	44.74
36.0	73.08	86.17	44.82
36.2	73.48	86.75	44.9
36.4	73.91	87.35	44.97
36.6	74.32	87.98	45.04
36.8	74.7	88.64	45.11
37.0	75.07	89.27	45.18
37.2	75.42	89.84	45.24
37.4	75.75	90.35	45.3
37.6	76.03	90.62	45.36
37.8	76.27	90.75	45.41
38.0	76.47	90.79	45.47
38.2	76.62	90.76	45.52
38.4	76.73	90.67	45.57
38.6	76.78	90.53	45.62
38.8	76.71	90.36	45.67
39.0	76.61	90.17	45.72
39.2	76.5	90.0	45.77
39.4	76.38	89.86	45.82
39.6	76.28	89.77	45.87
39.8	76.34	89.92	45.92
40.0	76.47	90.18	45.97
40.2	76.59	90.45	46.02
40.4	76.66	90.69	46.07
40.6	76.65	90.87	46.13
40.8	76.37	90.76	46.19
41.0	75.93	90.47	46.25
41.2	75.42	90.12	46.32
41.4	74.9	89.75	46.39
41.6	74.39	89.38	46.45
41.8	74.11	89.2	46.51
42.0	73.94	89.11	46.56
42.2	73.82	89.06	46.62
42.4	73.73	89.05	46.67
42.6	73.66	89.07	46.72
42.8	73.58	89.11	46.76
43.0	73.42	89.19	46.82
43.2	73.23	89.26	46.87
43.4	73.01	89.33	46.93
43.6	72.78	89.38	46.98
43.8	72.53	89.39	47.03
44.0	72.23	89.29	47.07
44.2	71.78	88.92	47.11
44.4	71.36	88.55	47.14
44.6	70.98	88.24	47.16
44.8	70.69	88.04	47.18
45.0	70.51	87.99	47.2
45.2	70.69	88.45	47.21
45.4	71.03	89.15	47.21
45.6	71.45	89.97	47.21
45.8	71.92	90.87	47.21
46.0	72.41	91.82	47.21
46.2	72.82	92.64	47.21
46.4	73.2	93.45	47.21
46.6	73.54	94.26	47.21
46.8	73.85	95.06	47.21
47.0	74.04	95.89	47.21
47.2	74.12	96.74	47.21
47.4	74.15	97.54	47.21
47.6	74.18	98.23	47.21
47.8	74.21	98.78	47.21
48.0	74.33	98.97	47.21
48.2	74.61	98.6	47.21
48.4	74.91	98.13	47.21
48.6	75.22	97.65	47.21
48.8	75.51	97.22	47.22
49.0	75.78	96.95	47.22
49.2	75.81	97.33	47.22
49.4	75.76	98.08	47.23
49.6	75.73	98.98	47.23
49.8	75.78	99.99	47.24
50.0	75.94	101.06	47.25
50.2	76.48	102.09	47.27
50.4	77.25	103.08	47.28
50.6	78.08	104.04	47.29
50.8	78.92	104.95	47.31
51.0	79.74	105.84	47.33
51.2	80.49	106.78	47.34
51.4	81.11	107.52	47.36
51.6	81.52	107.98	47.38
51.8	81.66	108.03	47.4
52.0	81.02	106.95	47.42
52.2	80.16	105.54	47.44
52.4	79.18	103.95	47.46
52.6	78.17	102.31	47.49
52.8	77.55	101.23	47.51
53.0	77.45	100.9	47.52
53.2	77.49	100.76	47.54
53.4	77.62	100.74	47.55
53.6	77.79	100.78	47.57
53.8	77.96	100.81	47.58
54.0	77.93	100.5	47.59
54.2	77.63	99.78	47.6
54.4	77.32	99.05	47.61
54.6	77.01	98.34	47.62
54.8	76.74	97.72	47.63
55.0	76.54	97.26	47.63
55.2	76.64	97.4	47.63
55.4	76.76	97.61	47.63
55.6	76.89	97.83	47.63
55.8	76.97	97.98	47.62
56.0	76.93	97.83	47.62
56.2	76.67	97.13	47.61
56.4	76.33	96.36	47.61
56.6	75.94	95.61	47.6
56.8	75.52	94.97	47.59
57.0	75.1	94.95	47.59
57.2	74.69	95.34	47.58
57.4	74.29	95.87	47.58
57.6	73.9	96.46	47.57
57.8	73.54	97.06	47.57
58.0	73.21	97.38	47.56
58.2	72.93	97.25	47.55
58.4	72.7	97.07	47.54
58.6	72.53	96.86	47.54
58.8	72.42	96.68	47.53
59.0	72.4	96.58	47.53
59.2	72.46	96.63	47.53
59.4	72.62	96.84	47.54
59.6	72.89	97.21	47.54
59.8	73.26	97.78	47.55
60.0	73.83	98.73	47.56
60.2	74.68	100.26	47.57
60.4	75.57	101.87	47.59
60.6	76.43	103.42	47.6
60.8	77.2	104.78	47.62
61.0	77.61	105.37	47.63
61.2	77.86	105.66	47.65
61.4	77.98	105.71	47.67
61.6	78.0	105.59	47.68
61.8	77.9	105.34	47.7
62.0	77.72	105.0	47.72
62.2	77.5	104.6	47.73
62.4	77.26	104.17	47.75
62.6	77.02	103.76	47.77
62.8	76.83	103.39	47.78
63.0	76.68	103.11	47.79
63.2	76.6	102.94	47.81
63.4	76.6	102.92	47.82
63.6	76.91	103.64	47.84
63.8	77.3	104.45	47.85
64.0	77.72	105.11	47.87
64.2	78.12	105.48	47.88
64.4	78.4	104.82	47.9
64.6	78.57	103.29	47.91
64.8	78.63	101.54	47.93
65.0	78.58	99.75	47.95
65.2	78.32	98.35	47.97
65.4	77.82	97.6	47.99
65.6	77.24	97.12	48.0
65.8	76.62	96.9	48.02
66.0	76.01	96.93	48.04
66.2	75.64	97.42	48.05
66.4	75.43	98.2	48.07
66.6	75.26	99.1	48.08
66.8	75.13	100.04	48.1
67.0	75.01	100.92	48.11
67.2	74.82	101.48	48.12
67.4	74.47	101.49	48.13
67.6	74.16	101.4	48.14
67.8	73.89	101.29	48.14
68.0	73.7	101.21	48.15
68.2	73.74	101.42	48.15
68.4	74.0	101.9	48.15
68.6	74.29	102.39	48.15
68.8	74.59	102.84	48.15
69.0	74.81	103.14	48.15
69.2	74.79	103.06	48.15
69.4	74.7	102.86	48.15
69.6	74.54	102.54	48.15
69.8	74.33	102.15	48.15
70.0	74.09	101.73	48.15
70.2	73.82	101.28	48.15
70.4	73.54	100.81	48.15
70.6	73.24	100.34	48.15
70.8	72.93	99.88	48.14
71.0	72.58	99.42	48.14
71.2	72.24	99.0	48.14
71.4	71.95	98.65	48.14
71.6	71.73	98.4	48.14
71.8	71.62	98.27	48.14
72.0	71.78	98.44	48.14
72.2	72.13	98.81	48.14
72.4	72.55	99.26	48.14
72.6	73.0	99.76	48.14
72.8	73.44	100.25	48.14
73.0	73.76	100.68	48.13
73.2	74.02	101.04	48.12
73.4	74.2	101.31	48.1
73.6	74.29	101.46	48.09
73.8	74.14	101.25	48.08
74.0	73.83	100.8	48.07
74.2	73.46	100.28	48.06
74.4	73.07	99.74	48.05
74.6	72.7	99.25	48.04
74.8	72.55	99.09	48.02
75.0	72.49	99.1	48.01
75.2	72.49	99.22	48.0
75.4	72.52	99.47	47.99
75.6	72.59	99.83	47.98
75.8	72.63	100.39	47.97
76.0	72.65	101.13	47.95
76.2	72.69	101.91	47.94
76.4	72.77	102.69	47.93
76.6	72.9	103.41	47.92
76.8	73.18	103.96	47.92
77.0	73.56	104.35	47.93
77.2	73.93	104.62	47.94
77.4	74.26	104.76	47.95
77.6	74.45	104.7	47.96
77.8	74.34	104.32	47.97
78.0	74.18	103.88	47.98
78.2	73.98	103.45	47.99
78.4	73.79	103.1	48.0
78.6	73.83	103.26	48.01
78.8	74.01	103.77	48.02
79.0	74.23	104.38	48.02
79.2	74.45	105.01	48.03
79.4	74.64	105.61	48.04
79.6	74.67	105.89	48.05
79.8	74.47	105.73	48.05
80.0	74.28	105.54	48.06
80.2	74.15	105.38	48.06
80.4	74.13	105.32	48.07
80.6	74.5	105.76	48.07
80.8	75.12	106.52	48.07
81.0	75.79	107.27	48.07
81.2	76.44	107.94	48.07
81.4	76.95	108.31	48.07
81.6	77.16	108.09	48.07
81.8	77.25	107.68	48.06
82.0	77.24	107.13	48.06
82.2	77.14	106.5	48.06
82.4	76.96	105.95	48.06
82.6	76.72	105.41	48.06
82.8	76.43	104.87	48.06
83.0	76.11	104.36	48.05
83.2	75.77	103.9	48.05
83.4	75.4	103.48	48.05
83.6	75.05	103.14	48.05
83.8	74.74	102.89	48.05
84.0	74.49	102.75	48.04
84.2	74.33	102.74	48.04
84.4	74.39	103.04	48.04
84.6	74.68	103.65	48.04
84.8	75.03	104.3	48.04
85.0	75.41	104.92	48.04
85.2	75.77	105.44	48.03
85.4	76.04	105.59	48.03
85.6	76.23	105.5	48.03
85.8	76.33	105.25	48.03
86.0	76.33	104.86	48.03
86.2	76.12	104.3	48.03
86.4	75.62	103.53	48.02
86.6	75.04	102.7	48.02
86.8	74.41	101.86	48.02
87.0	73.77	101.05	48.02
87.2	73.23	100.39	48.02
87.4	72.89	100.0	48.01
87.6	72.63	99.73	48.01
87.8	72.44	99.59	48.0
88.0	72.35	99.57	48.0
88.2	72.34	99.68	48.01
88.4	72.46	100.04	48.02
88.6	72.67	100.5	48.04
88.8	72.95	101.03	48.06
89.0	73.31	101.58	48.08
89.2	73.75	102.14	48.11
89.4	74.33	102.64	48.13
89.6	74.91	103.1	48.15
89.8	75.46	103.47	48.18
90.0	75.95	103.75	48.2
90.2	76.26	103.83	48.23
90.4	76.43	103.78	48.25
90.6	76.46	103.61	48.28
90.8	76.34	103.33	48.31
91.0	75.89	102.86	48.34
91.2	75.17	102.25	48.36
91.4	74.36	101.58	48.39
91.6	73.52	100.88	48.42
91.8	72.72	100.2	48.45
92.0	72.36	99.71	48.48
92.2	72.27	99.35	48.5
92.4	72.28	99.06	48.52
92.6	72.36	98.84	48.54
92.8	72.47	98.69	48.56
93.0	72.59	98.6	48.57
93.2	72.45	98.44	48.59
93.4	72.23	98.32	48.61
93.6	72.04	98.34	48.62
93.8	71.9	98.52	48.63
94.0	71.83	98.9	48.64
94.2	72.0	99.8	48.64
94.4	72.36	101.07	48.64
94.6	72.76	102.42	48.64
94.8	73.19	103.74	48.63
95.0	73.6	104.95	48.62
95.2	73.94	105.75	48.62
95.4	74.22	106.32	48.61
95.6	74.4	106.65	48.6
95.8	74.48	106.7	48.59
96.0	74.27	106.21	48.59
96.2	73.81	105.27	48.58
96.4	73.27	104.12	48.57
96.6	72.68	102.87	48.56
96.8	72.09	101.58	48.56
97.0	71.67	100.46	48.55
97.2	71.42	99.58	48.54
97.4	71.26	98.86	48.53
97.6	71.18	98.34	48.52
97.8	71.19	98.07	48.52
98.0	71.29	98.07	48.51
98.2	71.56	98.91	48.5
98.4	71.92	100.12	48.49
98.6	72.34	101.43	48.49
98.8	72.77	102.73	48.48
99.0	73.21	103.91	48.48
99.2	73.65	104.52	48.47
99.4	74.05	104.8	48.47
99.6	74.37	104.87	48.48
99.8	74.56	104.73	48.48
100.0	74.5	104.33	48.48
100.2	74.02	103.59	48.48
100.4	73.42	102.75	48.48
100.6	72.76	101.87	48.48
100.8	72.11	101.02	48.48
101.0	71.61	100.41	48.48
101.2	71.52	100.36	48.48
101.4	71.53	100.46	48.48
101.6	71.64	100.69	48.49
101.8	71.83	101.01	48.49
102.0	72.09	101.4	48.49
102.2	72.38	101.79	48.49
102.4	72.65	102.06	48.49
102.6	72.96	102.35	48.5
102.8	73.31	102.68	48.5
103.0	73.71	103.04	48.51
103.2	74.15	103.46	48.51
103.4	74.78	104.14	48.52
103.6	75.4	104.79	48.53
103.8	75.98	105.36	48.54
104.0	76.48	105.79	48.54
104.2	76.75	105.8	48.55
104.4	76.79	105.42	48.56
104.6	76.73	104.9	48.57
104.8	76.61	104.33	48.58
105.0	76.45	103.75	48.59
105.2	76.38	103.54	48.59
105.4	76.33	103.44	48.6
105.6	76.27	103.41	48.61
105.8	76.2	103.43	48.62
106.0	76.12	103.48	48.62
106.2	75.95	103.47	48.63
106.4	75.7	103.4	48.64
106.6	75.48	103.37	48.65
106.8	75.34	103.39	48.65
107.0	75.29	103.49	48.66
107.2	75.42	103.72	48.66
107.4	75.96	104.25	48.66
107.6	76.59	104.81	48.66
107.8	77.23	105.37	48.66
108.0	77.86	105.88	48.66
108.2	78.34	106.23	48.66
108.4	78.65	106.39	48.65
108.6	78.86	106.45	48.65
108.8	78.97	106.4	48.64
109.0	78.93	106.24	48.63
109.2	78.65	105.93	48.63
109.4	78.29	105.54	48.62
109.6	77.87	105.08	48.62
109.8	77.43	104.58	48.61
110.0	77.01	104.02	48.61
110.2	76.72	103.32	48.6
110.4	76.48	102.67	48.6
110.6	76.31	102.13	48.59
110.8	76.23	101.76	48.59
111.0	76.26	101.61	48.58
111.2	76.56	102.26	48.58
111.4	76.98	103.22	48.57
111.6	77.44	104.27	48.56
111.8	77.91	105.28	48.56
112.0	78.35	106.1	48.55
112.2	78.7	106.36	48.55
112.4	78.96	106.44	48.54
112.6	79.12	106.38	48.54
112.8	79.15	106.18	48.53
113.0	78.82	105.86	48.53
113.2	78.32	105.47	48.52
113.4	77.74	105.04	48.52
113.6	77.13	104.6	48.51
113.8	76.53	104.19	48.5
114.0	76.2	103.99	48.5
114.2	75.95	103.85	48.49
114.4	75.77	103.8	48.49
114.6	75.67	103.82	48.48
114.8	75.63	103.92	48.48
115.0	75.69	104.16	48.47
115.2	75.85	104.52	48.47
115.4	76.05	104.92	48.46
115.6	76.29	105.35	48.45
115.8	76.55	105.78	48.45
116.0	76.86	106.22	48.45
116.2	77.18	106.62	48.44
116.4	77.46	106.94	48.44
116.6	77.68	107.15	48.44
116.8	77.76	107.14	48.43
117.0	77.57	106.73	48.43
117.2	77.31	106.22	48.43
117.4	77.02	105.67	48.43
117.6	76.72	105.14	48.43
117.8	76.55	104.84	48.42
118.0	76.51	104.77	48.42
118.2	76.51	104.81	48.42
118.4	76.55	104.96	48.42
118.6	76.62	105.2	48.41
118.8	76.68	105.61	48.41
119.0	76.72	106.18	48.41
119.2	76.78	106.78	48.41
119.4	76.89	107.34	48.41
119.6	77.03	107.82	48.4
119.8	77.37	108.07	48.4
120.0	77.77	108.14	48.4
120.2	78.14	108.07	48.4
120.4	78.41	107.84	48.4
120.6	78.41	107.37	48.39
120.8	78.02	106.63	48.39
121.0	77.52	105.79	48.39
121.2	76.93	104.93	48.39
121.4	76.32	104.09	48.39
121.6	75.85	103.5	48.38
121.8	75.5	103.12	48.38
122.0	75.21	102.85	48.38
122.2	74.98	102.71	48.38
122.4	74.81	102.67	48.37
122.6	74.73	102.79	48.37
122.8	74.79	103.17	48.37
123.0	74.9	103.59	48.37
123.2	75.04	104.0	48.37
123.4	75.2	104.36	48.36
123.6	75.38	104.54	48.36
123.8	75.58	104.48	48.36
124.0	75.72	104.29	48.36
124.2	75.78	103.98	48.36
124.4	75.73	103.54	48.36
124.6	75.27	102.75	48.36
124.8	74.71	101.9	48.36
125.0	74.08	101.06	48.36
125.2	73.44	100.29	48.36
125.4	72.87	99.75	48.36
125.6	72.54	99.79	48.36
125.8	72.29	100.02	48.35
126.0	72.12	100.4	48.35
126.2	72.02	100.9	48.35
126.4	71.99	101.47	48.35
126.6	72.02	102.03	48.35
126.8	72.12	102.59	48.35
127.0	72.31	103.17	48.35
127.2	72.57	103.75	48.35
127.4	72.93	104.32	48.36
127.6	73.52	105.02	48.36
127.8	74.18	105.66	48.36
128.0	74.84	106.15	48.36
128.2	75.45	106.4	48.37
128.4	75.83	105.97	48.37
128.6	75.99	104.97	48.37
128.8	76.07	103.89	48.38
129.0	76.1	102.87	48.38
129.2	76.12	102.18	48.38
129.4	76.21	102.67	48.38
129.6	76.32	103.45	48.39
129.8	76.44	104.44	48.39
130.0	76.58	105.53	48.39
130.2	76.75	106.52	48.39
130.4	76.93	107.17	48.4
130.6	77.15	107.76	48.4
130.8	77.41	108.29	48.4
131.0	77.71	108.77	48.4
131.2	78.2	109.34	48.41
131.4	78.76	109.89	48.41
131.6	79.27	110.3	48.41
131.8	79.65	110.49	48.41
132.0	79.72	110.21	48.42
132.2	79.31	109.32	48.42
132.4	78.76	108.23	48.42
132.6	78.13	107.03	48.43
132.8	77.48	105.84	48.43
133.0	77.16	105.13	48.43
133.2	77.01	104.7	48.43
133.4	76.91	104.38	48.44
133.6	76.85	104.15	48.44
133.8	76.79	103.99	48.44
134.0	76.68	103.82	48.44
134.2	76.34	103.52	48.45
134.4	76.02	103.27	48.45
134.6	75.73	103.06	48.45
134.8	75.51	102.92	48.45
135.0	75.41	102.88	48.45
135.2	75.63	103.1	48.45
135.4	75.92	103.35	48.45
135.6	76.23	103.6	48.45
135.8	76.52	103.8	48.45
136.0	76.65	103.77	48.45
136.2	76.63	103.56	48.45
136.4	76.58	103.29	48.44
136.6	76.51	103.02	48.44
136.8	76.45	102.78	48.44
137.0	76.56	102.79	48.44
137.2	76.68	102.85	48.44
137.4	76.8	102.95	48.44
137.6	76.89	103.07	48.43
137.8	76.93	103.19	48.43
138.0	76.65	103.1	48.43
138.2	76.33	103.02	48.43
138.4	76.05	102.99	48.43
138.6	75.87	103.06	48.43
138.8	75.89	103.31	48.43
139.0	76.44	104.07	48.43
139.2	77.11	104.89	48.44
139.4	77.83	105.68	48.44
139.6	78.56	106.38	48.45
139.8	79.12	106.63	48.46
140.0	79.54	106.58	48.47
140.2	79.87	106.41	48.47
140.4	80.09	106.14	48.48
140.6	80.11	105.87	48.49
140.8	79.93	105.65	48.5
141.0	79.65	105.44	48.51
141.2	79.31	105.24	48.51
141.4	78.94	105.06	48.52
141.6	78.6	105.04	48.53
141.8	78.31	105.15	48.54
142.0	78.07	105.26	48.54
142.2	77.89	105.33	48.55
142.4	77.78	105.32	48.55
142.6	77.81	105.04	48.56
142.8	78.08	104.18	48.56
143.0	78.4	103.34	48.56
143.2	78.75	102.65	48.56
143.4	79.09	102.22	48.56
143.6	79.36	102.66	48.56
143.8	79.54	103.91	48.55
144.0	79.64	105.3	48.55
144.2	79.67	106.64	48.54
144.4	79.57	107.62	48.53
144.6	79.26	107.37	48.53
144.8	78.87	106.82	48.52
145.0	78.4	106.08	48.51
145.2	77.9	105.26	48.51
145.4	77.37	104.56	48.5
145.6	76.84	104.41	48.49
145.8	76.33	104.37	48.49
146.0	75.89	104.43	48.48
146.2	75.53	104.57	48.47
146.4	75.28	104.78	48.47
146.6	75.38	105.04	48.46
146.8	75.6	105.35	48.45
147.0	75.89	105.68	48.45
147.2	76.2	106.03	48.44
147.4	76.5	106.4	48.44
147.6	76.71	106.8	48.44
147.8	76.89	107.16	48.45
148.0	77.02	107.42	48.45
148.2	77.1	107.56	48.46
148.4	77.06	107.25	48.46
148.6	76.95	106.74	48.46
148.8	76.8	106.17	48.46
149.0	76.6	105.58	48.47
149.2	76.37	105.05	48.47
149.4	76.02	104.93	48.47
149.6	75.66	104.98	48.48
149.8	75.35	105.1	48.48
150.0	75.13	105.26	48.48
150.2	75.03	105.45	48.48
150.4	75.39	105.49	48.49
150.6	75.89	105.51	48.49
150.8	76.44	105.56	48.49
151.0	76.98	105.64	48.5
151.2	77.36	105.86	48.5
151.4	77.51	106.23	48.5
151.6	77.58	106.59	48.51
151.8	77.57	106.89	48.51
152.0	77.5	107.04	48.51
152.2	77.37	106.7	48.52
152.4	77.19	106.23	48.52
152.6	76.98	105.69	48.52
152.8	76.73	105.12	48.53
153.0	76.47	104.57	48.53
153.2	76.13	104.3	48.53
153.4	75.8	104.11	48.53
153.6	75.5	103.99	48.54
153.8	75.27	103.94	48.54
154.0	75.11	103.96	48.54
154.2	75.27	104.36	48.55
154.4	75.52	104.76	48.55
154.6	75.8	105.04	48.56
154.8	76.08	105.11	48.56
155.0	76.25	104.54	48.57
155.2	76.22	102.97	48.57
155.4	76.15	101.27	48.58
155.6	76.04	99.63	48.58
155.8	75.92	98.25	48.59
156.0	75.83	98.26	48.59
156.2	75.77	99.18	48.6
156.4	75.72	100.45	48.6
156.6	75.69	101.93	48.61
156.8	75.68	103.48	48.61
157.0	75.67	104.71	48.61
157.2	75.65	105.32	48.62
157.4	75.68	105.83	48.62
157.6	75.8	106.29	48.63
157.8	76.01	106.71	48.63
158.0	76.48	107.23	48.64
158.2	77.18	107.85	48.64
158.4	77.94	108.45	48.65
158.6	78.69	109.01	48.65
158.8	79.4	109.51	48.65
159.0	79.81	110.09	48.66
159.2	80.13	110.51	48.67
159.4	80.38	110.7	48.67
159.6	80.57	110.58	48.68
159.8	80.77	109.52	48.68
160.0	80.98	107.57	48.69
160.2	81.15	105.43	48.69
160.4	81.27	103.28	48.7
160.6	81.33	101.34	48.7
160.8	81.29	99.97	48.71
161.0	81.01	100.38	48.71
161.2	80.69	101.21	48.71
161.4	80.37	102.36	48.72
161.6	80.08	103.69	48.72
161.8	79.87	105.12	48.72
162.0	80.09	106.4	48.72
162.2	80.4	107.57	48.72
162.4	80.68	108.54	48.71
162.6	80.88	109.24	48.71
162.8	80.87	109.5	48.7
163.0	80.26	108.69	48.69
163.2	79.51	107.59	48.68
163.4	78.68	106.29	48.67
163.6	77.83	104.91	48.66
163.8	77.12	103.72	48.65
164.0	76.78	103.07	48.64
164.2	76.53	102.59	48.63
164.4	76.37	102.27	48.62
164.6	76.28	102.11	48.61
164.8	76.23	102.11	48.6
165.0	76.21	102.3	48.59
165.2	76.11	102.82	48.58
165.4	76.05	103.44	48.57
165.6	76.05	104.11	48.56
165.8	76.12	104.81	48.55
166.0	76.28	105.47	48.54
166.2	76.77	106.07	48.53
166.4	77.3	106.57	48.52
166.6	77.79	106.91	48.52
166.8	78.19	107.06	48.51
167.0	78.25	106.78	48.51
167.2	77.91	106.01	48.5
167.4	77.46	105.11	48.5
167.6	76.95	104.16	48.49
167.8	76.45	103.25	48.49
168.0	76.24	102.82	48.48
168.2	76.21	102.68	48.48
168.4	76.27	102.69	48.47
168.6	76.4	102.84	48.47
168.8	76.61	103.11	48.46
169.0	76.87	103.48	48.46
169.2	77.15	103.99	48.46
169.4	77.49	104.54	48.46
169.6	77.88	105.1	48.46
169.8	78.31	105.65	48.46
170.0	78.85	106.16	48.47
170.2	79.56	106.65	48.48
170.4	80.23	106.99	48.49
170.6	80.8	107.12	48.5
170.8	81.21	107.0	48.52
171.0	81.01	106.16	48.53
171.2	80.59	105.01	48.55
171.4	80.05	103.69	48.56
171.6	79.46	102.27	48.57
171.8	78.99	100.87	48.59
172.0	78.81	99.64	48.6
172.2	78.69	98.52	48.61
172.4	78.62	97.55	48.62
172.6	78.59	96.78	48.63
172.8	78.58	96.26	48.64
173.0	78.5	96.51	48.65
173.2	78.41	97.06	48.66
173.4	78.36	97.74	48.67
173.6	78.33	98.46	48.67
173.8	78.35	99.14	48.68
174.0	78.56	99.41	48.69
174.2	78.82	99.5	48.69
174.4	79.05	99.49	48.7
174.6	79.21	99.4	48.7
174.8	79.17	99.22	48.71
175.0	78.79	98.93	48.72
175.2	78.32	98.63	48.72
175.4	77.81	98.35	48.73
175.6	77.3	98.15	48.74
175.8	76.96	98.19	48.74
176.0	76.84	98.55	48.75
176.2	76.79	99.0	48.75
176.4	76.78	99.51	48.76
176.6	76.81	100.03	48.76
176.8	76.85	100.53	48.76
177.0	76.73	100.71	48.77
177.2	76.64	100.86	48.77
177.4	76.59	101.02	48.78
177.6	76.64	101.23	48.78
177.8	76.83	101.55	48.78
178.0	77.39	102.22	48.78
178.2	78.0	102.92	48.78
178.4	78.61	103.59	48.78
178.6	79.16	104.17	48.78
178.8	79.35	104.36	48.77
179.0	79.34	104.31	48.77
179.2	79.25	104.19	48.77
179.4	79.11	104.03	48.77
179.6	78.99	103.92	48.76
179.8	79.05	104.1	48.76
180.0	79.15	104.33	48.76
180.2	79.26	104.59	48.76
180.4	79.38	104.87	48.75
180.6	79.51	105.16	48.75
180.8	79.58	105.36	48.75
181.0	79.65	105.54	48.74
181.2	79.72	105.71	48.74
181.4	79.8	105.86	48.74
181.6	79.89	106.02	48.74
181.8	80.22	106.4	48.73
182.0	80.51	106.72	48.73
182.2	80.71	106.89	48.73
182.4	80.73	106.83	48.73
182.6	80.29	106.14	48.72
182.8	79.37	104.82	48.72
183.0	78.28	103.3	48.72
183.2	77.12	101.72	48.72
183.4	75.97	100.18	48.71
183.6	75.19	99.26	48.71
183.8	74.76	98.9	48.71
184.0	74.47	98.77	48.7
184.2	74.3	98.86	48.7
184.4	74.24	99.12	48.7
184.6	74.28	99.54	48.7
184.8	74.38	100.06	48.69
185.0	74.48	100.59	48.69
185.2	74.65	101.23	48.69
185.4	74.92	101.97	48.69
185.6	75.28	102.8	48.69
185.8	75.73	103.72	48.69
186.0	76.42	104.9	48.69
186.2	77.16	106.09	48.69
186.4	77.92	107.23	48.69
186.6	78.67	108.27	48.69
186.8	79.3	108.98	48.69
187.0	79.81	109.34	48.7
187.2	80.24	109.55	48.7
187.4	80.58	109.65	48.7
187.6	80.85	109.66	48.7
187.8	80.9	109.64	48.7
188.0	80.81	109.61	48.7
188.2	80.71	109.58	48.71
188.4	80.67	109.59	48.71
188.6	80.72	109.66	48.71
188.8	81.23	110.01	48.71
189.0	81.95	110.49	48.71
189.2	82.72	110.96	48.71
189.4	83.48	111.37	48.71
189.6	84.13	111.63	48.72
189.8	84.54	111.58	48.72
190.0	84.81	111.41	48.72
190.2	84.93	111.12	48.72
190.4	84.91	110.73	48.72
190.6	84.52	110.21	48.72
190.8	83.99	109.63	48.73
191.0	83.38	109.01	48.73
191.2	82.72	108.36	48.73
191.4	82.06	107.72	48.73
191.6	81.6	107.09	48.73
191.8	81.19	106.51	48.74
192.0	80.86	106.02	48.74
192.2	80.6	105.65	48.74
192.4	80.43	105.42	48.74
192.6	80.46	105.63	48.74
192.8	80.66	106.19	48.74
193.0	80.9	106.79	48.74
193.2	81.16	107.35	48.74
193.4	81.39	107.8	48.74
193.6	81.55	107.77	48.74
193.8	81.63	107.45	48.74
194.0	81.6	107.0	48.74
194.2	81.45	106.46	48.74
194.4	81.04	105.85	48.73
194.6	80.31	105.22	48.73
194.8	79.47	104.61	48.73
195.0	78.6	104.06	48.73
195.2	77.73	103.61	48.73
195.4	77.1	103.45	48.73
195.6	76.72	103.61	48.72
195.8	76.44	103.89	48.72
196.0	76.26	104.26	48.72
196.2	76.15	104.7	48.72
196.4	76.11	105.16	48.72
196.6	76.11	105.5	48.72
196.8	76.16	105.84	48.72
197.0	76.26	106.16	48.71
197.2	76.42	106.48	48.71
197.4	76.63	106.8	48.71
197.6	76.97	107.18	48.71
197.8	77.31	107.5	48.71
198.0	77.6	107.75	48.71
198.2	77.8	107.89	48.71
198.4	77.66	107.69	48.7
198.6	77.35	107.33	48.7
198.8	76.97	106.9	48.7
199.0	76.56	106.47	48.7
199.2	76.22	106.13	48.7
199.4	76.16	106.09	48.7
199.6	76.13	106.14	48.69
199.8	76.13	106.24	48.69
200.0	76.13	106.38	48.69
200.2	76.1	106.55	48.69
200.4	75.81	106.68	48.69
200.6	75.48	106.81	48.7
200.8	75.2	106.93	48.7
201.0	75.03	107.05	48.71
201.2	75.01	107.14	48.72
201.4	75.47	107.06	48.73
201.6	76.04	107.02	48.75
201.8	76.68	107.05	48.77
202.0	77.34	107.2	48.79
202.2	77.91	107.87	48.81
202.4	78.4	108.77	48.83
202.6	78.78	109.6	48.85
202.8	79.03	110.23	48.87
203.0	78.97	110.06	48.89
203.2	78.66	109.18	48.91
203.4	78.23	108.06	48.93
203.6	77.73	106.82	48.95
203.8	77.22	105.59	48.97
204.0	76.95	105.06	48.99
204.2	76.71	104.64	49.01
204.4	76.49	104.32	49.03
204.6	76.27	104.06	49.05
204.8	76.05	103.83	49.06
205.0	75.69	103.39	49.08
205.2	75.32	102.93	49.1
205.4	74.98	102.53	49.12
205.6	74.69	102.22	49.13
205.8	74.48	102.02	49.15
206.0	74.43	102.11	49.16
206.2	74.51	102.41	49.16
206.4	74.71	102.82	49.16
206.6	75.02	103.32	49.16
206.8	75.46	103.88	49.16
207.0	76.25	104.63	49.16
207.2	77.07	105.33	49.15
207.4	77.85	105.91	49.15
207.6	78.51	106.31	49.14
207.8	78.62	106.02	49.14
208.0	78.5	105.45	49.13
208.2	78.26	104.78	49.12
208.4	77.98	104.13	49.12
208.6	77.85	103.83	49.11
208.8	77.92	103.99	49.11
209.0	78.01	104.27	49.1
209.2	78.09	104.62	49.1
209.4	78.12	104.99	49.09
209.6	77.9	105.15	49.09
209.8	77.46	105.14	49.08
210.0	77.04	105.14	49.07
210.2	76.68	105.2	49.07
210.4	76.46	105.36	49.06
210.6	76.76	105.97	49.06
210.8	77.27	106.72	49.06
211.0	77.84	107.48	49.06
211.2	78.4	108.19	49.06
211.4	78.81	108.67	49.06
211.6	78.98	108.85	49.06
211.8	79.03	108.88	49.07
212.0	78.95	108.74	49.07
212.2	78.72	108.44	49.08
212.4	78.22	107.83	49.09
212.6	77.62	107.12	49.09
212.8	76.96	106.39	49.09
213.0	76.29	105.68	49.1
213.2	75.68	105.15	49.1
213.4	75.23	105.01	49.11
213.6	74.85	104.97	49.11
213.8	74.56	105.03	49.12
214.0	74.35	105.15	49.12
214.2	74.24	105.31	49.12
214.4	74.37	105.4	49.13
214.6	74.57	105.52	49.13
214.8	74.83	105.66	49.13
215.0	75.13	105.82	49.14
215.2	75.41	106.0	49.14
215.4	75.66	106.22	49.15
215.6	75.89	106.44	49.15
215.8	76.09	106.65	49.16
216.0	76.23	106.84	49.16
216.2	76.27	106.95	49.16
216.4	76.25	107.04	49.17
216.6	76.18	107.1	49.17
216.8	76.07	107.15	49.18
217.0	75.85	107.15	49.18
217.2	75.5	107.07	49.18
217.4	75.16	107.03	49.19
217.6	74.89	107.06	49.19
217.8	74.74	107.21	49.19
218.0	74.88	107.72	49.2
218.2	75.25	108.44	49.2
218.4	75.77	109.21	49.21
218.6	76.44	109.97	49.21
218.8	77.3	110.53	49.21
219.0	78.35	110.83	49.22
219.2	79.41	111.07	49.22
219.4	80.42	111.28	49.23
219.6	81.24	111.61	49.23
219.8	81.77	112.19	49.23
220.0	82.1	112.69	49.24
220.2	82.22	112.99	49.24
220.4	82.07	112.87	49.25
220.6	81.47	111.92	49.25
220.8	80.76	110.77	49.26
221.0	80.06	109.56	49.26
221.2	79.52	108.48	49.26
221.4	79.67	108.09	49.27
221.6	79.96	107.88	49.27
221.8	80.32	107.81	49.28
222.0	80.7	107.82	49.28
222.2	80.88	107.81	49.28
222.4	80.79	107.73	49.29
222.6	80.64	107.69	49.29
222.8	80.44	107.67	49.29
223.0	80.23	107.7	49.29
223.2	80.11	107.83	49.29
223.4	79.97	107.96	49.29
223.6	79.81	108.07	49.29
223.8	79.61	108.13	49.28
224.0	79.36	108.0	49.28
224.2	79.06	107.78	49.28
224.4	78.7	107.5	49.28
224.6	78.28	107.16	49.27
224.8	77.74	106.75	49.27
225.0	76.95	106.22	49.27
225.2	76.17	105.72	49.26
225.4	75.45	105.27	49.26
225.6	74.87	104.94	49.26
225.8	74.7	104.95	49.26
226.0	74.9	105.25	49.25
226.2	75.21	105.64	49.25
226.4	75.59	106.04	49.25
226.6	75.95	106.39	49.24
226.8	76.17	106.56	49.24
227.0	76.33	106.63	49.24
227.2	76.39	106.59	49.24
227.4	76.33	106.42	49.23
227.6	75.95	105.88	49.23
227.8	75.45	105.23	49.23
228.0	74.87	104.52	49.22
228.2	74.22	103.79	49.22
228.4	73.55	103.12	49.22
228.6	72.85	102.63	49.22
228.8	72.21	102.24	49.21
229.0	71.65	101.95	49.21
229.2	71.22	101.79	49.21
229.4	70.99	101.79	49.2
229.6	71.24	102.1	49.2
229.8	71.62	102.52	49.2
230.0	72.07	103.0	49.2
230.2	72.56	103.5	49.19
230.4	72.97	103.95	49.19
230.6	73.27	104.34	49.18
230.8	73.53	104.67	49.18
231.0	73.73	104.96	49.17
231.2	73.84	105.14	49.16
231.4	73.82	105.14	49.15
231.6	73.74	105.08	49.15
231.8	73.59	105.0	49.14
232.0	73.39	104.9	49.13
232.2	73.09	104.83	49.12
232.4	72.67	104.82	49.12
232.6	72.27	104.86	49.11
232.8	71.95	104.96	49.1
233.0	71.74	105.15	49.1
233.2	71.83	105.49	49.09
233.4	72.21	105.97	49.08
233.6	72.72	106.53	49.07
233.8	73.34	107.16	49.06
234.0	74.04	107.85	49.06
234.2	74.87	108.68	49.06
234.4	75.69	109.47	49.05
234.6	76.45	110.17	49.05
234.8	77.09	110.71	49.05
235.0	77.29	110.71	49.05
235.2	77.34	110.53	49.05
235.4	77.26	110.23	49.05
235.6	77.09	109.86	49.05
235.8	76.84	109.57	49.05
236.0	76.55	109.41	49.05
236.2	76.27	109.28	49.05
236.4	76.04	109.18	49.05
236.6	75.9	109.12	49.05
236.8	76.03	109.09	49.05
237.0	76.4	109.1	49.05
237.2	76.87	109.17	49.05
237.4	77.41	109.29	49.05
237.6	78.0	109.49	49.05
237.8	78.69	109.99	49.05
238.0	79.34	110.47	49.05
238.2	79.89	110.84	49.05
238.4	80.28	111.03	49.05
238.6	80.12	110.5	49.05
238.8	79.74	109.7	49.05
239.0	79.23	108.78	49.05
239.2	78.67	107.84	49.05
239.4	78.18	107.1	49.05
239.6	77.9	106.81	49.05
239.8	77.69	106.65	49.04
240.0	77.53	106.58	49.04
240.2	77.44	106.59	49.04
240.4	77.41	106.65	49.04
240.6	77.5	106.71	49.04
240.8	77.65	106.78	49.04
241.0	77.83	106.85	49.04
241.2	78.06	106.9	49.04
241.4	78.31	106.92	49.04
241.6	78.61	106.88	49.04
241.8	78.89	106.79	49.04
242.0	79.12	106.63	49.04
242.2	79.29	106.39	49.04
242.4	79.21	105.91	49.04
242.6	79.01	105.35	49.04
242.8	78.74	104.74	49.04
243.0	78.42	104.12	49.04
243.2	78.07	103.53	49.04
243.4	77.69	103.03	49.04
243.6	77.32	102.62	49.04
243.8	76.99	102.33	49.04
244.0	76.73	102.17	49.04
244.2	76.57	102.19	49.04
244.4	76.63	102.54	49.04
244.6	76.95	103.3	49.04
244.8	77.37	104.15	49.04
245.0	77.85	105.03	49.04
245.2	78.37	105.87	49.04
245.4	78.87	106.45	49.04
245.6	79.36	106.85	49.03
245.8	79.82	107.14	49.02
246.0	80.21	107.31	49.01
246.2	80.5	107.33	49.01
246.4	80.63	107.17	49.0
246.6	80.68	106.95	48.99
246.8	80.65	106.69	48.98
247.0	80.56	106.43	48.97
247.2	80.32	106.26	48.96
247.4	79.95	106.2	48.96
247.6	79.6	106.22	48.95
247.8	79.32	106.32	48.94
248.0	79.15	106.52	48.93
248.2	79.32	106.92	48.92
248.4	79.85	107.53	48.91
248.6	80.5	108.18	48.9
248.8	81.21	108.8	48.9
249.0	81.95	109.35	48.89
249.2	82.74	109.78	48.88
249.4	83.45	110.05	48.87
249.6	83.98	110.11	48.86
249.8	84.28	109.91	48.85
250.0	83.85	109.01	48.85
250.2	83.02	107.74	48.84
250.4	82.0	106.34	48.83
250.6	80.88	104.92	48.82
250.8	79.8	103.64	48.81
251.0	79.24	103.23	48.8
251.2	78.8	103.05	48.8
251.4	78.47	103.07	48.79
251.6	78.23	103.24	48.78
251.8	78.08	103.55	48.77
252.0	78.01	103.94	48.76
252.2	78.05	104.37	48.75
252.4	78.13	104.83	48.74
252.6	78.26	105.29	48.73
252.8	78.41	105.73	48.73
253.0	78.56	106.12	48.72
253.2	78.69	106.29	48.72
253.4	78.8	106.39	48.72
253.6	78.89	106.45	48.72
253.8	78.95	106.47	48.72
254.0	78.93	106.46	48.72
254.2	78.84	106.44	48.72
254.4	78.7	106.41	48.73
254.6	78.52	106.37	48.73
254.8	78.3	106.34	48.73
255.0	77.98	106.29	48.73
255.2	77.5	106.22	48.74
255.4	77.06	106.2	48.74
255.6	76.72	106.24	48.74
255.8	76.53	106.38	48.74
256.0	76.72	106.75	48.75
256.2	77.35	107.37	48.75
256.4	78.11	108.04	48.75
256.6	78.96	108.68	48.76
256.8	79.81	109.23	48.76
257.0	80.53	109.45	48.76
257.2	81.19	109.55	48.76
257.4	81.74	109.54	48.77
257.6	82.17	109.44	48.77
257.8	82.3	109.29	48.77
258.0	82.26	109.08	48.78
258.2	82.09	108.79	48.78
258.4	81.83	108.43	48.78
258.6	81.49	108.0	48.79
258.8	81.03	107.4	48.79
259.0	80.56	106.76	48.79
259.2	80.15	106.14	48.79
259.4	79.84	105.56	48.8
259.6	79.75	105.11	48.8
259.8	80.24	105.05	48.8
260.0	80.81	105.02	48.8
260.2	81.37	104.98	48.8
260.4	81.83	104.86	48.8
260.6	81.85	104.38	48.8
260.8	81.51	103.64	48.79
261.0	81.04	102.85	48.79
261.2	80.46	102.06	48.78
261.4	79.84	101.36	48.77
261.6	79.35	101.25	48.77
261.8	78.87	101.26	48.76
262.0	78.42	101.32	48.76
262.2	78.02	101.39	48.75
262.4	77.68	101.42	48.74
262.6	77.45	101.12	48.74
262.8	77.36	100.39	48.73
263.0	77.33	99.69	48.72
263.2	77.34	99.07	48.72
263.4	77.4	98.62	48.71
263.6	77.49	98.67	48.7
263.8	77.6	99.22	48.7
264.0	77.7	99.93	48.69
264.2	77.79	100.73	48.68
264.4	77.84	101.54	48.68
264.6	77.75	102.06	48.67
264.8	77.62	102.52	48.66
265.0	77.44	102.9	48.66
265.2	77.22	103.2	48.65
265.4	76.96	103.42	48.65
265.6	76.52	103.36	48.64
265.8	76.06	103.21	48.63
266.0	75.66	103.07	48.63
266.2	75.37	102.98	48.62
266.4	75.23	103.01	48.61
266.6	75.66	103.59	48.61
266.8	76.23	104.26	48.6
267.0	76.87	104.93	48.59
267.2	77.49	105.51	48.59
267.4	77.92	105.68	48.58
267.6	78.16	105.49	48.58
267.8	78.29	105.2	48.57
268.0	78.33	104.85	48.57
268.2	78.28	104.51	48.56
268.4	77.96	104.45	48.56
268.6	77.59	104.47	48.55
268.8	77.22	104.56	48.55
269.0	76.89	104.72	48.54
269.2	76.67	104.96	48.54
269.4	76.83	105.69	48.53
269.6	77.13	106.38	48.53
269.8	77.53	106.87	48.53
270.0	78.02	107.01	48.52
270.2	78.61	106.12	48.52
270.4	79.29	104.09	48.51
270.6	79.94	101.97	48.51
270.8	80.52	100.02	48.51
271.0	80.93	98.9	48.5
271.2	80.98	99.79	48.5
271.4	80.88	101.18	48.5
271.6	80.65	102.85	48.5
271.8	80.32	104.57	48.5
272.0	79.83	105.55	48.49
272.2	79.23	105.62	48.49
272.4	78.63	105.53	48.49
272.6	78.11	105.4	48.49
272.8	77.71	105.31	48.49
273.0	77.71	105.74	48.48
273.2	78.0	106.51	48.48
273.4	78.43	107.33	48.48
273.6	78.97	108.13	48.48
273.8	79.61	108.8	48.47
274.0	80.36	109.23	48.47
274.2	81.06	109.48	48.47
274.4	81.66	109.53	48.47
274.6	82.02	109.3	48.47
274.8	81.78	108.5	48.46
275.0	81.35	107.52	48.46
275.2	80.79	106.45	48.46
275.4	80.16	105.39	48.46
275.6	79.68	104.62	48.46
275.8	79.31	104.12	48.45
276.0	78.99	103.78	48.45
276.2	78.75	103.61	48.45
276.4	78.58	103.63	48.45
276.6	78.53	103.97	48.44
276.8	78.61	104.66	48.44
277.0	78.78	105.43	48.44
277.2	79.02	106.23	48.44
277.4	79.34	106.97	48.44
277.6	79.81	107.37	48.44
277.8	80.34	107.6	48.44
278.0	80.85	107.74	48.45
278.2	81.3	107.8	48.46
278.4	81.53	107.82	48.46
278.6	81.56	107.82	48.47
278.8	81.47	107.78	48.47
279.0	81.28	107.71	48.47
279.2	81.01	107.6	48.48
279.4	80.53	107.52	48.48
279.6	80.01	107.42	48.49
279.8	79.5	107.28	48.49
280.0	79.08	107.08	48.49
280.2	78.79	106.81	48.5
280.4	79.04	106.19	48.5
280.6	79.44	105.54	48.51
280.8	79.91	104.97	48.51
281.0	80.38	104.57	48.51
281.2	80.71	104.66	48.52
281.4	80.84	105.32	48.52
281.6	80.88	106.08	48.53
281.8	80.86	106.84	48.54
282.0	80.76	107.39	48.54
282.2	80.6	107.12	48.55
282.4	80.37	106.66	48.55
282.6	80.08	106.05	48.55
282.8	79.74	105.38	48.56
283.0	79.34	104.69	48.56
283.2	78.69	104.24	48.57
283.4	78.02	103.88	48.57
283.6	77.43	103.61	48.58
283.8	76.96	103.46	48.58
284.0	76.67	103.43	48.58
284.2	77.06	103.81	48.59
284.4	77.63	104.29	48.6
284.6	78.3	104.79	48.59
284.8	78.99	105.27	48.56
285.0	79.52	105.54	48.5
285.2	79.81	105.54	48.39
285.4	80.02	105.46	48.27
285.6	80.16	105.33	48.13
285.8	80.24	105.18	47.99
286.0	80.27	105.15	47.86
286.2	80.27	105.14	47.73
286.4	80.22	105.14	47.61
286.6	80.15	105.13	47.48
286.8	80.05	105.1	47.35
287.0	79.87	105.06	47.23
287.2	79.69	104.99	47.1
287.4	79.55	104.89	46.98
287.6	79.47	104.77	46.85
287.8	79.54	104.6	46.72
