0.2	90.03	38.27	18.31
0.4	89.56	37.92	18.69
0.6	89.07	37.57	19.15
0.8	88.57	37.23	19.69
1.0	88.12	36.91	20.29
1.2	87.73	36.63	20.93
1.4	87.44	36.41	21.61
1.6	87.29	36.26	22.32
1.8	87.33	36.22	23.03
2.0	87.78	36.38	23.71
2.2	88.36	36.62	24.39
2.4	89.0	36.9	25.07
2.6	89.62	37.16	25.76
2.8	90.09	37.35	26.47
3.0	90.48	37.51	27.18
3.2	90.77	37.66	27.89
3.4	90.9	37.82	28.61
3.6	90.86	37.99	29.33
3.8	90.72	38.09	30.06
4.0	90.49	38.09	30.78
4.2	90.21	37.81	31.5
4.4	89.89	37.35	32.22
4.6	89.53	36.84	32.93
4.8	89.16	36.33	33.64
5.0	88.71	35.96	34.35
5.2	88.3	35.67	35.05
5.4	87.97	35.47	35.74
5.6	87.77	35.35	36.42
5.8	87.87	35.4	37.16
6.0	88.13	35.54	37.84
6.2	88.54	35.76	38.42
6.4	89.13	36.05	38.81
6.6	89.95	36.41	38.9
6.8	90.8	36.79	38.88
7.0	91.6	37.17	38.8
7.2	92.12	37.55	38.74
7.4	92.41	37.87	38.72
7.6	92.58	38.1	38.69
7.8	92.67	38.18	38.67
8.0	92.79	37.84	38.64
8.2	92.83	37.39	38.62
8.4	92.8	36.92	38.59
8.6	92.63	36.6	38.57
8.8	92.27	36.61	38.55
9.0	91.88	36.68	38.52
9.2	91.49	36.74	38.5
9.4	91.19	36.62	38.48
9.6	91.01	36.34	38.45
9.8	90.95	36.06	38.43
10.0	91.02	35.85	38.4
10.2	91.42	35.96	38.38
10.4	91.99	36.24	38.35
10.6	92.6	36.56	38.33
10.8	93.16	36.87	38.31
11.0	93.43	36.98	38.3
11.2	93.6	37.05	38.29
11.4	93.71	37.08	38.28
11.6	93.8	37.13	38.27
11.8	93.88	37.21	38.27
12.0	93.91	37.27	38.26
12.2	93.87	37.29	38.26
12.4	93.71	37.22	38.25
12.6	93.45	37.08	38.25
12.8	93.17	36.9	38.24
13.0	92.86	36.7	38.24
13.2	92.55	36.47	38.23
13.4	92.28	36.24	38.22
13.6	92.1	36.04	38.22
13.8	92.09	35.91	38.22
14.0	92.43	35.92	38.24
14.2	92.85	35.98	38.27
14.4	93.3	36.1	38.31
14.6	93.65	36.28	38.37
14.8	93.84	36.5	38.46
15.0	93.95	36.72	38.56
15.2	93.98	36.9	38.66
15.4	93.94	36.99	38.76
15.6	93.83	36.98	38.85
15.8	93.63	36.87	38.94
16.0	93.32	36.66	39.04
16.2	92.78	36.16	39.13
16.4	92.18	35.6	39.23
16.6	91.56	35.04	39.32
16.8	91.01	34.58	39.41
17.0	90.64	34.38	39.51
17.2	90.35	34.31	39.6
17.4	90.16	34.38	39.69
17.6	90.08	34.62	39.78
17.8	90.15	35.08	39.87
18.0	90.27	35.61	39.96
18.2	90.4	36.17	40.06
18.4	90.48	36.68	40.15
18.6	90.47	37.07	40.24
18.8	90.43	37.42	40.34
19.0	90.35	37.71	40.43
19.2	90.19	37.96	40.52
19.4	89.98	38.15	40.62
19.6	89.81	38.28	40.71
19.8	89.69	38.36	40.8
20.0	89.74	38.32	40.9
20.2	89.93	38.22	40.99
20.4	90.24	38.11	41.08
20.6	90.65	38.02	41.17
20.8	91.27	38.07	41.26
21.0	91.99	38.19	41.35
21.2	92.71	38.35	41.44
21.4	93.37	38.52	41.53
21.6	93.8	38.72	41.63
21.8	94.05	38.89	41.72
22.0	94.18	38.99	41.81
22.2	94.18	39.01	41.91
22.4	94.02	38.72	42.0
22.6	93.75	38.34	42.1
22.8	93.38	37.94	42.19
23.0	92.92	37.55	42.29
23.2	92.34	37.45	42.38
23.4	91.71	37.4	42.47
23.6	91.06	37.37	42.57
23.8	90.41	37.33	42.66
24.0	89.78	37.06	42.75
24.2	89.2	36.77	42.84
24.4	88.73	36.54	42.93
24.6	88.39	36.4	43.02
24.8	88.39	36.62	43.09
25.0	88.55	36.98	43.16
25.2	88.8	37.39	43.23
25.4	89.11	37.83	43.29
25.6	89.39	38.13	43.35
25.8	89.66	38.39	43.4
26.0	89.88	38.61	43.46
26.2	90.04	38.78	43.51
26.4	90.04	38.89	43.57
26.6	89.96	38.95	43.63
26.8	89.82	38.97	43.68
27.0	89.65	38.93	43.74
27.2	89.46	38.82	43.8
27.4	89.24	38.69	43.85
27.6	89.0	38.54	43.91
27.8	88.69	38.39	43.96
28.0	88.32	38.24	44.02
28.2	87.97	38.14	44.07
28.4	87.69	38.13	44.13
28.6	87.55	38.28	44.18
28.8	87.57	38.61	44.23
29.0	87.71	39.04	44.29
29.2	87.97	39.53	44.34
29.4	88.46	40.06	44.4
29.6	89.1	40.62	44.45
29.8	89.75	41.16	44.5
30.0	90.36	41.66	44.56
30.2	90.71	42.09	44.61
30.4	90.9	42.42	44.67
30.6	90.99	42.66	44.73
30.8	90.98	42.78	44.78
31.0	90.92	42.65	44.84
31.2	90.79	42.43	44.89
31.4	90.59	42.16	44.95
31.6	90.31	41.89	45.01
31.8	89.93	41.65	45.06
32.0	89.53	41.46	45.12
32.2	89.12	41.33	45.17
32.4	88.7	41.31	45.23
32.6	88.32	41.44	45.28
32.8	88.04	41.64	45.34
33.0	87.92	41.88	45.39
33.2	88.17	42.11	45.44
33.4	88.7	42.35	45.48
33.6	89.37	42.64	45.52
33.8	90.12	42.99	45.56
34.0	90.84	43.55	45.58
34.2	91.55	44.15	45.6
34.4	92.24	44.71	45.62
34.6	92.87	45.12	45.63
34.8	93.41	45.23	45.65
35.0	93.87	45.24	45.67
35.2	94.28	45.2	45.69
35.4	94.63	45.22	45.71
35.6	94.92	45.3	45.73
35.8	95.13	45.36	45.75
36.0	95.26	45.39	45.76
36.2	95.21	45.3	45.78
36.4	95.08	45.17	45.8
36.6	94.91	45.02	45.82
36.8	94.73	44.87	45.84
37.0	94.55	44.72	45.86
37.2	94.43	44.62	45.87
37.4	94.41	44.58	45.89
37.6	94.6	44.67	45.91
37.8	95.05	44.92	45.93
38.0	95.59	45.23	45.94
38.2	96.17	45.58	45.96
38.4	96.73	45.94	45.97
38.6	97.24	46.28	45.98
38.8	97.66	46.55	45.99
39.0	97.96	46.7	45.99
39.2	97.97	46.51	46.0
39.4	97.83	46.18	46.01
39.6	97.58	45.79	46.01
39.8	97.26	45.41	46.02
40.0	96.94	45.18	46.03
40.2	96.56	44.96	46.04
40.4	96.12	44.74	46.04
40.6	95.6	44.46	46.05
40.8	94.95	44.07	46.06
41.0	94.3	43.7	46.07
41.2	93.69	43.39	46.07
41.4	93.19	43.21	46.08
41.6	92.85	43.23	46.09
41.8	92.64	43.35	46.1
42.0	92.59	43.56	46.1
42.2	92.81	43.87	46.11
42.4	93.32	44.26	46.12
42.6	93.89	44.68	46.13
42.8	94.43	45.08	46.14
43.0	94.72	45.37	46.15
43.2	94.76	45.56	46.16
43.4	94.69	45.7	46.17
43.6	94.54	45.79	46.19
43.8	94.36	45.85	46.2
44.0	94.13	45.88	46.21
44.2	93.84	45.88	46.22
44.4	93.48	45.85	46.23
44.6	93.0	45.8	46.24
44.8	92.49	45.71	46.26
45.0	91.98	45.59	46.27
45.2	91.49	45.41	46.28
45.4	91.04	45.05	46.29
45.6	90.68	44.72	46.3
45.8	90.45	44.5	46.31
46.0	90.42	44.51	46.32
46.2	90.72	45.03	46.34
46.4	91.16	45.68	46.35
46.6	91.72	46.39	46.36
46.8	92.37	47.03	46.37
47.0	93.07	47.49	46.38
47.2	93.75	47.88	46.39
47.4	94.37	48.21	46.4
47.6	94.78	48.47	46.41
47.8	95.01	48.67	46.42
48.0	95.14	48.77	46.43
48.2	95.2	48.77	46.44
48.4	95.27	48.54	46.45
48.6	95.31	48.22	46.46
48.8	95.27	47.88	46.47
49.0	95.15	47.56	46.48
49.2	94.84	47.42	46.49
49.4	94.48	47.33	46.5
49.6	94.11	47.29	46.51
49.8	93.76	47.31	46.52
50.0	93.48	47.37	46.53
50.2	93.3	47.46	46.54
50.4	93.25	47.57	46.55
50.6	93.44	47.64	46.55
50.8	93.9	47.65	46.56
51.0	94.49	47.71	46.57
51.2	95.19	47.86	46.58
51.4	95.97	48.28	46.6
51.6	96.78	48.85	46.62
51.8	97.58	49.44	46.63
52.0	98.33	49.97	46.66
52.2	98.9	50.18	46.68
52.4	99.39	50.3	46.7
52.6	99.8	50.37	46.72
52.8	100.12	50.5	46.74
53.0	100.37	50.73	46.76
53.2	100.53	50.9	46.78
53.4	100.61	50.96	46.8
53.6	100.62	50.71	46.82
53.8	100.55	50.23	46.84
54.0	100.38	49.66	46.86
54.2	100.13	49.08	46.88
54.4	99.69	48.68	46.9
54.6	99.16	48.35	46.92
54.8	98.6	48.07	46.94
55.0	98.07	47.82	46.96
55.2	97.63	47.45	46.98
55.4	97.29	47.12	47.0
55.6	97.07	46.9	47.02
55.8	97.0	46.84	47.03
56.0	97.27	47.31	47.05
56.2	97.72	48.0	47.05
56.4	98.23	48.73	47.06
56.6	98.76	49.41	47.06
56.8	99.14	49.7	47.05
57.0	99.45	49.82	47.04
57.2	99.69	49.84	47.03
57.4	99.85	49.79	47.02
57.6	99.86	49.72	47.0
57.8	99.8	49.58	46.99
58.0	99.68	49.39	46.97
58.2	99.53	49.12	46.95
58.4	99.37	48.77	46.94
58.6	99.16	48.4	46.92
58.8	98.89	48.03	46.91
59.0	98.46	47.69	46.89
59.2	97.92	47.4	46.88
59.4	97.4	47.18	46.86
59.6	96.95	47.02	46.85
59.8	96.72	46.96	46.83
60.0	96.66	47.0	46.81
60.2	96.76	47.16	46.8
60.4	97.0	47.44	46.78
60.6	97.55	48.07	46.77
60.8	98.18	48.74	46.75
61.0	98.86	49.38	46.75
61.2	99.47	49.79	46.74
61.4	99.95	49.83	46.75
61.6	100.34	49.77	46.77
61.8	100.62	49.66	46.78
62.0	100.7	49.71	46.8
62.2	100.64	49.84	46.81
62.4	100.5	49.94	46.82
62.6	100.3	49.94	46.84
62.8	100.17	49.65	46.85
63.0	99.98	49.29	46.86
63.2	99.72	48.89	46.87
63.4	99.31	48.57	46.89
63.6	98.69	48.39	46.9
63.8	98.04	48.22	46.91
64.0	97.41	48.06	46.93
64.2	96.88	47.77	46.94
64.4	96.49	47.39	46.95
64.6	96.26	47.07	46.96
64.8	96.21	46.88	46.97
65.0	96.56	47.07	46.99
65.2	97.15	47.49	47.0
65.4	97.84	48.03	47.0
65.6	98.57	48.61	47.01
65.8	99.14	49.19	47.01
66.0	99.66	49.71	47.01
66.2	100.11	50.14	47.01
66.4	100.47	50.33	47.0
66.6	100.7	50.22	47.0
66.8	100.86	50.01	47.0
67.0	100.96	49.76	46.99
67.2	101.03	49.65	46.99
67.4	101.05	49.6	46.98
67.6	101.0	49.53	46.98
67.8	100.88	49.44	46.98
68.0	100.62	49.27	46.97
68.2	100.3	49.06	46.97
68.4	99.95	48.81	46.96
68.6	99.58	48.46	46.96
68.8	99.21	47.99	46.96
69.0	98.9	47.58	46.95
69.2	98.7	47.29	46.95
69.4	98.76	47.41	46.94
69.6	99.06	47.91	46.94
69.8	99.49	48.51	46.94
70.0	100.0	49.13	46.93
70.2	100.59	49.48	46.93
70.4	101.19	49.7	46.92
70.6	101.74	49.87	46.91
70.8	102.19	50.03	46.91
71.0	102.37	50.31	46.9
71.2	102.44	50.55	46.89
71.4	102.41	50.7	46.88
71.6	102.34	50.65	46.87
71.8	102.23	50.37	46.86
72.0	102.05	49.99	46.85
72.2	101.78	49.56	46.83
72.4	101.31	49.11	46.82
72.6	100.73	48.67	46.81
72.8	100.14	48.27	46.8
73.0	99.6	47.95	46.79
73.2	99.24	47.86	46.78
73.4	99.02	47.87	46.77
73.6	98.93	47.97	46.76
73.8	99.02	48.13	46.75
74.0	99.42	48.33	46.74
74.2	99.92	48.55	46.74
74.4	100.48	48.78	46.74
74.6	101.0	48.99	46.74
74.8	101.45	49.17	46.76
75.0	101.83	49.33	46.78
75.2	102.13	49.5	46.8
75.4	102.26	49.72	46.82
75.6	102.28	49.93	46.83
75.8	102.23	50.1	46.85
76.0	102.14	50.15	46.87
76.2	102.09	50.0	46.89
76.4	101.99	49.75	46.9
76.6	101.81	49.41	46.92
76.8	101.45	48.97	46.94
77.0	100.9	48.43	46.96
77.2	100.3	47.93	46.97
77.4	99.7	47.53	46.99
77.6	99.19	47.46	47.01
77.8	98.79	47.65	47.03
78.0	98.53	47.92	47.05
78.2	98.46	48.22	47.06
78.4	98.8	48.29	47.08
78.6	99.35	48.32	47.09
78.8	99.99	48.37	47.1
79.0	100.65	48.51	47.1
79.2	101.18	48.86	47.11
79.4	101.67	49.27	47.11
79.6	102.09	49.7	47.11
79.8	102.42	50.13	47.11
80.0	102.65	50.54	47.11
80.2	102.8	50.85	47.11
80.4	102.87	51.03	47.11
80.6	102.88	50.82	47.11
80.8	102.81	50.47	47.11
81.0	102.65	50.05	47.12
81.2	102.38	49.69	47.12
81.4	101.96	49.55	47.12
81.6	101.48	49.46	47.12
81.8	100.96	49.39	47.12
82.0	100.4	49.23	47.12
82.2	99.83	48.97	47.12
82.4	99.33	48.75	47.13
82.6	98.97	48.63	47.13
82.8	98.9	48.78	47.13
83.0	99.1	49.16	47.13
83.2	99.44	49.64	47.13
83.4	99.89	50.16	47.13
83.6	100.45	50.68	47.13
83.8	101.05	51.16	47.13
84.0	101.61	51.58	47.13
84.2	102.07	51.88	47.13
84.4	102.29	51.97	47.13
84.6	102.4	51.96	47.13
84.8	102.42	51.84	47.13
85.0	102.33	51.6	47.13
85.2	102.17	51.28	47.13
85.4	101.98	50.94	47.13
85.6	101.77	50.63	47.13
85.8	101.67	50.56	47.14
86.0	101.57	50.55	47.14
86.2	101.44	50.55	47.14
86.4	101.23	50.49	47.14
86.6	100.83	50.26	47.14
86.8	100.41	50.03	47.14
87.0	100.0	49.82	47.14
87.2	99.62	49.68	47.14
87.4	99.33	49.66	47.14
87.6	99.17	49.73	47.14
87.8	99.21	49.9	47.14
88.0	99.66	50.26	47.14
88.2	100.41	50.74	47.14
88.4	101.29	51.26	47.14
88.6	102.23	51.79	47.15
88.8	103.14	52.25	47.16
89.0	103.99	52.65	47.16
89.2	104.74	52.99	47.17
89.4	105.29	53.23	47.18
89.6	105.6	53.34	47.19
89.8	105.77	53.38	47.2
90.0	105.81	53.34	47.21
90.2	105.76	53.26	47.22
90.4	105.61	53.11	47.23
90.6	105.39	52.89	47.24
90.8	105.09	52.57	47.25
91.0	104.74	52.1	47.25
91.2	104.33	51.59	47.26
91.4	103.84	51.08	47.27
91.6	103.26	50.62	47.28
91.8	102.59	50.24	47.29
92.0	101.9	49.91	47.3
92.2	101.23	49.65	47.31
92.4	100.6	49.46	47.32
92.6	100.05	49.34	47.32
92.8	99.62	49.29	47.33
93.0	99.33	49.3	47.34
93.2	99.36	49.36	47.35
93.4	99.54	49.48	47.36
93.6	99.83	49.68	47.37
93.8	100.21	49.98	47.39
94.0	100.67	50.46	47.4
94.2	101.13	50.95	47.41
94.4	101.54	51.4	47.42
94.6	101.78	51.62	47.44
94.8	101.82	51.61	47.45
95.0	101.75	51.53	47.47
95.2	101.57	51.42	47.48
95.4	101.27	51.49	47.49
95.6	100.89	51.61	47.51
95.8	100.44	51.68	47.52
96.0	99.96	51.65	47.53
96.2	99.55	51.21	47.55
96.4	99.11	50.67	47.56
96.6	98.64	50.1	47.57
96.8	98.11	49.57	47.59
97.0	97.42	49.36	47.6
97.2	96.7	49.21	47.61
97.4	95.96	49.08	47.63
97.6	95.24	48.89	47.64
97.8	94.51	48.41	47.65
98.0	93.88	47.96	47.67
98.2	93.37	47.63	47.68
98.4	93.06	47.54	47.69
98.6	93.09	47.99	47.71
98.8	93.3	48.62	47.72
99.0	93.65	49.38	47.73
99.2	94.15	50.2	47.74
99.4	94.78	51.01	47.74
99.6	95.44	51.76	47.74
99.8	96.1	52.41	47.74
100.0	96.65	52.75	47.74
100.2	97.07	52.8	47.73
100.4	97.41	52.77	47.72
100.6	97.67	52.72	47.72
100.8	97.8	52.98	47.71
101.0	97.84	53.27	47.7
101.2	97.82	53.51	47.7
101.4	97.74	53.55	47.69
101.6	97.62	53.12	47.68
101.8	97.47	52.62	47.68
102.0	97.29	52.14	47.67
102.2	97.1	51.93	47.66
102.4	96.93	52.13	47.66
102.6	96.74	52.43	47.65
102.8	96.55	52.76	47.65
103.0	96.3	52.96	47.64
103.2	96.02	52.99	47.63
103.4	95.77	53.0	47.63
103.6	95.6	53.02	47.62
103.8	95.56	53.1	47.61
104.0	95.68	53.26	47.61
104.2	95.93	53.47	47.6
104.4	96.33	53.76	47.59
104.6	96.97	54.18	47.59
104.8	97.78	54.69	47.58
105.0	98.67	55.25	47.57
105.2	99.59	55.82	47.57
105.4	100.46	56.4	47.57
105.6	101.29	56.94	47.58
105.8	102.06	57.42	47.58
106.0	102.72	57.77	47.59
106.2	103.23	57.93	47.59
106.4	103.64	58.01	47.59
106.6	103.94	58.03	47.6
106.8	104.14	58.08	47.6
107.0	104.23	58.12	47.6
107.2	104.22	58.07	47.61
107.4	104.11	57.92	47.61
107.6	103.87	57.48	47.62
107.8	103.54	56.94	47.62
108.0	103.1	56.33	47.62
108.2	102.56	55.71	47.63
108.4	101.82	55.12	47.63
108.6	101.07	54.59	47.64
108.8	100.36	54.16	47.64
109.0	99.79	53.91	47.64
109.2	99.48	53.96	47.65
109.4	99.33	54.11	47.65
109.6	99.35	54.29	47.66
109.8	99.6	54.38	47.66
110.0	100.12	54.28	47.66
110.2	100.73	54.19	47.66
110.4	101.36	54.17	47.66
110.6	101.87	54.41	47.66
110.8	102.22	54.9	47.66
111.0	102.5	55.39	47.67
111.2	102.7	55.77	47.67
111.4	102.81	55.71	47.67
111.6	102.84	55.45	47.67
111.8	102.79	55.1	47.67
112.0	102.67	54.74	47.67
112.2	102.44	54.49	47.67
112.4	102.17	54.25	47.67
112.6	101.85	54.01	47.67
112.8	101.54	53.75	47.68
113.0	101.25	53.48	47.68
113.2	100.92	53.2	47.68
113.4	100.55	52.94	47.68
113.6	100.06	52.66	47.68
113.8	99.46	52.4	47.68
114.0	98.87	52.2	47.68
114.2	98.34	52.11	47.68
114.4	97.95	52.23	47.68
114.6	97.71	52.53	47.68
114.8	97.59	52.9	47.69
115.0	97.61	53.31	47.69
115.2	97.83	53.66	47.69
115.4	98.2	53.99	47.69
115.6	98.67	54.32	47.69
115.8	99.23	54.63	47.7
116.0	99.89	54.97	47.71
116.2	100.57	55.27	47.73
116.4	101.24	55.51	47.75
116.6	101.83	55.63	47.76
116.8	102.29	55.61	47.78
117.0	102.7	55.54	47.8
117.2	103.05	55.43	47.82
117.4	103.36	55.34	47.83
117.6	103.62	55.26	47.85
117.8	103.83	55.2	47.87
118.0	104.0	55.15	47.89
118.2	104.13	55.21	47.9
118.4	104.19	55.25	47.92
118.6	104.19	55.22	47.94
118.8	104.03	55.01	47.95
119.0	103.71	54.56	47.97
119.2	103.38	54.1	47.99
119.4	103.11	53.68	48.01
119.6	103.01	53.51	48.02
119.8	103.09	53.54	48.04
120.0	103.32	53.71	48.06
120.2	103.7	54.03	48.07
120.4	104.41	54.63	48.09
120.6	105.22	55.3	48.09
120.8	106.06	55.98	48.1
121.0	106.84	56.57	48.1
121.2	107.49	56.99	48.09
121.4	108.03	57.27	48.08
121.6	108.46	57.36	48.06
121.8	108.72	57.07	48.05
122.0	108.83	56.59	48.03
122.2	108.8	56.03	48.01
122.4	108.64	55.55	47.98
122.6	108.34	55.24	47.96
122.8	107.96	54.97	47.94
123.0	107.52	54.69	47.93
123.2	107.15	54.39	47.91
123.4	106.79	54.06	47.89
123.6	106.36	53.67	47.87
123.8	105.83	53.19	47.85
124.0	105.04	52.46	47.83
124.2	104.18	51.7	47.81
124.4	103.3	50.96	47.79
124.6	102.48	50.35	47.77
124.8	101.77	49.94	47.75
125.0	101.18	49.66	47.73
125.2	100.74	49.55	47.71
125.4	100.62	49.69	47.69
125.6	100.74	50.03	47.67
125.8	100.97	50.46	47.65
126.0	101.23	50.9	47.63
126.2	101.38	51.2	47.62
126.4	101.48	51.45	47.61
126.6	101.52	51.64	47.61
126.8	101.48	51.74	47.62
127.0	101.33	51.74	47.63
127.2	101.12	51.7	47.66
127.4	100.86	51.65	47.68
127.6	100.55	51.7	47.7
127.8	100.2	51.77	47.72
128.0	99.81	51.8	47.74
128.2	99.36	51.76	47.76
128.4	98.88	51.51	47.78
128.6	98.34	51.17	47.8
128.8	97.75	50.76	47.82
129.0	97.06	50.26	47.84
129.2	96.22	49.67	47.86
129.4	95.38	49.09	47.88
129.6	94.57	48.56	47.9
129.8	93.88	48.15	47.92
130.0	93.33	47.9	47.94
130.2	92.94	47.83	47.96
130.4	92.73	47.95	47.98
130.6	92.82	48.44	47.99
130.8	93.2	49.26	48.0
131.0	93.71	50.19	48.01
131.2	94.32	51.17	48.02
131.4	94.95	52.04	48.02
131.6	95.58	52.81	48.02
131.8	96.19	53.46	48.02
132.0	96.73	53.95	48.02
132.2	97.12	54.11	48.02
132.4	97.43	54.13	48.02
132.6	97.67	54.06	48.02
132.8	97.86	53.98	48.02
133.0	97.99	53.91	48.01
133.2	98.05	53.82	48.01
133.4	98.04	53.72	48.01
133.6	97.9	53.62	48.01
133.8	97.67	53.53	48.01
134.0	97.4	53.41	48.01
134.2	97.11	53.25	48.01
134.4	96.78	52.89	48.01
134.6	96.49	52.54	48.01
134.8	96.3	52.3	48.01
135.0	96.28	52.3	48.01
135.2	96.55	52.81	48.0
135.4	96.98	53.47	48.0
135.6	97.56	54.2	48.0
135.8	98.34	54.86	48.0
136.0	99.29	55.39	48.01
136.2	100.28	55.87	48.01
136.4	101.26	56.29	48.02
136.6	102.06	56.69	48.02
136.8	102.73	57.02	48.03
137.0	103.3	57.26	48.03
137.2	103.76	57.4	48.04
137.4	104.1	57.33	48.04
137.6	104.32	57.2	48.05
137.8	104.44	57.03	48.05
138.0	104.46	56.96	48.06
138.2	104.37	57.0	48.06
138.4	104.19	57.0	48.07
138.6	103.93	56.91	48.07
138.8	103.58	56.46	48.08
139.0	103.17	55.78	48.08
139.2	102.71	55.08	48.09
139.4	102.23	54.46	48.09
139.6	101.71	54.23	48.1
139.8	101.21	54.25	48.1
140.0	100.77	54.39	48.11
140.2	100.44	54.62	48.11
140.4	100.31	54.8	48.12
140.6	100.35	55.02	48.12
140.8	100.54	55.28	48.13
141.0	100.94	55.62	48.13
141.2	101.67	56.12	48.13
141.4	102.49	56.62	48.13
141.6	103.32	57.05	48.13
141.8	104.0	57.27	48.13
142.0	104.48	57.24	48.12
142.2	104.86	57.12	48.11
142.4	105.13	56.95	48.11
142.6	105.29	56.93	48.1
142.8	105.35	56.92	48.09
143.0	105.34	56.84	48.08
143.2	105.25	56.61	48.08
143.4	105.13	56.12	48.07
143.6	104.93	55.56	48.06
143.8	104.65	55.0	48.06
144.0	104.24	54.57	48.05
144.2	103.72	54.3	48.04
144.4	103.14	54.08	48.04
144.6	102.55	53.91	48.03
144.8	101.94	53.7	48.02
145.0	101.36	53.48	48.02
145.2	100.88	53.34	48.01
145.4	100.54	53.29	48.0
145.6	100.54	53.53	47.99
145.8	100.78	53.94	47.99
146.0	101.15	54.39	47.98
146.2	101.61	54.82	47.98
146.4	102.1	55.01	47.99
146.6	102.62	55.12	48.0
146.8	103.11	55.2	48.01
147.0	103.52	55.31	48.03
147.2	103.79	55.56	48.04
147.4	103.98	55.79	48.06
147.6	104.1	55.99	48.07
147.8	104.14	56.05	48.08
148.0	104.13	56.0	48.1
148.2	104.05	55.89	48.11
148.4	103.93	55.76	48.12
148.6	103.78	55.68	48.14
148.8	103.58	55.59	48.15
149.0	103.3	55.47	48.16
149.2	102.94	55.32	48.18
149.4	102.33	55.02	48.19
149.6	101.7	54.72	48.2
149.8	101.09	54.43	48.22
150.0	100.6	54.21	48.23
150.2	100.31	54.12	48.24
150.4	100.19	54.11	48.26
150.6	100.24	54.19	48.27
150.8	100.58	54.41	48.28
151.0	101.23	54.78	48.29
151.2	101.97	55.21	48.3
151.4	102.74	55.66	48.3
151.6	103.37	56.1	48.31
151.8	103.87	56.49	48.31
152.0	104.25	56.8	48.32
152.2	104.52	56.98	48.32
152.4	104.54	56.85	48.33
152.6	104.46	56.59	48.34
152.8	104.29	56.23	48.34
153.0	104.11	55.83	48.35
153.2	103.95	55.41	48.35
153.4	103.72	55.0	48.36
153.6	103.42	54.63	48.36
153.8	102.93	54.39	48.37
154.0	102.29	54.27	48.37
154.2	101.6	54.2	48.38
154.4	100.9	54.15	48.38
154.6	100.24	54.02	48.39
154.8	99.65	53.87	48.4
155.0	99.17	53.76	48.4
155.2	98.85	53.69	48.41
155.4	98.85	53.7	48.41
155.6	99.08	53.8	48.42
155.8	99.48	54.03	48.42
156.0	100.04	54.4	48.42
156.2	100.83	55.22	48.42
156.4	101.71	56.1	48.41
156.6	102.6	56.92	48.41
156.8	103.42	57.45	48.4
157.0	104.06	57.46	48.39
157.2	104.61	57.35	48.37
157.4	105.07	57.21	48.35
157.6	105.43	57.32	48.34
157.8	105.7	57.56	48.32
158.0	105.86	57.78	48.31
158.2	105.93	57.93	48.29
158.4	105.89	57.86	48.28
158.6	105.75	57.68	48.26
158.8	105.53	57.38	48.25
159.0	105.2	56.92	48.24
159.2	104.78	56.29	48.22
159.4	104.33	55.65	48.21
159.6	103.87	55.06	48.19
159.8	103.43	54.75	48.18
160.0	103.04	54.64	48.16
160.2	102.74	54.64	48.15
160.4	102.57	54.7	48.13
160.6	102.69	54.7	48.11
160.8	102.95	54.75	48.1
161.0	103.34	54.89	48.08
161.2	103.83	55.2	48.07
161.4	104.42	55.85	48.07
161.6	105.03	56.53	48.08
161.8	105.61	57.14	48.09
162.0	106.05	57.43	48.1
162.2	106.33	57.4	48.12
162.4	106.5	57.26	48.15
162.6	106.56	57.1	48.17
162.8	106.47	57.25	48.19
163.0	106.28	57.41	48.21
163.2	106.02	57.47	48.23
163.4	105.7	57.24	48.26
163.6	105.36	56.46	48.28
163.8	104.97	55.55	48.3
164.0	104.51	54.64	48.32
164.2	103.93	54.0	48.34
164.4	103.24	53.75	48.36
164.6	102.5	53.6	48.38
164.8	101.73	53.47	48.4
165.0	100.97	53.14	48.43
165.2	100.22	52.63	48.45
165.4	99.55	52.18	48.47
165.6	98.98	51.85	48.49
165.8	98.6	51.93	48.51
166.0	98.4	52.35	48.53
166.2	98.36	52.9	48.55
166.4	98.49	53.52	48.57
166.6	98.89	54.05	48.58
166.8	99.48	54.53	48.59
167.0	100.15	54.98	48.59
167.2	100.85	55.39	48.59
167.4	101.45	55.77	48.58
167.6	102.01	56.08	48.57
167.8	102.5	56.32	48.55
168.0	102.91	56.43	48.53
168.2	103.18	56.35	48.51
168.4	103.39	56.21	48.5
168.6	103.53	56.07	48.48
168.8	103.68	56.09	48.46
169.0	103.8	56.2	48.44
169.2	103.84	56.32	48.42
169.4	103.78	56.38	48.4
169.6	103.43	56.24	48.39
169.8	103.0	56.03	48.37
170.0	102.59	55.79	48.35
170.2	102.29	55.54	48.33
170.4	102.23	55.27	48.31
170.6	102.33	55.08	48.29
170.8	102.58	55.0	48.28
171.0	103.07	55.23	48.26
171.2	103.78	55.77	48.24
171.4	104.58	56.35	48.22
171.6	105.41	56.88	48.2
171.8	106.18	57.01	48.19
172.0	106.89	56.96	48.17
172.2	107.51	56.85	48.16
172.4	107.99	56.79	48.16
172.6	108.26	56.94	48.15
172.8	108.4	57.07	48.15
173.0	108.42	57.16	48.15
173.2	108.37	57.07	48.15
173.4	108.22	56.83	48.15
173.6	107.94	56.52	48.15
173.8	107.51	56.17	48.14
174.0	106.7	55.83	48.14
174.2	105.8	55.48	48.14
174.4	104.89	55.14	48.14
174.6	104.1	54.82	48.14
174.8	103.55	54.5	48.13
175.0	103.18	54.25	48.13
175.2	103.0	54.1	48.13
175.4	103.14	54.23	48.13
175.6	103.56	54.59	48.13
175.8	104.11	54.98	48.13
176.0	104.71	55.3	48.12
176.2	105.25	55.15	48.12
176.4	105.75	54.89	48.12
176.6	106.18	54.66	48.12
176.8	106.5	54.72	48.12
177.0	106.65	55.31	48.12
177.2	106.72	55.94	48.12
177.4	106.73	56.5	48.11
177.6	106.74	56.52	48.11
177.8	106.73	56.25	48.11
178.0	106.66	55.88	48.11
178.2	106.52	55.53	48.11
178.4	106.25	55.46	48.11
178.6	105.93	55.41	48.11
178.8	105.55	55.35	48.11
179.0	105.09	55.14	48.1
179.2	104.57	54.81	48.1
179.4	104.11	54.46	48.1
179.6	103.75	54.15	48.1
179.8	103.67	53.92	48.1
180.0	103.79	53.81	48.1
180.2	104.07	53.87	48.1
180.4	104.55	54.22	48.1
180.6	105.29	55.14	48.1
180.8	106.11	56.13	48.09
181.0	106.95	57.05	48.09
181.2	107.66	57.5	48.09
181.4	108.24	57.51	48.09
181.6	108.71	57.34	48.08
181.8	109.03	57.07	48.07
182.0	109.14	56.79	48.06
182.2	109.12	56.51	48.05
182.4	108.99	56.24	48.04
182.6	108.76	56.13	48.03
182.8	108.46	56.11	48.02
183.0	108.12	56.11	48.01
183.2	107.78	56.05	48.0
183.4	107.53	55.78	47.99
183.6	107.28	55.46	47.98
183.8	106.98	55.15	47.97
184.0	106.52	54.91	47.96
184.2	105.86	54.79	47.95
184.4	105.22	54.72	47.94
184.6	104.69	54.7	47.93
184.8	104.47	54.66	47.92
185.0	104.51	54.65	47.91
185.2	104.75	54.74	47.9
185.4	105.2	54.98	47.89
185.6	105.98	55.6	47.88
185.8	106.87	56.27	47.87
186.0	107.8	56.91	47.86
186.2	108.62	57.26	47.86
186.4	109.29	57.33	47.86
186.6	109.88	57.31	47.87
186.8	110.38	57.29	47.87
187.0	110.78	57.44	47.88
187.2	111.08	57.55	47.88
187.4	111.25	57.58	47.89
187.6	111.3	57.33	47.9
187.8	111.21	56.9	47.9
188.0	110.99	56.41	47.91
188.2	110.62	55.95	47.92
188.4	110.0	55.67	47.92
188.6	109.32	55.46	47.93
188.8	108.64	55.31	47.93
189.0	108.13	55.21	47.94
189.2	107.79	55.16	47.95
189.4	107.55	55.15	47.95
189.6	107.4	55.17	47.96
189.8	107.33	55.22	47.97
190.0	107.33	55.29	47.98
190.2	107.38	55.39	47.99
190.4	107.46	55.52	48.01
190.6	107.58	55.74	48.02
190.8	107.68	55.93	48.04
191.0	107.72	56.03	48.06
191.2	107.61	55.88	48.08
191.4	107.35	55.5	48.1
191.6	106.99	55.07	48.12
191.8	106.53	54.69	48.14
192.0	105.97	54.68	48.15
192.2	105.33	54.76	48.17
192.4	104.63	54.84	48.19
192.6	103.89	54.84	48.21
192.8	103.1	54.6	48.23
193.0	102.3	54.29	48.25
193.2	101.49	53.93	48.27
193.4	100.66	53.51	48.29
193.6	99.84	53.06	48.3
193.8	99.08	52.64	48.32
194.0	98.41	52.29	48.34
194.2	97.93	52.07	48.36
194.4	97.65	52.03	48.37
194.6	97.52	52.13	48.39
194.8	97.53	52.36	48.41
195.0	97.71	52.82	48.42
195.2	98.02	53.47	48.44
195.4	98.42	54.18	48.45
195.6	98.87	54.88	48.46
195.8	99.33	55.47	48.48
196.0	99.77	55.94	48.49
196.2	100.18	56.3	48.5
196.4	100.52	56.52	48.52
196.6	100.72	56.47	48.53
196.8	100.82	56.32	48.54
197.0	100.84	56.11	48.56
197.2	100.74	55.9	48.57
197.4	100.5	55.77	48.59
197.6	100.22	55.66	48.6
197.8	99.92	55.57	48.61
198.0	99.7	55.55	48.63
198.2	99.56	55.57	48.64
198.4	99.45	55.63	48.65
198.6	99.39	55.71	48.67
198.8	99.39	55.8	48.68
199.0	99.43	55.9	48.69
199.2	99.48	56.0	48.7
199.4	99.52	56.07	48.72
199.6	99.41	56.0	48.73
199.8	99.29	55.92	48.74
200.0	99.23	55.92	48.76
200.2	99.3	56.07	48.77
200.4	99.64	56.62	48.78
200.6	100.11	57.29	48.8
200.8	100.71	58.02	48.81
201.0	101.44	58.69	48.82
201.2	102.3	59.24	48.84
201.4	103.19	59.77	48.85
201.6	104.06	60.32	48.87
201.8	104.83	61.09	48.88
202.0	105.5	61.92	48.9
202.2	106.04	62.57	48.92
202.4	106.42	62.89	48.93
202.6	106.55	62.34	48.95
202.8	106.53	61.56	48.97
203.0	106.41	60.69	48.98
203.2	106.23	60.08	49.0
203.4	106.01	59.78	49.02
203.6	105.74	59.55	49.04
203.8	105.45	59.35	49.05
204.0	105.17	59.02	49.07
204.2	104.88	58.63	49.08
204.4	104.59	58.26	49.1
204.6	104.29	57.92	49.12
204.8	103.95	57.68	49.13
205.0	103.61	57.5	49.15
205.2	103.29	57.37	49.17
205.4	102.99	57.28	49.18
205.6	102.71	57.21	49.2
205.8	102.5	57.19	49.21
206.0	102.39	57.19	49.23
206.2	102.43	57.2	49.25
206.4	102.72	57.17	49.26
206.6	103.13	57.21	49.28
206.8	103.64	57.36	49.29
207.0	104.27	57.82	49.3
207.2	104.99	58.61	49.31
207.4	105.72	59.39	49.31
207.6	106.41	60.01	49.31
207.8	106.93	59.94	49.31
208.0	107.34	59.53	49.3
208.2	107.66	59.02	49.3
208.4	107.88	58.59	49.3
208.6	107.99	58.53	49.29
208.8	108.02	58.51	49.29
209.0	107.97	58.48	49.28
209.2	107.89	58.28	49.28
209.4	107.77	57.93	49.27
209.6	107.55	57.56	49.27
209.8	107.24	57.21	49.26
210.0	106.65	57.0	49.26
210.2	105.98	56.88	49.25
210.4	105.33	56.81	49.25
210.6	104.81	56.78	49.24
210.8	104.59	56.76	49.24
211.0	104.51	56.8	49.23
211.2	104.58	56.92	49.23
211.4	104.8	57.14	49.23
211.6	105.18	57.48	49.22
211.8	105.63	57.91	49.22
212.0	106.13	58.43	49.21
212.2	106.68	59.24	49.21
212.4	107.19	60.1	49.21
212.6	107.6	60.81	49.21
212.8	107.8	61.11	49.21
213.0	107.6	60.53	49.21
213.2	107.23	59.71	49.2
213.4	106.75	58.81	49.2
213.6	106.27	58.24	49.2
213.8	105.78	57.95	49.2
214.0	105.3	57.73	49.2
214.2	104.82	57.55	49.2
214.4	104.4	57.27	49.2
214.6	104.02	56.99	49.2
214.8	103.66	56.73	49.2
215.0	103.33	56.47	49.19
215.2	103.02	56.23	49.19
215.4	102.75	56.02	49.19
215.6	102.53	55.86	49.19
215.8	102.38	55.8	49.19
216.0	102.33	55.84	49.19
216.2	102.32	55.92	49.19
216.4	102.33	56.02	49.19
216.6	102.35	56.07	49.19
216.8	102.37	56.09	49.18
217.0	102.38	56.11	49.18
217.2	102.4	56.14	49.18
217.4	102.32	56.17	49.18
217.6	102.23	56.23	49.18
217.8	102.22	56.36	49.18
218.0	102.33	56.58	49.18
218.2	102.83	57.09	49.18
218.4	103.5	57.7	49.18
218.6	104.26	58.32	49.18
218.8	105.04	58.89	49.17
219.0	105.74	59.29	49.17
219.2	106.39	59.57	49.17
219.4	106.94	59.68	49.17
219.6	107.31	59.47	49.17
219.8	107.49	58.92	49.17
220.0	107.53	58.32	49.16
220.2	107.44	57.77	49.16
220.4	107.2	57.69	49.15
220.6	106.86	57.84	49.15
220.8	106.45	58.06	49.15
221.0	105.98	58.27	49.14
221.2	105.42	58.18	49.14
221.4	104.9	58.05	49.14
221.6	104.48	57.91	49.13
221.8	104.27	57.84	49.13
222.0	104.43	57.9	49.12
222.2	104.74	58.0	49.12
222.4	105.14	58.13	49.12
222.6	105.59	58.25	49.11
222.8	106.03	58.37	49.11
223.0	106.46	58.52	49.11
223.2	106.83	58.7	49.1
223.4	107.05	59.02	49.1
223.6	107.16	59.38	49.09
223.8	107.17	59.7	49.09
224.0	107.08	59.92	49.09
224.2	106.89	59.93	49.08
224.4	106.58	59.82	49.08
224.6	106.17	59.56	49.08
224.8	105.59	59.1	49.07
225.0	104.84	58.39	49.07
225.2	104.02	57.64	49.06
225.4	103.18	56.92	49.06
225.6	102.35	56.39	49.06
225.8	101.57	56.12	49.05
226.0	100.89	55.97	49.05
226.2	100.35	55.95	49.05
226.4	100.08	56.11	49.04
226.6	100.1	56.42	49.04
226.8	100.24	56.75	49.03
227.0	100.48	57.03	49.03
227.2	100.77	57.03	49.03
227.4	101.08	56.82	49.02
227.6	101.35	56.6	49.01
227.8	101.55	56.44	49.0
228.0	101.52	56.68	48.99
228.2	101.37	57.03	48.98
228.4	101.13	57.34	48.97
228.6	100.82	57.49	48.96
228.8	100.49	57.23	48.95
229.0	100.1	56.84	48.93
229.2	99.63	56.36	48.92
229.4	99.03	55.84	48.91
229.6	98.29	55.33	48.9
229.8	97.54	54.86	48.89
230.0	96.83	54.48	48.88
230.2	96.2	54.33	48.86
230.4	95.72	54.38	48.85
230.6	95.4	54.56	48.84
230.8	95.31	54.89	48.83
231.0	95.71	55.43	48.82
231.2	96.38	56.06	48.8
231.4	97.19	56.71	48.79
231.6	98.06	57.32	48.78
231.8	98.84	57.66	48.77
232.0	99.57	57.94	48.76
232.2	100.24	58.18	48.75
232.4	100.75	58.45	48.74
232.6	101.08	58.77	48.73
232.8	101.3	59.04	48.72
233.0	101.41	59.22	48.71
233.2	101.44	59.17	48.7
233.4	101.39	58.96	48.69
233.6	101.25	58.66	48.69
233.8	101.02	58.26	48.68
234.0	100.62	57.68	48.67
234.2	100.19	57.12	48.66
234.4	99.77	56.64	48.65
234.6	99.42	56.39	48.64
234.8	99.19	56.58	48.63
235.0	99.11	56.92	48.63
235.2	99.19	57.33	48.62
235.4	99.57	57.69	48.61
235.6	100.26	57.94	48.6
235.8	101.1	58.22	48.59
236.0	102.01	58.54	48.58
236.2	102.95	59.05	48.58
236.4	103.86	59.63	48.58
236.6	104.7	60.17	48.59
236.8	105.38	60.59	48.59
237.0	105.72	60.68	48.6
237.2	105.93	60.65	48.61
237.4	106.03	60.55	48.61
237.6	106.11	60.49	48.62
237.8	106.2	60.48	48.63
238.0	106.23	60.41	48.64
238.2	106.18	60.28	48.64
238.4	105.97	59.91	48.65
238.6	105.66	59.42	48.66
238.8	105.33	58.91	48.66
239.0	105.03	58.44	48.67
239.2	104.84	58.17	48.68
239.4	104.74	58.01	48.68
239.6	104.75	57.98	48.69
239.8	104.88	58.08	48.69
240.0	105.25	58.4	48.7
240.2	105.75	58.83	48.7
240.4	106.34	59.32	48.71
240.6	107.03	59.84	48.72
240.8	107.83	60.36	48.74
241.0	108.62	60.84	48.77
241.2	109.33	61.22	48.79
241.4	109.82	61.37	48.82
241.6	110.12	61.34	48.84
241.8	110.3	61.21	48.86
242.0	110.4	61.02	48.89
242.2	110.49	60.84	48.91
242.4	110.49	60.63	48.94
242.6	110.41	60.37	48.96
242.8	110.2	60.06	48.99
243.0	109.87	59.69	49.01
243.2	109.45	59.34	49.03
243.4	108.96	59.02	49.06
243.6	108.41	58.94	49.08
243.8	107.81	58.93	49.11
244.0	107.19	58.89	49.13
244.2	106.57	58.75	49.16
244.4	105.93	58.09	49.18
244.6	105.34	57.39	49.2
244.8	104.84	56.76	49.23
245.0	104.47	56.38	49.25
245.2	104.32	56.61	49.27
245.4	104.31	57.0	49.29
245.6	104.41	57.48	49.3
245.8	104.66	57.9	49.31
246.0	105.04	58.19	49.32
246.2	105.46	58.43	49.32
246.4	105.86	58.59	49.32
246.6	106.1	58.61	49.32
246.8	106.23	58.55	49.32
247.0	106.28	58.43	49.32
247.2	106.25	58.33	49.32
247.4	106.16	58.31	49.32
247.6	105.99	58.25	49.32
247.8	105.73	58.1	49.33
248.0	105.34	57.65	49.33
248.2	104.84	57.01	49.33
248.4	104.31	56.34	49.33
248.6	103.78	55.72	49.33
248.8	103.41	55.46	49.33
249.0	103.07	55.32	49.33
249.2	102.73	55.26	49.34
249.4	102.37	55.22	49.34
249.6	101.84	55.09	49.34
249.8	101.32	54.98	49.34
250.0	100.85	54.9	49.34
250.2	100.46	54.87	49.34
250.4	100.23	54.88	49.34
250.6	100.13	54.98	49.35
250.8	100.19	55.17	49.35
251.0	100.49	55.55	49.35
251.2	101.04	56.16	49.35
251.4	101.72	56.81	49.35
251.6	102.49	57.46	49.35
251.8	103.3	57.96	49.35
252.0	104.11	58.32	49.35
252.2	104.87	58.59	49.34
252.4	105.54	58.76	49.34
252.6	105.96	58.76	49.33
252.8	106.24	58.69	49.32
253.0	106.39	58.58	49.32
253.2	106.39	58.53	49.31
253.4	106.26	58.54	49.3
253.6	106.05	58.51	49.29
253.8	105.78	58.39	49.29
254.0	105.54	57.99	49.28
254.2	105.3	57.47	49.27
254.4	105.01	56.93	49.27
254.6	104.68	56.43	49.26
254.8	104.2	56.18	49.25
255.0	103.69	56.02	49.25
255.2	103.2	55.96	49.24
255.4	102.77	56.0	49.23
255.6	102.42	56.13	49.22
255.8	102.2	56.34	49.22
256.0	102.15	56.61	49.21
256.2	102.41	56.93	49.2
256.4	103.0	57.28	49.2
256.6	103.71	57.68	49.19
256.8	104.48	58.11	49.19
257.0	105.19	58.63	49.2
257.2	105.83	59.17	49.21
257.4	106.39	59.65	49.23
257.6	106.84	60.03	49.24
257.8	107.09	60.21	49.25
258.0	107.22	60.28	49.26
258.2	107.23	60.22	49.27
258.4	107.09	60.02	49.29
258.6	106.84	59.71	49.3
258.8	106.54	59.35	49.31
259.0	106.2	58.96	49.32
259.2	105.94	58.64	49.33
259.4	105.67	58.33	49.34
259.6	105.38	58.02	49.36
259.8	105.05	57.69	49.37
260.0	104.66	57.31	49.38
260.2	104.27	56.99	49.39
260.4	103.89	56.74	49.4
260.6	103.51	56.68	49.41
260.8	103.16	56.79	49.42
261.0	102.9	57.0	49.44
261.2	102.78	57.31	49.45
261.4	102.9	57.71	49.46
261.6	103.2	58.17	49.47
261.8	103.65	58.66	49.48
262.0	104.31	59.16	49.49
262.2	105.22	59.63	49.5
262.4	106.18	60.05	49.5
262.6	107.11	60.39	49.5
262.8	107.83	60.51	49.49
263.0	108.35	60.47	49.47
263.2	108.74	60.38	49.45
263.4	109.02	60.31	49.43
263.6	109.2	60.41	49.4
263.8	109.28	60.5	49.37
264.0	109.25	60.53	49.35
264.2	109.13	60.41	49.32
264.4	108.93	60.14	49.29
264.6	108.61	59.76	49.26
264.8	108.16	59.27	49.23
265.0	107.49	58.57	49.21
265.2	106.74	57.82	49.18
265.4	105.95	57.1	49.15
265.6	105.16	56.51	49.12
265.8	104.42	56.11	49.1
266.0	103.77	55.85	49.07
266.2	103.27	55.75	49.04
266.4	103.05	55.94	49.01
266.6	103.07	56.31	48.99
266.8	103.28	56.75	48.96
267.0	103.66	57.2	48.93
267.2	104.34	57.52	48.9
267.4	105.1	57.8	48.88
267.6	105.88	58.01	48.86
267.8	106.53	58.14	48.84
268.0	106.99	58.18	48.84
268.2	107.35	58.17	48.83
268.4	107.6	58.14	48.83
268.6	107.71	58.17	48.82
268.8	107.73	58.18	48.82
269.0	107.67	58.15	48.81
269.2	107.56	58.02	48.81
269.4	107.41	57.79	48.8
269.6	107.18	57.49	48.8
269.8	106.86	57.14	48.79
270.0	106.35	56.73	48.79
270.2	105.74	56.28	48.78
270.4	105.07	55.83	48.78
270.6	104.38	55.39	48.77
270.8	103.64	54.96	48.77
271.0	102.99	54.62	48.76
271.2	102.49	54.4	48.76
271.4	102.31	54.49	48.75
271.6	102.45	54.83	48.74
271.8	102.79	55.24	48.74
272.0	103.31	55.61	48.73
272.2	104.1	55.58	48.73
272.4	104.98	55.48	48.73
272.6	105.83	55.45	48.72
272.8	106.49	55.76	48.71
273.0	106.86	56.55	48.68
273.2	107.08	57.33	48.65
273.4	107.18	57.95	48.62
273.6	107.19	57.81	48.58
273.8	107.11	57.36	48.54
274.0	106.96	56.73	48.5
274.2	106.75	56.03	48.46
274.4	106.49	55.35	48.42
274.6	106.22	54.73	48.38
274.8	105.96	54.24	48.34
275.0	105.83	54.19	48.3
275.2	105.74	54.36	48.26
275.4	105.61	54.62	48.22
275.6	105.34	54.86	48.19
275.8	104.68	54.79	48.15
276.0	104.01	54.73	48.11
276.2	103.43	54.71	48.07
276.4	103.19	54.93	48.03
276.6	103.3	55.35	47.99
276.8	103.59	55.79	47.95
277.0	104.06	56.17	47.91
277.2	104.77	56.33	47.87
277.4	105.49	56.4	47.83
277.6	106.14	56.38	47.79
277.8	106.44	56.23	47.75
278.0	106.51	56.01	47.71
278.2	106.43	55.75	47.67
278.4	106.27	55.53	47.62
278.6	106.04	55.36	47.58
278.8	105.71	55.18	47.54
279.0	105.27	54.94	47.49
279.2	104.63	54.52	47.45
279.4	103.93	54.07	47.4
279.6	103.23	53.65	47.36
279.8	102.59	53.32	47.32
280.0	102.05	53.12	47.27
280.2	101.64	53.05	47.23
280.4	101.39	53.2	47.19
280.6	101.41	53.7	47.14
280.8	101.6	54.32	47.1
281.0	101.97	54.99	47.05
281.2	102.62	55.56	47.01
281.4	103.43	56.03	46.97
281.6	104.24	56.4	46.92
281.8	104.9	56.64	46.88
282.0	105.27	56.69	46.84
282.2	105.49	56.63	46.79
282.4	105.56	56.49	46.75
282.6	105.44	56.24	46.7
282.8	105.2	55.96	46.66
283.0	104.87	55.68	46.62
283.2	104.54	55.54	46.57
283.4	104.21	55.53	46.53
283.6	103.81	55.48	46.49
283.8	103.31	55.35	46.44
284.0	102.49	54.72	46.4
284.2	101.64	54.06	46.36
284.4	100.82	53.48	46.31
284.6	100.16	53.3	46.26
284.8	99.74	53.59	46.2
285.0	99.52	54.05	46.14
285.2	99.55	54.6	46.07
285.4	100.06	54.98	46.0
285.6	100.84	55.33	45.92
285.8	101.73	55.72	45.84
286.0	102.63	56.23	45.76
286.2	103.38	56.98	45.68
286.4	104.06	57.71	45.6
286.6	104.63	58.34	45.52
286.8	105.0	58.63	45.44
287.0	105.23	58.7	45.36
287.2	105.36	58.63	45.28
287.4	105.42	58.47	45.2
287.6	105.44	58.26	45.12
287.8	105.41	58.0	45.04
