0.2	83.41	43.01	40.99
0.4	83.55	42.38	40.99
0.6	83.66	42.01	40.99
0.8	83.75	41.85	40.99
1.0	83.82	41.88	40.99
1.2	83.87	42.03	40.99
1.4	83.89	42.27	40.99
1.6	83.88	42.55	40.99
1.8	83.86	42.82	40.99
2.0	83.81	42.99	40.99
2.2	83.75	42.87	40.99
2.4	83.66	42.72	40.99
2.6	83.53	42.55	40.99
2.8	83.36	42.41	40.99
3.0	83.02	42.44	40.99
3.2	82.59	42.6	40.99
3.4	82.17	42.82	40.99
3.6	81.82	43.09	40.99
3.8	81.57	43.4	40.99
4.0	81.66	43.69	40.99
4.2	81.88	44.02	40.99
4.4	82.23	44.37	40.99
4.6	82.67	44.75	40.99
4.8	83.23	45.18	40.99
5.0	83.88	45.64	40.99
5.2	84.55	46.11	40.99
5.4	85.23	46.58	40.99
5.6	85.82	47.0	40.99
5.8	86.35	47.4	40.99
6.0	86.84	47.76	40.99
6.2	87.29	48.09	40.99
6.4	87.63	48.36	40.99
6.6	87.97	48.6	40.99
6.8	88.34	48.83	40.99
7.0	88.9	49.1	40.99
7.2	89.65	49.42	40.99
7.4	90.36	49.65	40.99
7.6	90.94	49.74	40.99
7.8	91.05	49.4	40.99
8.0	90.91	48.85	40.98
8.2	90.6	48.19	40.97
8.4	90.12	47.46	40.96
8.6	89.56	46.88	40.94
8.8	88.89	46.31	40.91
9.0	88.15	45.74	40.88
9.2	87.34	45.18	40.85
9.4	86.46	44.6	40.82
9.6	85.47	43.94	40.79
9.8	84.5	43.33	40.76
10.0	83.61	42.8	40.73
10.2	82.86	42.37	40.7
10.4	82.33	42.13	40.67
10.6	82.37	42.26	40.64
10.8	82.58	42.54	40.61
11.0	82.9	42.92	40.58
11.2	83.28	43.39	40.55
11.4	83.64	43.93	40.52
11.6	83.86	44.5	40.49
11.8	84.06	45.07	40.46
12.0	84.22	45.61	40.43
12.2	84.33	46.08	40.4
12.4	84.34	46.35	40.38
12.6	84.27	46.46	40.35
12.8	84.16	46.5	40.32
13.0	84.03	46.49	40.29
13.2	83.87	46.45	40.26
13.4	83.53	46.34	40.23
13.6	83.24	46.27	40.2
13.8	83.09	46.27	40.17
14.0	83.14	46.39	40.14
14.2	83.67	46.79	40.11
14.4	84.71	47.48	40.07
14.6	85.92	48.29	40.04
14.8	87.22	49.15	40.02
15.0	88.48	50.04	40.0
15.2	89.6	50.91	40.0
15.4	90.63	51.71	40.0
15.6	91.53	52.4	40.01
15.8	92.21	52.86	40.02
16.0	92.62	53.04	40.04
16.2	92.86	53.06	40.07
16.4	92.95	52.94	40.1
16.6	92.91	52.72	40.13
16.8	92.75	52.44	40.15
17.0	92.49	52.06	40.18
17.2	92.13	51.59	40.2
17.4	91.7	51.05	40.23
17.6	91.14	50.35	40.25
17.8	90.52	49.58	40.28
18.0	89.93	48.82	40.3
18.2	89.41	48.11	40.33
18.4	89.07	47.56	40.35
18.6	89.08	47.29	40.38
18.8	89.19	47.14	40.4
19.0	89.38	47.07	40.42
19.2	89.61	47.06	40.45
19.4	89.82	47.11	40.48
19.6	90.01	47.18	40.5
19.8	90.13	47.24	40.53
20.0	90.16	47.25	40.56
20.2	90.03	47.15	40.58
20.4	89.57	46.8	40.61
20.6	89.0	46.38	40.63
20.8	88.37	45.92	40.65
21.0	87.71	45.44	40.68
21.2	87.08	44.96	40.7
21.4	86.52	44.51	40.72
21.6	86.03	44.13	40.75
21.8	85.64	43.82	40.77
22.0	85.37	43.62	40.8
22.2	85.41	43.72	40.82
22.4	85.67	44.04	40.84
22.6	86.03	44.42	40.87
22.8	86.44	44.81	40.89
23.0	86.86	45.15	40.91
23.2	87.19	45.23	40.94
23.4	87.45	45.21	40.96
23.6	87.63	45.12	40.99
23.8	87.68	44.94	41.01
24.0	87.43	44.65	41.04
24.2	86.9	44.27	41.06
24.4	86.3	43.86	41.08
24.6	85.68	43.47	41.11
24.8	85.1	43.13	41.13
25.0	84.69	42.89	41.16
25.2	84.41	42.75	41.18
25.4	84.28	42.73	41.2
25.6	84.35	42.85	41.23
25.8	84.96	43.34	41.25
26.0	85.82	44.01	41.28
26.2	86.7	44.7	41.3
26.4	87.51	45.33	41.33
26.6	87.89	45.65	41.35
26.8	87.88	45.7	41.38
27.0	87.67	45.61	41.41
27.2	87.29	45.38	41.43
27.4	86.7	45.0	41.46
27.6	85.92	44.46	41.48
27.8	85.08	43.88	41.51
28.0	84.26	43.31	41.53
28.2	83.51	42.8	41.56
28.4	83.13	42.53	41.58
28.6	82.94	42.4	41.6
28.8	82.88	42.39	41.63
29.0	82.94	42.48	41.65
29.2	83.12	42.71	41.69
29.4	83.44	43.13	41.73
29.6	83.82	43.62	41.78
29.8	84.25	44.16	41.83
30.0	84.7	44.7	41.89
30.2	85.06	45.14	41.96
30.4	85.34	45.45	42.04
30.6	85.62	45.75	42.12
30.8	85.92	46.05	42.21
31.0	86.26	46.36	42.29
31.2	86.82	46.83	42.37
31.4	87.41	47.31	42.45
31.6	87.96	47.75	42.53
31.8	88.43	48.13	42.62
32.0	88.69	48.33	42.7
32.2	88.79	48.4	42.78
32.4	88.78	48.38	42.87
32.6	88.66	48.28	42.96
32.8	88.27	47.99	43.05
33.0	87.89	47.69	43.14
33.2	87.64	47.44	43.24
33.4	87.81	47.4	43.33
33.6	88.51	47.63	43.42
33.8	89.38	47.96	43.51
34.0	90.31	48.34	43.6
34.2	91.13	48.76	43.7
34.4	91.81	49.15	43.79
34.6	92.33	49.47	43.88
34.8	92.62	49.67	43.98
35.0	92.35	49.48	44.08
35.2	91.83	49.15	44.19
35.4	91.14	48.73	44.29
35.6	90.37	48.3	44.39
35.8	89.77	48.07	44.49
36.0	89.15	47.86	44.59
36.2	88.52	47.68	44.68
36.4	87.88	47.49	44.77
36.6	87.19	47.28	44.86
36.8	86.46	47.04	44.94
37.0	85.74	46.79	45.03
37.2	85.07	46.52	45.11
37.4	84.46	46.26	45.19
37.6	83.85	45.81	45.28
37.8	83.34	45.36	45.37
38.0	83.04	45.04	45.46
38.2	82.99	44.93	45.53
38.4	83.48	45.31	45.58
38.6	84.59	46.3	45.61
38.8	85.84	47.42	45.62
39.0	87.09	48.55	45.63
39.2	88.08	49.46	45.63
39.4	88.64	49.99	45.63
39.6	89.01	50.37	45.63
39.8	89.18	50.6	45.63
40.0	89.07	50.64	45.63
40.2	88.74	50.54	45.63
40.4	88.36	50.37	45.63
40.6	88.02	50.2	45.63
40.8	88.07	50.19	45.63
41.0	88.44	50.32	45.63
41.2	88.89	50.47	45.63
41.4	89.36	50.62	45.63
41.6	89.71	50.74	45.63
41.8	89.85	50.77	45.63
42.0	89.9	50.76	45.63
42.2	89.87	50.7	45.63
42.4	89.73	50.59	45.63
42.6	89.43	50.36	45.63
42.8	89.06	50.1	45.63
43.0	88.65	49.84	45.63
43.2	88.23	49.58	45.63
43.4	87.87	49.41	45.63
43.6	87.56	49.3	45.63
43.8	87.28	49.23	45.63
44.0	87.02	49.19	45.63
44.2	86.78	49.18	45.63
44.4	86.55	49.19	45.63
44.6	86.35	49.22	45.63
44.8	86.19	49.28	45.63
45.0	86.09	49.36	45.63
45.2	86.04	49.46	45.63
45.4	86.05	49.57	45.63
45.6	86.16	49.73	45.63
45.8	86.39	49.95	45.63
46.0	86.78	50.21	45.63
46.2	87.34	50.55	45.63
46.4	88.07	51.01	45.63
46.6	89.02	51.67	45.63
46.8	90.47	52.82	45.64
47.0	91.94	53.98	45.65
47.2	93.27	54.99	45.67
47.4	94.01	55.4	45.68
47.6	94.28	55.34	45.7
47.8	94.3	55.05	45.72
48.0	94.15	54.65	45.73
48.2	94.06	54.4	45.75
48.4	93.85	54.09	45.77
48.6	93.54	53.72	45.78
48.8	93.11	53.27	45.8
49.0	92.34	52.51	45.81
49.2	91.45	51.65	45.83
49.4	90.56	50.83	45.84
49.6	89.77	50.1	45.85
49.8	89.21	49.63	45.87
50.0	89.24	49.78	45.88
50.2	89.43	50.08	45.89
50.4	89.71	50.45	45.91
50.6	90.04	50.83	45.92
50.8	90.27	50.96	45.94
51.0	90.39	50.88	45.95
51.2	90.46	50.75	45.96
51.4	90.47	50.62	45.98
51.6	90.41	50.52	45.99
51.8	90.28	50.63	46.01
52.0	90.06	50.75	46.02
52.2	89.74	50.85	46.04
52.4	89.32	50.91	46.05
52.6	88.66	50.75	46.06
52.8	87.82	50.43	46.08
53.0	86.95	50.08	46.09
53.2	86.09	49.74	46.11
53.4	85.31	49.46	46.12
53.6	84.65	49.36	46.13
53.8	84.17	49.34	46.14
54.0	83.91	49.43	46.16
54.2	83.94	49.63	46.17
54.4	84.58	49.99	46.19
54.6	85.63	50.48	46.2
54.8	86.86	51.09	46.23
55.0	88.18	51.81	46.25
55.2	89.42	52.81	46.28
55.4	90.56	53.94	46.32
55.6	91.58	54.98	46.36
55.8	92.45	55.82	46.4
56.0	92.98	55.9	46.44
56.2	93.24	55.52	46.48
56.4	93.31	54.95	46.52
56.6	93.21	54.32	46.56
56.8	92.89	54.04	46.6
57.0	92.41	54.05	46.63
57.2	91.86	54.12	46.67
57.4	91.3	54.2	46.7
57.6	90.77	54.26	46.73
57.8	90.49	54.01	46.77
58.0	90.32	53.7	46.8
58.2	90.27	53.39	46.84
58.4	90.34	53.12	46.87
58.6	90.63	53.03	46.9
58.8	91.2	53.24	46.94
59.0	91.81	53.48	46.97
59.2	92.39	53.68	47.01
59.4	92.86	53.8	47.04
59.6	92.92	53.5	47.08
59.8	92.81	53.08	47.12
60.0	92.53	52.61	47.16
60.2	92.09	52.13	47.2
60.4	91.41	51.8	47.24
60.6	90.57	51.58	47.27
60.8	89.65	51.39	47.31
61.0	88.72	51.21	47.34
61.2	87.82	51.02	47.38
61.4	87.03	50.6	47.41
61.6	86.37	50.19	47.45
61.8	85.89	49.84	47.48
62.0	85.62	49.59	47.51
62.2	85.74	49.58	47.54
62.4	86.43	49.91	47.56
62.6	87.25	50.36	47.58
62.8	88.12	50.89	47.6
63.0	88.93	51.45	47.61
63.2	89.35	51.95	47.61
63.4	89.63	52.44	47.6
63.6	89.77	52.9	47.59
63.8	89.75	53.31	47.58
64.0	89.45	53.7	47.56
64.2	89.05	54.0	47.55
64.4	88.59	54.17	47.53
64.6	88.14	54.2	47.51
64.8	87.73	53.68	47.49
65.0	87.43	53.0	47.47
65.2	87.28	52.36	47.45
65.4	87.34	51.9	47.44
65.6	87.94	52.19	47.42
65.8	88.89	52.96	47.4
66.0	89.91	53.82	47.38
66.2	90.88	54.66	47.36
66.4	91.53	55.03	47.35
66.6	91.87	55.05	47.33
66.8	92.02	54.94	47.31
67.0	91.96	54.76	47.29
67.2	91.58	54.7	47.28
67.4	90.98	54.69	47.26
67.6	90.26	54.63	47.24
67.8	89.48	54.51	47.22
68.0	88.7	54.15	47.2
68.2	87.98	53.57	47.19
68.4	87.36	52.99	47.17
68.6	86.9	52.48	47.15
68.8	86.73	52.19	47.13
69.0	87.13	52.42	47.12
69.2	87.67	52.79	47.1
69.4	88.26	53.24	47.08
69.6	88.79	53.7	47.06
69.8	88.95	54.15	47.05
70.0	88.97	54.49	47.03
70.2	88.86	54.64	47.01
70.4	88.62	54.54	46.99
70.6	88.16	53.46	46.97
70.8	87.61	52.18	46.96
71.0	86.99	50.88	46.94
71.2	86.33	49.72	46.92
71.4	85.59	49.34	46.9
71.6	84.86	49.53	46.89
71.8	84.25	49.97	46.87
72.0	83.82	50.59	46.85
72.2	83.73	51.28	46.83
72.4	84.19	51.89	46.81
72.6	84.87	52.57	46.79
72.8	85.71	53.31	46.77
73.0	86.65	54.14	46.76
73.2	87.59	55.17	46.78
73.4	88.55	56.18	46.8
73.6	89.5	57.11	46.83
73.8	90.41	57.86	46.86
74.0	91.22	58.16	46.89
74.2	91.95	58.31	46.93
74.4	92.58	58.37	46.97
74.6	93.09	58.4	47.01
74.8	93.4	58.54	47.04
75.0	93.62	58.67	47.07
75.2	93.77	58.77	47.11
75.4	93.92	58.86	47.14
75.6	94.23	59.03	47.17
75.8	94.42	59.07	47.21
76.0	94.45	58.92	47.24
76.2	94.11	58.33	47.28
76.4	93.26	57.14	47.31
76.6	92.27	55.84	47.35
76.8	91.27	54.58	47.39
77.0	90.53	53.77	47.42
77.2	90.02	53.33	47.46
77.4	89.63	53.07	47.5
77.6	89.34	52.95	47.54
77.8	89.24	52.89	47.58
78.0	89.21	52.91	47.61
78.2	89.19	52.99	47.65
78.4	89.13	53.11	47.69
78.6	88.88	53.32	47.73
78.8	88.52	53.52	47.76
79.0	88.03	53.64	47.8
79.2	87.41	53.63	47.83
79.4	86.47	53.17	47.87
79.6	85.29	52.34	47.9
79.8	84.1	51.43	47.94
80.0	82.98	50.55	47.97
80.2	82.09	49.82	48.01
80.4	81.67	49.48	48.04
80.6	81.49	49.35	48.08
80.8	81.55	49.44	48.11
81.0	81.84	49.78	48.14
81.2	82.58	50.71	48.16
81.4	83.46	51.78	48.18
81.6	84.39	52.89	48.19
81.8	85.28	53.9	48.2
82.0	85.8	54.44	48.2
82.2	86.21	54.79	48.19
82.4	86.51	54.95	48.18
82.6	86.7	54.89	48.17
82.8	86.66	54.36	48.16
83.0	86.59	53.76	48.15
83.2	86.56	53.21	48.14
83.4	86.64	52.81	48.13
83.6	87.08	53.08	48.11
83.8	87.7	53.58	48.1
84.0	88.47	54.26	48.09
84.2	89.41	55.06	48.08
84.4	90.7	56.01	48.07
84.6	92.03	56.94	48.06
84.8	93.29	57.8	48.04
85.0	94.36	58.46	48.03
85.2	95.02	58.7	48.02
85.4	95.44	58.76	48.01
85.6	95.59	58.67	48.0
85.8	95.4	58.52	47.98
86.0	94.82	58.37	47.97
86.2	94.07	58.06	47.96
86.4	93.22	57.54	47.95
86.6	92.37	56.5	47.94
86.8	91.6	54.81	47.93
87.0	90.94	53.14	47.91
87.2	90.44	51.72	47.9
87.4	90.27	51.06	47.89
87.6	90.73	52.14	47.88
87.8	91.36	53.59	47.87
88.0	92.04	55.14	47.86
88.2	92.67	56.51	47.84
88.4	92.84	56.44	47.83
88.6	92.86	56.02	47.82
88.8	92.78	55.46	47.81
89.0	92.62	54.91	47.8
89.2	92.49	55.04	47.78
89.4	92.29	55.31	47.77
89.6	92.03	55.63	47.76
89.8	91.68	55.91	47.75
90.0	91.08	55.83	47.74
90.2	90.38	55.57	47.73
90.4	89.71	55.3	47.71
90.6	89.15	55.08	47.7
90.8	88.93	55.14	47.69
91.0	89.0	55.42	47.68
91.2	89.26	55.77	47.67
91.4	89.68	56.14	47.66
91.6	90.46	56.52	47.64
91.8	91.35	56.83	47.63
92.0	92.1	57.0	47.62
92.2	92.47	56.92	47.61
92.4	91.78	56.22	47.6
92.6	90.87	55.41	47.58
92.8	89.92	54.64	47.57
93.0	89.39	54.29	47.56
93.2	89.3	54.34	47.55
93.4	89.42	54.54	47.54
93.6	89.75	54.82	47.53
93.8	90.4	54.98	47.51
94.0	91.16	55.12	47.5
94.2	91.88	55.28	47.5
94.4	92.43	55.48	47.52
94.6	92.48	55.86	47.56
94.8	92.31	56.19	47.61
95.0	91.95	56.4	47.67
95.2	91.41	56.31	47.74
95.4	90.71	55.78	47.79
95.6	89.9	55.06	47.85
95.8	88.98	54.21	47.9
96.0	87.98	53.26	47.95
96.2	86.77	52.15	48.0
96.4	85.61	51.11	48.05
96.6	84.58	50.22	48.1
96.8	83.79	49.59	48.14
97.0	83.55	49.64	48.19
97.2	83.88	50.35	48.24
97.4	84.48	51.29	48.29
97.6	85.3	52.37	48.33
97.8	86.28	53.45	48.36
98.0	87.35	54.16	48.37
98.2	88.47	54.85	48.38
98.4	89.59	55.54	48.37
98.6	90.65	56.25	48.36
98.8	91.48	57.17	48.33
99.0	92.22	58.06	48.29
99.2	92.85	58.88	48.26
99.4	93.4	59.56	48.22
99.6	93.89	60.03	48.18
99.8	94.24	60.28	48.15
100.0	94.42	60.29	48.11
100.2	94.3	59.91	48.08
100.4	93.77	59.04	48.04
100.6	93.14	58.03	48.01
100.8	92.51	56.97	47.98
101.0	92.09	56.1	47.94
101.2	91.9	55.45	47.91
101.4	91.86	54.97	47.87
101.6	91.98	54.67	47.84
101.8	92.41	54.84	47.8
102.0	92.97	55.17	47.77
102.2	93.57	55.54	47.73
102.4	94.16	55.8	47.7
102.6	94.71	55.5	47.66
102.8	95.08	55.13	47.63
103.0	95.19	54.78	47.59
103.2	94.74	54.68	47.56
103.4	93.61	54.97	47.53
103.6	92.23	55.31	47.49
103.8	90.76	55.65	47.46
104.0	89.62	55.76	47.42
104.2	88.79	55.64	47.39
104.4	88.01	55.38	47.35
104.6	87.26	54.98	47.32
104.8	86.47	54.43	47.28
105.0	85.27	53.47	47.25
105.2	84.08	52.45	47.21
105.4	82.94	51.44	47.18
105.6	81.93	50.53	47.15
105.8	81.16	49.87	47.11
106.0	80.77	49.63	47.08
106.2	80.62	49.6	47.04
106.4	80.7	49.78	47.01
106.6	81.04	50.17	46.97
106.8	81.88	50.98	46.94
107.0	82.96	51.97	46.9
107.2	84.09	52.94	46.87
107.4	85.15	53.79	46.83
107.6	85.8	54.02	46.8
107.8	86.2	53.96	46.76
108.0	86.44	53.81	46.73
108.2	86.55	53.68	46.7
108.4	86.33	53.94	46.66
108.6	86.1	54.29	46.63
108.8	85.99	54.67	46.59
109.0	86.19	55.05	46.56
109.2	87.15	55.27	46.52
109.4	88.35	55.5	46.48
109.6	89.66	55.76	46.45
109.8	90.99	56.18	46.42
110.0	92.22	56.76	46.39
110.2	93.27	57.35	46.37
110.4	94.05	57.87	46.36
110.6	94.14	58.15	46.38
110.8	93.8	58.25	46.4
111.0	93.19	58.23	46.44
111.2	92.42	58.09	46.48
111.4	91.59	57.71	46.51
111.6	90.75	57.26	46.54
111.8	89.98	56.77	46.56
112.0	89.37	56.3	46.59
112.2	89.2	55.94	46.61
112.4	89.57	55.73	46.64
112.6	90.11	55.66	46.66
112.8	90.76	55.74	46.69
113.0	91.44	55.99	46.71
113.2	91.92	56.77	46.74
113.4	92.33	57.68	46.76
113.6	92.68	58.58	46.79
113.8	92.95	59.38	46.81
114.0	93.07	59.69	46.84
114.2	93.08	59.71	46.87
114.4	93.05	59.58	46.89
114.6	92.98	59.33	46.92
114.8	92.98	59.12	46.94
115.0	92.98	58.87	46.97
115.2	92.94	58.53	46.99
115.4	92.82	58.09	47.02
115.6	92.57	57.42	47.04
115.8	92.2	56.64	47.07
116.0	91.71	55.81	47.1
116.2	91.05	55.05	47.12
116.4	90.11	54.55	47.15
116.6	89.13	53.97	47.18
116.8	88.17	53.2	47.2
117.0	87.34	51.6	47.23
117.2	86.72	49.32	47.26
117.4	86.33	47.27	47.29
117.6	86.23	45.84	47.31
117.8	86.88	46.94	47.34
118.0	87.83	49.11	47.36
118.2	88.84	51.55	47.39
118.4	89.7	53.76	47.42
118.6	89.84	54.12	47.45
118.8	89.76	54.06	47.47
119.0	89.48	53.72	47.5
119.2	89.09	53.42	47.53
119.4	88.64	53.41	47.56
119.6	88.09	53.32	47.59
119.8	87.45	53.1	47.62
120.0	86.65	52.51	47.65
120.2	85.68	51.43	47.67
120.4	84.72	50.31	47.7
120.6	83.87	49.26	47.72
120.8	83.23	48.48	47.75
121.0	83.1	48.57	47.78
121.2	83.21	48.9	47.81
121.4	83.51	49.42	47.83
121.6	83.99	50.02	47.85
121.8	84.71	50.44	47.87
122.0	85.54	50.86	47.89
122.2	86.39	51.34	47.89
122.4	87.22	51.89	47.89
122.6	87.88	52.73	47.87
122.8	88.41	53.61	47.84
123.0	88.81	54.45	47.8
123.2	89.04	55.15	47.75
123.4	88.85	55.38	47.7
123.6	88.58	55.47	47.65
123.8	88.31	55.48	47.59
124.0	88.15	55.46	47.54
124.2	88.31	55.49	47.48
124.4	88.65	55.57	47.43
124.6	89.19	55.73	47.38
124.8	90.05	56.12	47.32
125.0	91.36	56.85	47.27
125.2	92.71	57.58	47.22
125.4	93.97	58.22	47.16
125.6	94.78	58.5	47.11
125.8	95.09	58.4	47.05
126.0	95.18	58.11	47.0
126.2	95.07	57.65	46.95
126.4	94.83	57.04	46.89
126.6	94.49	56.33	46.84
126.8	94.06	55.59	46.79
127.0	93.57	54.87	46.73
127.2	93.09	54.3	46.68
127.4	92.65	53.94	46.62
127.6	92.18	53.64	46.57
127.8	91.71	53.41	46.52
128.0	91.21	53.22	46.46
128.2	90.55	53.0	46.41
128.4	89.92	52.81	46.36
128.6	89.38	52.66	46.3
128.8	88.99	52.53	46.25
129.0	88.97	52.42	46.19
129.2	89.16	52.36	46.14
129.4	89.49	52.33	46.09
129.6	89.95	52.36	46.03
129.8	90.58	52.51	45.98
130.0	91.19	52.68	45.93
130.2	91.71	52.84	45.87
130.4	91.92	52.9	45.82
130.6	91.8	52.87	45.76
130.8	91.5	52.82	45.71
131.0	91.04	52.76	45.66
131.2	90.41	52.89	45.58
131.4	89.66	53.04	45.51
131.6	88.84	53.15	45.46
131.8	87.97	53.15	45.42
132.0	87.02	52.72	45.41
132.2	86.05	51.94	45.43
132.4	85.19	51.14	45.52
132.6	84.5	50.4	45.67
132.8	84.05	49.83	45.92
133.0	84.33	49.98	46.49
133.2	84.88	50.37	47.12
133.4	85.58	50.93	47.74
133.6	86.39	51.62	48.3
133.8	87.18	52.41	48.61
134.0	87.89	53.26	48.68
134.2	88.55	54.07	48.65
134.4	89.13	54.77	48.54
134.6	89.54	55.22	48.42
134.8	89.75	55.32	48.3
135.0	89.83	55.28	48.16
135.2	89.76	55.12	48.0
135.4	89.48	54.89	47.85
135.6	88.94	54.63	47.71
135.8	88.35	54.35	47.57
136.0	87.78	54.07	47.43
136.2	87.3	53.82	47.29
136.4	87.22	53.57	47.15
136.6	87.33	53.41	47.01
136.8	87.6	53.37	46.88
137.0	88.03	53.5	46.74
137.2	88.72	54.07	46.6
137.4	89.59	54.98	46.46
137.6	90.46	55.93	46.32
137.8	91.25	56.82	46.18
138.0	91.67	57.34	46.04
138.2	91.69	57.44	45.9
138.4	91.58	57.38	45.76
138.6	91.4	57.21	45.62
138.8	91.31	57.01	45.49
139.0	91.41	56.85	45.35
139.2	91.51	56.66	45.21
139.4	91.55	56.48	45.07
139.6	91.52	56.29	44.93
139.8	91.22	56.18	44.79
140.0	90.77	56.1	44.65
140.2	90.25	56.01	44.51
140.4	89.68	55.91	44.37
140.6	89.02	55.73	44.23
140.8	88.23	55.43	44.06
141.0	87.58	55.15	43.91
141.2	87.17	54.91	43.78
141.4	87.27	54.79	43.71
141.6	88.18	54.86	43.7
141.8	89.32	55.03	43.73
142.0	90.56	55.27	43.8
142.2	91.67	55.64	43.9
142.4	92.58	56.07	44.03
142.6	93.29	56.46	44.18
142.8	93.72	56.73	44.35
143.0	93.58	56.68	44.5
143.2	93.14	56.45	44.66
143.4	92.48	56.06	44.82
143.6	91.63	55.45	44.97
143.8	90.64	54.53	45.12
144.0	89.58	53.55	45.25
144.2	88.53	52.58	45.39
144.4	87.53	51.72	45.52
144.6	86.74	51.41	45.64
144.8	86.14	51.38	45.77
145.0	85.7	51.47	45.89
145.2	85.47	51.62	46.02
145.4	85.49	51.75	46.14
145.6	85.99	51.56	46.26
145.8	86.64	51.42	46.39
146.0	87.36	51.36	46.51
146.2	88.1	51.43	46.64
146.4	88.65	51.98	46.78
146.6	89.07	52.73	46.92
146.8	89.4	53.54	47.06
147.0	89.63	54.31	47.2
147.2	89.67	54.82	47.34
147.4	89.56	55.1	47.48
147.6	89.35	55.25	47.62
147.8	89.06	55.26	47.75
148.0	88.65	55.09	47.89
148.2	88.07	54.66	48.01
148.4	87.51	54.19	48.14
148.6	87.07	53.74	48.26
148.8	86.82	53.38	48.38
149.0	87.23	53.48	48.52
149.2	88.02	53.84	48.65
149.4	88.9	54.24	48.78
149.6	89.77	54.62	48.88
149.8	90.4	54.75	48.94
150.0	90.66	54.55	48.96
150.2	90.79	54.31	48.96
150.4	90.79	54.12	48.94
150.6	90.69	54.21	48.93
150.8	90.53	54.72	48.92
151.0	90.26	55.26	48.91
151.2	89.88	55.75	48.89
151.4	89.37	56.05	48.88
151.6	88.5	55.6	48.87
151.8	87.59	54.98	48.86
152.0	86.72	54.27	48.85
152.2	85.99	53.56	48.84
152.4	85.62	52.98	48.83
152.6	85.65	52.58	48.82
152.8	85.89	52.38	48.81
153.0	86.32	52.41	48.8
153.2	86.96	52.86	48.78
153.4	87.86	54.07	48.77
153.6	88.83	55.38	48.76
153.8	89.78	56.61	48.75
154.0	90.59	57.42	48.74
154.2	91.07	57.24	48.73
154.4	91.4	56.83	48.72
154.6	91.58	56.33	48.71
154.8	91.55	55.95	48.7
155.0	91.16	56.15	48.69
155.2	90.73	56.44	48.68
155.4	90.36	56.79	48.67
155.6	90.14	57.13	48.66
155.8	90.63	57.2	48.65
156.0	91.35	57.22	48.64
156.2	92.19	57.23	48.62
156.4	93.05	57.25	48.61
156.6	93.83	57.43	48.6
156.8	94.49	57.68	48.59
157.0	95.0	57.91	48.58
157.2	95.3	58.11	48.57
157.4	95.16	58.22	48.56
157.6	94.67	58.23	48.55
157.8	93.97	58.12	48.54
158.0	93.09	57.88	48.53
158.2	92.04	57.35	48.52
158.4	90.81	56.37	48.51
158.6	89.57	55.31	48.5
158.8	88.4	54.28	48.49
159.0	87.37	53.37	48.47
159.2	86.73	52.89	48.46
159.4	86.62	53.01	48.45
159.6	86.72	53.33	48.44
159.8	86.98	53.78	48.43
160.0	87.35	54.33	48.42
160.2	87.83	55.49	48.42
160.4	88.35	56.73	48.42
160.6	88.84	57.46	48.43
160.8	89.22	57.57	48.44
161.0	89.36	57.68	48.45
161.2	89.01	57.79	48.47
161.4	88.54	57.9	48.48
161.6	88.03	58.01	48.49
161.8	87.55	58.12	48.51
162.0	87.24	58.22	48.52
162.2	87.09	58.33	48.53
162.4	87.13	58.44	48.54
162.6	87.4	58.55	48.56
162.8	88.22	58.66	48.57
163.0	89.39	58.77	48.58
163.2	90.62	58.88	48.6
163.4	91.79	58.99	48.61
163.6	92.46	59.09	48.62
163.8	92.87	59.58	48.64
164.0	93.16	59.53	48.65
164.2	93.35	59.21	48.66
164.4	93.63	59.47	48.68
164.6	93.86	59.68	48.69
164.8	94.02	59.81	48.7
165.0	94.14	59.81	48.72
165.2	94.27	59.61	48.73
165.4	94.25	59.28	48.74
165.6	94.03	58.84	48.76
165.8	93.41	58.26	48.77
166.0	92.33	57.55	48.78
166.2	91.08	56.79	48.8
166.4	89.77	56.03	48.82
166.6	88.56	55.34	48.83
166.8	87.48	54.72	48.84
167.0	86.55	54.19	48.86
167.2	85.81	53.77	48.87
167.4	85.6	53.58	48.88
167.6	85.72	53.56	48.9
167.8	85.96	53.62	48.91
168.0	86.22	53.74	48.92
168.2	86.25	53.86	48.94
168.4	86.07	53.97	48.95
168.6	85.82	54.06	48.97
168.8	85.54	54.11	48.98
169.0	85.27	54.04	49.0
169.2	85.02	53.85	49.01
169.4	84.76	53.62	49.03
169.6	84.49	53.36	49.04
169.8	84.19	53.08	49.05
170.0	83.69	52.7	49.07
170.2	83.23	52.37	49.08
170.4	82.89	52.14	49.09
170.6	82.73	52.05	49.1
170.8	83.04	52.35	49.12
171.0	83.81	53.04	49.13
171.2	84.71	53.82	49.15
171.4	85.67	54.61	49.16
171.6	86.56	55.28	49.16
171.8	87.18	55.62	49.18
172.0	87.7	55.86	49.17
172.2	88.13	56.03	49.15
172.4	88.44	56.19	49.08
172.6	88.62	56.4	48.94
172.8	88.71	56.57	48.77
173.0	88.72	56.69	48.58
173.2	88.66	56.73	48.39
173.4	88.42	56.47	48.21
173.6	88.16	56.15	48.04
173.8	87.95	55.86	47.86
174.0	87.86	55.67	47.69
174.2	88.11	55.83	47.52
174.4	88.79	56.41	47.35
174.6	89.58	57.11	47.18
174.8	90.4	57.84	47.0
175.0	91.18	58.55	46.83
175.2	91.56	58.93	46.66
175.4	91.85	59.23	46.49
175.6	92.1	59.45	46.31
175.8	92.34	59.63	46.14
176.0	92.78	59.79	45.97
176.2	93.32	59.93	45.8
176.4	93.82	60.03	45.62
176.6	94.22	60.1	45.45
176.8	94.42	60.12	45.28
177.0	94.19	60.15	45.11
177.2	93.83	60.11	44.93
177.4	93.37	59.98	44.76
177.6	92.86	59.73	44.59
177.8	92.3	59.01	44.38
178.0	91.8	58.28	44.19
178.2	91.44	57.66	44.03
178.4	91.32	57.36	43.91
178.6	91.8	57.95	43.91
178.8	92.38	58.65	43.94
179.0	92.93	59.29	44.01
179.2	93.14	59.31	44.09
179.4	93.01	58.79	44.18
179.6	92.71	58.09	44.27
179.8	92.26	57.32	44.37
180.0	91.59	56.81	44.46
180.2	90.83	56.42	44.54
180.4	90.07	56.08	44.62
180.6	89.36	55.79	44.7
180.8	88.98	55.52	44.78
181.0	88.88	55.26	44.86
181.2	88.86	55.06	44.95
181.4	88.87	54.9	45.03
181.6	88.81	54.85	45.11
181.8	88.6	54.98	45.2
182.0	88.3	55.1	45.28
182.2	87.91	55.14	45.37
182.4	87.4	55.04	45.46
182.6	86.55	54.31	45.54
182.8	85.6	53.44	45.63
183.0	84.62	52.51	45.71
183.2	83.66	51.6	45.8
183.4	82.79	50.91	45.87
183.6	82.05	50.54	45.95
183.8	81.48	50.34	46.02
184.0	81.1	50.31	46.09
184.2	80.98	50.46	46.16
184.4	81.39	50.94	46.24
184.6	82.18	51.63	46.31
184.8	83.11	52.38	46.38
185.0	84.1	53.14	46.46
185.2	84.99	53.73	46.54
185.4	85.69	54.11	46.62
185.6	86.34	54.41	46.7
185.8	86.91	54.65	46.78
186.0	87.42	54.89	46.87
186.2	87.86	55.11	46.95
186.4	88.22	55.27	47.03
186.6	88.5	55.36	47.12
186.8	88.57	55.18	47.2
187.0	88.53	54.89	47.28
187.2	88.54	54.67	47.36
187.4	88.68	54.63	47.44
187.6	89.35	55.27	47.52
187.8	90.3	56.3	47.6
188.0	91.31	57.38	47.68
188.2	92.28	58.38	47.77
188.4	92.9	58.75	47.86
188.6	93.29	58.78	47.95
188.8	93.52	58.66	48.04
189.0	93.59	58.44	48.13
189.2	93.47	58.39	48.22
189.4	93.21	58.38	48.3
189.6	92.83	58.34	48.39
189.8	92.37	58.24	48.48
190.0	91.8	57.95	48.56
190.2	91.1	57.36	48.64
190.4	90.44	56.76	48.72
190.6	89.85	56.23	48.8
190.8	89.4	55.82	48.87
191.0	89.36	55.91	48.94
191.2	89.66	56.37	49.01
191.4	90.11	56.95	49.08
191.6	90.66	57.59	49.14
191.8	91.26	58.18	49.19
192.0	91.81	58.46	49.24
192.2	92.38	58.69	49.29
192.4	92.93	58.91	49.33
192.6	93.47	59.13	49.38
192.8	94.12	59.62	49.42
193.0	94.68	60.1	49.47
193.2	95.07	60.45	49.51
193.4	95.2	60.56	49.56
193.6	94.48	59.8	49.61
193.8	93.53	58.83	49.66
194.0	92.6	57.91	49.7
194.2	91.92	57.31	49.75
194.4	92.09	57.73	49.8
194.6	92.49	58.37	49.85
194.8	93.02	59.09	49.9
195.0	93.55	59.61	49.95
195.2	93.97	59.77	50.0
195.4	94.31	59.79	50.05
195.6	94.53	59.68	50.1
195.8	94.5	59.4	50.15
196.0	94.25	59.0	50.2
196.2	93.86	58.55	50.25
196.4	93.36	58.09	50.29
196.6	92.7	57.79	50.34
196.8	91.97	57.58	50.38
197.0	91.27	57.4	50.43
197.2	90.66	57.24	50.47
197.4	90.38	57.07	50.52
197.6	90.28	56.87	50.57
197.8	90.27	56.63	50.62
198.0	90.31	56.26	50.67
198.2	90.37	55.67	50.72
198.4	90.4	55.1	50.78
198.6	90.34	54.62	50.83
198.8	90.07	54.59	50.89
199.0	89.59	54.94	50.94
199.2	88.97	55.37	51.0
199.4	88.24	55.79	51.05
199.6	87.3	55.82	51.1
199.8	86.21	55.45	51.15
200.0	85.14	54.99	51.2
200.2	84.18	54.51	51.25
200.4	83.41	54.09	51.29
200.6	83.27	53.95	51.34
200.8	83.4	53.97	51.39
201.0	83.74	54.12	51.43
201.2	84.25	54.42	51.47
201.4	84.94	55.04	51.51
201.6	85.75	55.92	51.53
201.8	86.58	56.82	51.55
202.0	87.37	57.64	51.55
202.2	87.96	58.18	51.54
202.4	88.29	58.34	51.52
202.6	88.51	58.33	51.49
202.8	88.64	58.17	51.46
203.0	88.67	57.78	51.42
203.2	88.64	57.24	51.38
203.4	88.62	56.74	51.34
203.6	88.65	56.38	51.3
203.8	88.89	56.48	51.26
204.0	89.41	57.25	51.21
204.2	90.0	58.14	51.17
204.4	90.61	59.04	51.13
204.6	91.19	59.71	51.09
204.8	91.66	59.84	51.05
205.0	92.04	59.82	51.01
205.2	92.3	59.7	50.97
205.4	92.37	59.55	50.93
205.6	92.1	59.55	50.89
205.8	91.68	59.5	50.85
206.0	91.17	59.4	50.81
206.2	90.61	59.23	50.77
206.4	90.0	58.71	50.72
206.6	89.41	58.05	50.68
206.8	88.89	57.4	50.64
207.0	88.5	56.84	50.6
207.2	88.31	56.46	50.56
207.4	88.64	56.69	50.52
207.6	89.12	57.07	50.47
207.8	89.71	57.55	50.43
208.0	90.36	58.06	50.4
208.2	90.91	58.39	50.37
208.4	91.4	58.64	50.35
208.6	91.89	58.9	50.34
208.8	92.39	59.2	50.33
209.0	92.94	59.72	50.33
209.2	93.51	60.38	50.34
209.4	94.04	61.0	50.35
209.6	94.49	61.53	50.36
209.8	94.77	61.7	50.37
210.0	94.87	61.54	50.38
210.2	94.89	61.3	50.39
210.4	94.85	61.06	50.39
210.6	94.75	61.06	50.4
210.8	94.61	61.27	50.41
211.0	94.52	61.51	50.42
211.2	94.52	61.73	50.43
211.4	94.89	61.85	50.44
211.6	95.41	61.85	50.44
211.8	95.86	61.73	50.45
212.0	96.06	61.43	50.46
212.2	95.74	60.82	50.47
212.4	95.21	60.14	50.49
212.6	94.51	59.44	50.5
212.8	93.68	58.96	50.51
213.0	92.76	58.73	50.52
213.2	91.82	58.56	50.52
213.4	90.89	58.43	50.53
213.6	90.02	58.29	50.54
213.8	89.41	57.85	50.55
214.0	88.9	57.4	50.56
214.2	88.52	57.0	50.57
214.4	88.25	56.69	50.57
214.6	88.19	56.7	50.58
214.8	88.33	57.02	50.59
215.0	88.5	57.39	50.6
215.2	88.62	57.72	50.6
215.4	88.6	57.87	50.6
215.6	88.12	57.53	50.59
215.8	87.57	57.08	50.59
216.0	87.0	56.59	50.58
216.2	86.48	56.12	50.56
216.4	86.18	55.89	50.55
216.6	86.02	55.78	50.53
216.8	86.01	55.78	50.51
217.0	86.16	55.89	50.48
217.2	86.55	56.14	50.46
217.4	87.17	56.53	50.44
217.6	87.94	57.02	50.42
217.8	88.8	57.59	50.4
218.0	89.77	58.25	50.38
218.2	90.84	59.01	50.36
218.4	91.85	59.76	50.34
218.6	92.72	60.47	50.32
218.8	93.24	61.1	50.3
219.0	93.4	61.6	50.28
219.2	93.4	61.91	50.26
219.4	93.3	62.0	50.24
219.6	93.17	61.37	50.22
219.8	93.04	60.5	50.2
220.0	92.96	59.66	50.18
220.2	92.97	59.03	50.16
220.4	93.34	59.52	50.14
220.6	93.79	60.23	50.12
220.8	94.24	60.99	50.1
221.0	94.62	61.55	50.08
221.2	94.82	61.54	50.06
221.4	94.89	61.35	50.04
221.6	94.78	61.04	50.02
221.8	94.35	60.62	50.0
222.0	93.56	60.15	49.98
222.2	92.65	59.67	49.96
222.4	91.71	59.23	49.94
222.6	90.91	58.99	49.92
222.8	90.47	59.09	49.9
223.0	90.1	59.24	49.88
223.2	89.75	59.4	49.86
223.4	89.38	59.48	49.84
223.6	88.69	59.12	49.82
223.8	87.91	58.57	49.8
224.0	87.21	58.04	49.78
224.2	86.66	57.58	49.76
224.4	86.43	57.43	49.74
224.6	86.55	57.6	49.71
224.8	86.94	57.93	49.69
225.0	87.59	58.4	49.67
225.2	88.66	59.01	49.65
225.4	90.11	59.73	49.63
225.6	91.65	60.51	49.61
225.8	93.16	61.3	49.6
226.0	94.3	62.2	49.63
226.2	95.2	63.04	49.67
226.4	95.96	63.68	49.73
226.6	96.6	64.01	49.78
226.8	97.22	63.23	49.83
227.0	97.73	62.19	49.88
227.2	98.09	61.14	49.92
227.4	98.26	60.39	49.97
227.6	97.94	60.87	50.01
227.8	97.57	61.55	50.05
228.0	97.26	62.21	50.1
228.2	97.35	62.49	50.14
228.4	98.03	62.1	50.19
228.6	98.74	61.53	50.23
228.8	99.3	60.87	50.28
229.0	99.13	60.26	50.34
229.2	98.61	59.71	50.4
229.4	97.9	59.23	50.46
229.6	97.18	58.95	50.52
229.8	96.61	58.98	50.57
230.0	96.0	59.11	50.62
230.2	95.34	59.29	50.67
230.4	94.6	59.47	50.71
230.6	93.46	59.48	50.76
230.8	92.25	59.4	50.8
231.0	91.12	59.25	50.84
231.2	90.13	59.0	50.88
231.4	89.52	58.56	50.92
231.6	89.57	57.74	50.96
231.8	89.81	56.99	50.99
232.0	90.16	56.44	51.01
232.2	90.55	56.24	51.03
232.4	90.77	57.2	51.04
232.6	90.94	58.38	51.04
232.8	91.06	59.58	51.03
233.0	91.1	60.57	51.03
233.2	91.05	60.72	51.02
233.4	90.88	60.62	51.02
233.6	90.59	60.32	51.02
233.8	90.09	59.86	51.01
234.0	89.13	59.24	51.01
234.2	88.13	58.62	51.01
234.4	87.23	58.09	51.01
234.6	86.58	57.78	51.0
234.8	86.64	58.11	51.0
235.0	86.99	58.61	51.0
235.2	87.59	59.2	50.99
235.4	88.44	59.76	50.99
235.6	89.57	60.0	50.99
235.8	90.78	60.22	50.99
236.0	91.99	60.49	50.98
236.2	93.03	60.91	50.98
236.4	93.8	61.55	50.98
236.6	94.41	62.23	50.98
236.8	94.84	62.92	50.97
237.0	95.04	63.55	50.97
237.2	95.05	64.08	50.97
237.4	94.93	64.48	50.96
237.6	94.69	64.7	50.96
237.8	94.27	64.39	50.96
238.0	93.8	63.8	50.96
238.2	93.38	63.16	50.95
238.4	93.1	62.58	50.95
238.6	93.3	62.46	50.95
238.8	93.84	62.68	50.94
239.0	94.49	63.02	50.94
239.2	95.17	63.42	50.94
239.4	95.77	63.89	50.94
239.6	96.22	64.32	50.93
239.8	96.51	64.63	50.93
240.0	96.57	64.74	50.93
240.2	96.01	64.21	50.93
240.4	95.06	63.28	50.92
240.6	94.03	62.27	50.92
240.8	93.04	61.32	50.92
241.0	92.55	60.98	50.91
241.2	92.51	61.13	50.91
241.4	92.61	61.39	50.91
241.6	92.79	61.65	50.91
241.8	92.94	61.67	50.9
242.0	92.97	61.17	50.9
242.2	92.94	60.59	50.9
242.4	92.82	60.0	50.89
242.6	92.55	59.5	50.89
242.8	91.99	59.37	50.89
243.0	91.32	59.33	50.89
243.2	90.59	59.34	50.88
243.4	89.83	59.38	50.88
243.6	89.0	59.34	50.88
243.8	88.21	59.26	50.88
244.0	87.57	59.18	50.87
244.2	87.15	59.12	50.87
244.4	87.23	59.01	50.87
244.6	87.85	58.89	50.86
244.8	88.63	58.85	50.86
245.0	89.48	58.92	50.86
245.2	90.19	59.26	50.86
245.4	90.67	59.92	50.85
245.6	91.07	60.64	50.85
245.8	91.39	61.33	50.85
246.0	91.68	61.8	50.84
246.2	91.92	62.05	50.84
246.4	92.04	62.15	50.84
246.6	92.0	62.1	50.84
246.8	91.51	61.68	50.83
247.0	90.76	61.07	50.83
247.2	90.05	60.54	50.83
247.4	89.52	60.21	50.82
247.6	89.65	60.8	50.82
247.8	90.16	61.75	50.81
248.0	90.89	62.75	50.81
248.2	91.79	63.61	50.81
248.4	92.85	63.83	50.83
248.6	93.93	63.77	50.84
248.8	94.93	63.42	50.86
249.0	95.7	62.56	50.89
249.2	96.13	61.19	50.92
249.4	96.36	59.86	50.96
249.6	96.41	58.79	51.0
249.8	96.12	58.98	51.03
250.0	95.65	59.93	51.07
250.2	95.19	61.13	51.1
250.4	94.83	62.35	51.13
250.6	95.03	62.79	51.17
250.8	95.53	62.86	51.2
251.0	96.16	62.86	51.23
251.2	96.85	62.87	51.26
251.4	97.47	63.23	51.3
251.6	98.02	63.77	51.33
251.8	98.5	64.35	51.36
252.0	98.89	64.94	51.4
252.2	99.07	65.57	51.43
252.4	99.13	66.11	51.46
252.6	99.1	66.48	51.49
252.8	98.99	66.61	51.52
253.0	98.98	66.21	51.55
253.2	98.86	65.51	51.59
253.4	98.57	64.55	51.62
253.6	97.97	63.28	51.65
253.8	96.88	61.55	51.69
254.0	95.63	59.88	51.72
254.2	94.33	58.47	51.76
254.4	93.09	58.15	51.79
254.6	91.98	58.67	51.83
254.8	91.04	59.43	51.86
255.0	90.36	60.21	51.89
255.2	90.28	60.18	51.93
255.4	90.57	59.76	51.96
255.6	91.01	59.31	51.99
255.8	91.51	58.96	52.02
256.0	91.81	59.27	52.03
256.2	92.03	59.76	52.03
256.4	92.15	60.29	52.03
256.6	92.13	60.72	52.02
256.8	91.87	60.79	52.02
257.0	91.5	60.78	52.03
257.2	91.07	60.74	52.03
257.4	90.54	60.78	52.03
257.6	89.95	60.95	52.03
257.8	89.46	61.1	52.03
258.0	89.16	61.2	52.03
258.2	89.41	61.07	52.03
258.4	90.17	60.74	52.03
258.6	91.06	60.42	52.03
258.8	91.96	60.21	52.03
259.0	92.53	60.49	52.04
259.2	92.85	61.06	52.04
259.4	93.03	61.6	52.04
259.6	93.1	61.97	52.04
259.8	93.05	61.36	52.04
260.0	92.91	60.51	52.04
260.2	92.72	59.63	52.04
260.4	92.49	58.87	52.04
260.6	92.12	58.87	52.04
260.8	91.79	59.19	52.04
261.0	91.59	59.73	52.05
261.2	91.57	60.45	52.05
261.4	92.16	61.48	52.05
261.6	93.01	62.57	52.05
261.8	93.98	63.57	52.05
262.0	94.98	64.39	52.05
262.2	95.85	64.42	52.05
262.4	96.62	64.21	52.05
262.6	97.24	63.86	52.04
262.8	97.61	63.52	52.02
263.0	97.53	63.49	51.97
263.2	97.24	63.48	51.92
263.4	96.81	63.45	51.86
263.6	96.27	63.32	51.79
263.8	95.64	62.96	51.74
264.0	95.04	62.55	51.68
264.2	94.51	62.14	51.63
264.4	94.14	61.77	51.57
264.6	94.42	61.62	51.52
264.8	94.83	61.53	51.46
265.0	95.26	61.48	51.4
265.2	95.61	61.45	51.35
265.4	95.51	61.45	51.29
265.6	95.15	61.43	51.24
265.8	94.66	61.35	51.18
266.0	94.07	61.18	51.13
266.2	93.37	60.72	51.07
266.4	92.63	60.05	51.01
266.6	91.95	59.34	50.96
266.8	91.39	58.65	50.9
267.0	91.13	58.1	50.85
267.2	91.45	57.83	50.79
267.4	91.89	57.68	50.74
267.6	92.36	57.67	50.68
267.8	92.77	57.79	50.63
268.0	92.76	58.19	50.57
268.2	92.6	58.68	50.51
268.4	92.33	59.18	50.46
268.6	91.96	59.65	50.4
268.8	91.35	59.76	50.35
269.0	90.7	59.76	50.29
269.2	90.11	59.74	50.24
269.4	89.65	59.77	50.18
269.6	89.65	60.16	50.12
269.8	90.03	60.79	50.07
270.0	90.57	61.38	50.01
270.2	91.2	61.82	49.96
270.4	91.82	61.65	49.9
270.6	92.38	60.82	49.85
270.8	92.93	60.0	49.79
271.0	93.47	59.38	49.73
271.2	94.02	59.63	49.68
271.4	94.57	61.0	49.62
271.6	95.03	62.53	49.57
271.8	95.34	63.98	49.51
272.0	95.26	64.62	49.46
272.2	94.82	64.43	49.4
272.4	94.38	64.06	49.35
272.6	94.07	63.66	49.29
272.8	94.42	63.98	49.23
273.0	95.07	64.46	49.18
273.2	95.8	64.76	49.12
273.4	96.5	64.46	49.06
273.6	97.06	63.23	49.0
273.8	97.41	61.74	48.94
274.0	97.45	60.18	48.9
274.2	96.63	58.86	48.89
274.4	95.48	57.76	48.9
274.6	94.2	56.98	48.91
274.8	93.01	56.74	48.94
275.0	92.42	57.76	48.97
275.2	91.97	59.04	49.0
275.4	91.64	60.35	49.03
275.6	91.39	61.44	49.07
275.8	91.22	61.1	49.1
276.0	91.07	60.19	49.13
276.2	90.86	59.07	49.17
276.4	90.57	57.87	49.2
276.6	89.92	57.08	49.23
276.8	88.98	56.67	49.26
277.0	87.98	56.35	49.3
277.2	86.98	56.11	49.33
277.4	86.05	55.86	49.36
277.6	85.27	55.28	49.39
277.8	84.7	54.8	49.42
278.0	84.38	54.49	49.44
278.2	84.4	54.44	49.47
278.4	85.11	55.1	49.5
278.6	86.38	56.31	49.53
278.8	87.84	57.67	49.56
279.0	89.36	59.04	49.57
279.2	90.71	60.12	49.58
279.4	91.83	60.88	49.58
279.6	92.78	61.47	49.57
279.8	93.53	61.92	49.54
280.0	93.87	62.1	49.48
280.2	93.95	62.14	49.4
280.4	93.93	62.13	49.32
280.6	93.87	62.16	49.23
280.8	93.92	62.46	49.15
281.0	94.08	62.88	49.07
281.2	94.39	63.36	48.99
281.4	94.91	63.9	48.91
281.6	95.95	64.7	48.83
281.8	97.14	65.39	48.75
282.0	98.39	65.86	48.67
282.2	99.61	65.68	48.59
282.4	100.69	64.6	48.51
282.6	101.6	63.45	48.43
282.8	102.3	62.5	48.35
283.0	102.55	62.87	48.27
283.2	102.44	64.03	48.2
283.4	102.1	65.33	48.12
283.6	101.59	66.47	48.04
283.8	100.84	66.17	47.96
284.0	100.03	65.41	47.88
284.2	99.29	64.53	47.8
284.4	98.72	63.71	47.72
284.6	98.81	63.77	47.64
284.8	99.21	64.18	47.56
285.0	99.74	64.7	47.48
285.2	100.32	65.23	47.4
285.4	100.75	65.57	47.32
285.6	101.1	65.74	47.24
285.8	101.33	65.72	47.16
286.0	101.43	65.47	47.08
286.2	101.3	64.79	47.0
286.4	101.0	63.82	46.92
286.6	100.51	62.58	46.84
286.8	99.84	61.1	46.76
287.0	98.76	59.01	46.68
287.2	97.53	56.78	46.6
287.4	96.31	54.66	46.52
287.6	95.19	52.86	46.45
287.8	94.55	52.04	46.37
