0.2	86.88	55.2	38.28
0.4	86.5	54.98	38.32
0.6	86.32	54.96	38.33
0.8	86.3	55.1	38.33
1.0	86.43	55.38	38.31
1.2	86.68	55.78	38.27
1.4	87.03	56.27	38.22
1.6	87.46	56.82	38.16
1.8	87.94	57.41	38.09
2.0	88.46	58.01	38.0
2.2	88.98	58.58	37.91
2.4	89.49	59.11	37.82
2.6	89.96	59.58	37.72
2.8	90.38	59.97	37.62
3.0	90.73	60.25	37.52
3.2	90.88	60.27	37.42
3.4	90.92	60.17	37.32
3.6	90.9	60.0	37.22
3.8	90.83	59.78	37.12
4.0	90.71	59.56	37.02
4.2	90.56	59.41	36.92
4.4	90.41	59.27	36.82
4.6	90.29	59.14	36.73
4.8	90.21	59.03	36.63
5.0	90.25	58.95	36.53
5.2	90.41	58.89	36.43
5.4	90.63	58.87	36.33
5.6	90.9	58.9	36.26
5.8	91.21	58.98	36.21
6.0	91.6	59.22	36.21
6.2	91.99	59.49	36.23
6.4	92.36	59.76	36.26
6.6	92.69	59.99	36.31
6.8	92.91	60.09	36.34
7.0	93.01	60.07	36.37
7.2	93.03	59.99	36.4
7.4	92.97	59.83	36.43
7.6	92.81	59.62	36.46
7.8	92.49	59.33	36.48
8.0	92.09	58.98	36.51
8.2	91.63	58.6	36.54
8.4	91.12	58.19	36.57
8.6	90.6	57.76	36.59
8.8	90.04	57.25	36.62
9.0	89.49	56.75	36.64
9.2	88.99	56.29	36.66
9.4	88.56	55.91	36.68
9.6	88.21	55.63	36.7
9.8	88.12	55.62	36.71
10.0	88.15	55.75	36.72
10.2	88.26	55.97	36.73
10.4	88.45	56.27	36.73
10.6	88.69	56.61	36.74
10.8	88.96	56.97	36.75
11.0	89.27	57.36	36.75
11.2	89.58	57.75	36.76
11.4	89.88	58.15	36.77
11.6	90.15	58.54	36.78
11.8	90.37	58.9	36.78
12.0	90.56	59.22	36.79
12.2	90.71	59.5	36.8
12.4	90.81	59.72	36.81
12.6	90.84	59.81	36.81
12.8	90.83	59.84	36.82
13.0	90.77	59.82	36.83
13.2	90.67	59.73	36.84
13.4	90.49	59.55	36.84
13.6	90.21	59.25	36.85
13.8	89.94	58.96	36.86
14.0	89.73	58.73	36.86
14.2	89.61	58.6	36.87
14.4	89.81	58.83	36.88
14.6	90.16	59.22	36.89
14.8	90.59	59.69	36.89
15.0	91.08	60.21	36.9
15.2	91.6	60.73	36.91
15.4	92.12	61.2	36.91
15.6	92.6	61.62	36.92
15.8	93.01	61.96	36.93
16.0	93.31	62.16	36.94
16.2	93.37	62.11	36.95
16.4	93.32	61.94	36.95
16.6	93.17	61.68	36.96
16.8	92.95	61.35	36.97
17.0	92.67	60.98	36.98
17.2	92.35	60.57	36.98
17.4	91.98	60.14	36.99
17.6	91.59	59.69	37.0
17.8	91.17	59.23	37.01
18.0	90.71	58.75	37.01
18.2	90.28	58.31	37.02
18.4	89.9	57.92	37.03
18.6	89.6	57.62	37.03
18.8	89.5	57.5	37.03
19.0	89.57	57.55	37.03
19.2	89.73	57.7	37.02
19.4	89.94	57.94	37.0
19.6	90.19	58.25	36.98
19.8	90.41	58.65	36.94
20.0	90.64	59.09	36.9
20.2	90.87	59.54	36.85
20.4	91.1	59.97	36.8
20.6	91.33	60.35	36.76
20.8	91.56	60.67	36.71
21.0	91.74	60.93	36.66
21.2	91.86	61.1	36.62
21.4	91.87	61.14	36.57
21.6	91.72	61.0	36.53
21.8	91.52	60.78	36.48
22.0	91.27	60.49	36.44
22.2	91.0	60.17	36.39
22.4	90.73	59.79	36.34
22.6	90.48	59.42	36.29
22.8	90.27	59.08	36.24
23.0	90.12	58.82	36.2
23.2	90.11	58.75	36.17
23.4	90.27	58.92	36.16
23.6	90.49	59.17	36.16
23.8	90.76	59.47	36.17
24.0	91.04	59.79	36.19
24.2	91.27	60.0	36.24
24.4	91.49	60.19	36.3
24.6	91.69	60.36	36.37
24.8	91.86	60.5	36.44
25.0	91.99	60.61	36.51
25.2	92.08	60.7	36.57
25.4	92.12	60.75	36.64
25.6	92.11	60.75	36.7
25.8	92.02	60.69	36.76
26.0	91.8	60.54	36.82
26.2	91.52	60.34	36.89
26.4	91.2	60.11	36.94
26.6	90.83	59.85	37.0
26.8	90.39	59.55	37.06
27.0	89.89	59.22	37.13
27.2	89.42	58.92	37.18
27.4	89.04	58.69	37.23
27.6	88.77	58.56	37.27
27.8	88.86	58.7	37.29
28.0	89.12	58.98	37.3
28.2	89.47	59.34	37.29
28.4	89.9	59.77	37.28
28.6	90.32	60.26	37.25
28.8	90.73	60.77	37.22
29.0	91.13	61.26	37.19
29.2	91.49	61.71	37.15
29.4	91.8	62.06	37.11
29.6	91.98	62.2	37.07
29.8	92.1	62.25	37.04
30.0	92.16	62.23	37.0
30.2	92.17	62.14	36.97
30.4	92.1	61.96	36.93
30.6	91.98	61.73	36.9
30.8	91.83	61.49	36.86
31.0	91.65	61.25	36.83
31.2	91.43	61.05	36.79
31.4	91.14	60.89	36.72
31.6	90.89	60.83	36.67
31.8	90.74	60.88	36.65
32.0	90.73	61.07	36.65
32.2	91.18	61.77	36.76
32.4	91.75	62.55	36.91
32.6	92.36	63.32	37.07
32.8	92.95	63.99	37.26
33.0	93.28	64.13	37.42
33.2	93.5	64.07	37.59
33.4	93.64	63.91	37.76
33.6	93.71	63.67	37.92
33.8	93.72	63.53	38.09
34.0	93.66	63.43	38.25
34.2	93.55	63.3	38.41
34.4	93.41	63.17	38.57
34.6	93.23	63.0	38.73
34.8	93.03	62.79	38.89
35.0	92.82	62.57	39.05
35.2	92.59	62.35	39.2
35.4	92.35	62.12	39.36
35.6	92.09	61.86	39.51
35.8	91.86	61.63	39.66
36.0	91.67	61.44	39.8
36.2	91.55	61.32	39.93
36.4	91.63	61.4	40.02
36.6	91.79	61.54	40.09
36.8	91.98	61.72	40.16
37.0	92.18	61.9	40.22
37.2	92.35	62.02	40.29
37.4	92.47	62.09	40.36
37.6	92.54	62.11	40.44
37.8	92.52	62.06	40.51
38.0	92.32	61.83	40.59
38.2	91.97	61.47	40.66
38.4	91.56	61.08	40.73
38.6	91.12	60.69	40.8
38.8	90.7	60.35	40.87
39.0	90.37	60.17	40.94
39.2	90.09	60.05	41.01
39.4	89.85	59.98	41.07
39.6	89.66	59.99	41.14
39.8	89.55	60.03	41.2
40.0	89.51	60.14	41.27
40.2	89.54	60.31	41.34
40.4	89.64	60.55	41.41
40.6	89.83	60.89	41.48
40.8	90.18	61.45	41.54
41.0	90.56	62.03	41.61
41.2	90.96	62.59	41.68
41.4	91.34	63.1	41.75
41.6	91.64	63.38	41.82
41.8	91.86	63.52	41.89
42.0	91.99	63.56	41.97
42.2	92.03	63.5	42.04
42.4	91.89	63.34	42.11
42.6	91.57	63.07	42.18
42.8	91.16	62.75	42.24
43.0	90.68	62.37	42.31
43.2	90.14	61.96	42.38
43.4	89.51	61.44	42.45
43.6	88.9	60.94	42.51
43.8	88.36	60.52	42.58
44.0	87.93	60.22	42.65
44.2	87.83	60.28	42.71
44.4	87.98	60.6	42.78
44.6	88.25	61.0	42.85
44.8	88.59	61.42	42.92
45.0	88.94	61.79	42.99
45.2	89.25	62.03	43.06
45.4	89.56	62.15	43.13
45.6	89.85	62.12	43.2
45.8	90.07	61.7	43.27
46.0	90.19	60.6	43.34
46.2	90.3	59.56	43.41
46.4	90.41	58.78	43.48
46.6	90.56	58.58	43.55
46.8	90.86	60.33	43.61
47.0	91.19	62.48	43.68
47.2	91.54	64.76	43.74
47.4	91.88	66.9	43.8
47.6	92.19	67.9	43.87
47.8	92.46	68.37	43.94
48.0	92.7	68.54	44.0
48.2	92.88	68.47	44.07
48.4	92.91	68.21	44.14
48.6	92.89	67.83	44.2
48.8	92.9	67.38	44.27
49.0	92.99	66.96	44.35
49.2	93.34	66.73	44.42
49.4	93.72	66.53	44.49
49.6	94.08	66.33	44.57
49.8	94.33	66.12	44.64
50.0	94.41	65.89	44.72
50.2	94.37	65.59	44.8
50.4	94.19	65.22	44.87
50.6	93.83	64.68	44.95
50.8	93.24	63.9	45.03
51.0	92.54	63.06	45.11
51.2	91.79	62.19	45.19
51.4	91.0	61.34	45.27
51.6	90.37	60.73	45.34
51.8	89.78	60.23	45.41
52.0	89.22	59.78	45.47
52.2	88.67	59.39	45.54
52.4	88.14	59.04	45.6
52.6	87.51	58.57	45.66
52.8	86.9	58.12	45.72
53.0	86.36	57.77	45.78
53.2	85.93	57.57	45.83
53.4	85.65	57.55	45.88
53.6	85.76	58.04	45.9
53.8	86.01	58.7	45.91
54.0	86.38	59.45	45.92
54.2	86.82	60.25	45.92
54.4	87.29	60.95	45.93
54.6	87.77	61.54	45.94
54.8	88.25	62.09	45.95
55.0	88.71	62.59	45.96
55.2	89.11	63.02	45.98
55.4	89.39	63.37	45.99
55.6	89.62	63.66	46.0
55.8	89.79	63.9	46.01
56.0	89.91	64.09	46.02
56.2	89.98	64.27	46.03
56.4	90.0	64.41	46.04
56.6	89.97	64.5	46.05
56.8	89.9	64.55	46.06
57.0	89.71	64.45	46.08
57.2	89.42	64.23	46.09
57.4	89.17	64.04	46.1
57.6	88.99	63.91	46.11
57.8	88.96	63.9	46.12
58.0	89.34	64.37	46.12
58.2	89.86	64.94	46.12
58.4	90.47	65.56	46.12
58.6	91.14	66.19	46.12
58.8	91.82	66.64	46.12
59.0	92.49	66.99	46.11
59.2	93.11	67.28	46.11
59.4	93.65	67.51	46.1
59.6	94.0	67.71	46.09
59.8	94.18	67.86	46.09
60.0	94.24	67.92	46.08
60.2	94.2	67.89	46.07
60.4	94.06	67.73	46.07
60.6	93.84	67.39	46.06
60.8	93.54	66.95	46.06
61.0	93.16	66.43	46.05
61.2	92.71	65.84	46.04
61.4	92.07	65.15	46.04
61.6	91.36	64.42	46.03
61.8	90.65	63.71	46.03
62.0	90.0	63.06	46.02
62.2	89.47	62.54	46.01
62.4	89.26	62.3	46.01
62.6	89.17	62.17	46.0
62.8	89.19	62.16	46.0
63.0	89.3	62.24	45.99
63.2	89.47	62.43	45.98
63.4	89.7	62.71	45.98
63.6	89.97	63.03	45.97
63.8	90.29	63.34	45.97
64.0	90.64	63.61	45.96
64.2	91.03	63.71	45.95
64.4	91.43	63.76	45.95
64.6	91.82	63.78	45.94
64.8	92.16	63.76	45.94
65.0	92.42	63.76	45.93
65.2	92.6	63.75	45.92
65.4	92.71	63.73	45.92
65.6	92.74	63.66	45.91
65.8	92.68	63.55	45.9
66.0	92.37	63.25	45.9
66.2	92.03	62.93	45.89
66.4	91.71	62.65	45.89
66.6	91.44	62.44	45.88
66.8	91.38	62.44	45.87
67.0	91.52	62.62	45.87
67.2	91.77	62.9	45.86
67.4	92.11	63.25	45.86
67.6	92.56	63.66	45.85
67.8	93.13	64.11	45.84
68.0	93.71	64.58	45.83
68.2	94.27	65.05	45.83
68.4	94.76	65.54	45.82
68.6	95.09	66.06	45.81
68.8	95.3	66.51	45.8
69.0	95.36	66.83	45.78
69.2	95.25	66.98	45.77
69.4	94.74	66.58	45.76
69.6	94.08	65.99	45.75
69.8	93.31	65.31	45.74
70.0	92.48	64.6	45.73
70.2	91.67	64.02	45.72
70.4	90.92	63.65	45.71
70.6	90.24	63.37	45.7
70.8	89.65	63.19	45.69
71.0	89.19	63.12	45.68
71.2	89.0	63.21	45.67
71.4	89.09	63.46	45.66
71.6	89.29	63.79	45.65
71.8	89.57	64.18	45.64
72.0	89.9	64.61	45.63
72.2	90.24	65.1	45.62
72.4	90.56	65.56	45.61
72.6	90.84	65.96	45.61
72.8	91.05	66.25	45.6
73.0	91.06	66.22	45.6
73.2	90.92	65.95	45.59
73.4	90.68	65.59	45.59
73.6	90.37	65.17	45.59
73.8	89.99	64.76	45.58
74.0	89.51	64.49	45.58
74.2	89.02	64.26	45.57
74.4	88.57	64.09	45.57
74.6	88.19	63.97	45.57
74.8	87.94	63.9	45.56
75.0	87.88	63.88	45.56
75.2	87.97	63.97	45.57
75.4	88.2	64.19	45.57
75.6	88.61	64.58	45.58
75.8	89.43	65.42	45.61
76.0	90.35	66.35	45.63
76.2	91.29	67.29	45.67
76.4	92.18	68.16	45.7
76.6	92.76	68.67	45.73
76.8	93.18	68.98	45.76
77.0	93.46	69.14	45.79
77.2	93.61	69.14	45.83
77.4	93.6	68.95	45.86
77.6	93.45	68.61	45.89
77.8	93.2	68.19	45.92
78.0	92.87	67.71	45.94
78.2	92.45	67.21	45.97
78.4	91.88	66.7	46.01
78.6	91.34	66.26	46.04
78.8	90.91	65.92	46.06
79.0	90.65	65.72	46.09
79.2	90.95	65.95	46.1
79.4	91.54	66.4	46.11
79.6	92.24	66.93	46.12
79.8	92.97	67.48	46.11
80.0	93.6	67.91	46.1
80.2	94.08	68.21	46.08
80.4	94.44	68.42	46.05
80.6	94.68	68.51	46.01
80.8	94.66	68.39	45.98
81.0	94.36	68.04	45.95
81.2	93.93	67.61	45.92
81.4	93.41	67.13	45.88
81.6	92.83	66.67	45.85
81.8	92.28	66.44	45.82
82.0	91.74	66.23	45.79
82.2	91.2	66.05	45.75
82.4	90.7	65.88	45.72
82.6	90.23	65.64	45.69
82.8	89.81	65.27	45.65
83.0	89.47	64.95	45.62
83.2	89.25	64.74	45.58
83.4	89.16	64.67	45.56
83.6	89.42	65.08	45.54
83.8	89.81	65.67	45.53
84.0	90.28	66.34	45.53
84.2	90.78	67.02	45.53
84.4	91.22	67.57	45.54
84.6	91.57	67.97	45.55
84.8	91.87	68.28	45.57
85.0	92.09	68.5	45.59
85.2	92.2	68.61	45.61
85.4	92.14	68.59	45.62
85.6	91.99	68.47	45.64
85.8	91.75	68.25	45.65
86.0	91.45	67.96	45.67
86.2	90.99	67.46	45.69
86.4	90.49	66.88	45.7
86.6	90.01	66.33	45.71
86.8	89.62	65.87	45.73
87.0	89.41	65.63	45.74
87.2	89.52	65.78	45.76
87.4	89.76	66.07	45.78
87.6	90.15	66.48	45.79
87.8	90.65	66.97	45.81
88.0	91.38	67.55	45.82
88.2	92.16	68.14	45.84
88.4	92.93	68.7	45.86
88.6	93.62	69.19	45.87
88.8	94.02	69.44	45.89
89.0	94.25	69.55	45.91
89.2	94.37	69.56	45.92
89.4	94.38	69.46	45.94
89.6	94.3	69.24	45.96
89.8	94.14	68.91	45.98
90.0	93.92	68.55	45.99
90.2	93.63	68.16	46.01
90.4	93.3	67.8	46.03
90.6	92.92	67.6	46.04
90.8	92.52	67.42	46.06
91.0	92.12	67.25	46.07
91.2	91.71	67.07	46.09
91.4	91.3	66.8	46.1
91.6	90.88	66.39	46.12
91.8	90.54	66.02	46.13
92.0	90.29	65.74	46.14
92.2	90.18	65.58	46.15
92.4	90.45	65.87	46.15
92.6	90.86	66.31	46.15
92.8	91.33	66.81	46.15
93.0	91.81	67.32	46.15
93.2	92.17	67.67	46.15
93.4	92.4	67.9	46.14
93.6	92.57	68.05	46.14
93.8	92.66	68.12	46.14
94.0	92.63	68.07	46.13
94.2	92.48	67.86	46.13
94.4	92.26	67.61	46.13
94.6	92.0	67.33	46.13
94.8	91.7	67.05	46.12
95.0	91.43	66.95	46.12
95.2	91.16	66.87	46.12
95.4	90.88	66.79	46.12
95.6	90.61	66.68	46.11
95.8	90.29	66.43	46.11
96.0	89.93	65.99	46.1
96.2	89.64	65.59	46.1
96.4	89.49	65.3	46.1
96.6	89.55	65.22	46.1
96.8	90.09	65.69	46.12
97.0	90.8	66.31	46.15
97.2	91.62	67.03	46.18
97.4	92.5	67.78	46.21
97.6	93.31	68.35	46.24
97.8	94.09	68.89	46.27
98.0	94.83	69.38	46.3
98.2	95.5	69.83	46.33
98.4	96.0	70.25	46.36
98.6	96.4	70.62	46.39
98.8	96.72	70.93	46.42
99.0	96.96	71.18	46.45
99.2	97.18	71.4	46.48
99.4	97.32	71.54	46.51
99.6	97.38	71.57	46.54
99.8	97.34	71.49	46.57
100.0	97.05	71.09	46.6
100.2	96.65	70.57	46.63
100.4	96.27	70.06	46.66
100.6	95.96	69.63	46.69
100.8	96.1	69.76	46.72
101.0	96.3	69.97	46.75
101.2	96.48	70.17	46.79
101.4	96.51	70.18	46.82
101.6	96.17	69.76	46.86
101.8	95.69	69.2	46.89
102.0	95.1	68.54	46.93
102.2	94.41	67.85	46.96
102.4	93.64	67.25	47.0
102.6	92.84	66.66	47.03
102.8	92.02	66.1	47.06
103.0	91.2	65.58	47.09
103.2	90.45	65.14	47.12
103.4	89.84	64.83	47.15
103.6	89.27	64.56	47.18
103.8	88.76	64.35	47.21
104.0	88.29	64.17	47.23
104.2	87.85	64.0	47.26
104.4	87.44	63.81	47.29
104.6	87.08	63.65	47.32
104.8	86.77	63.54	47.35
105.0	86.52	63.49	47.38
105.2	86.27	63.47	47.4
105.4	86.07	63.51	47.43
105.6	86.01	63.67	47.46
105.8	86.13	63.98	47.48
106.0	86.57	64.55	47.49
106.2	87.45	65.49	47.5
106.4	88.5	66.53	47.49
106.6	89.64	67.61	47.48
106.8	90.8	68.64	47.45
107.0	91.84	69.47	47.42
107.2	92.83	70.2	47.37
107.4	93.73	70.81	47.33
107.6	94.52	71.24	47.28
107.8	95.07	71.39	47.23
108.0	95.51	71.41	47.19
108.2	95.84	71.33	47.15
108.4	96.08	71.21	47.1
108.6	96.21	71.1	47.06
108.8	96.28	70.99	47.01
109.0	96.31	70.92	46.97
109.2	96.34	70.88	46.93
109.4	96.45	71.01	46.88
109.6	96.65	71.29	46.83
109.8	96.85	71.59	46.79
110.0	97.03	71.86	46.74
110.2	97.17	72.08	46.71
110.4	97.09	71.99	46.68
110.6	96.99	71.86	46.67
110.8	96.9	71.71	46.66
111.0	96.85	71.58	46.67
111.2	97.1	71.72	46.69
111.4	97.35	71.86	46.73
111.6	97.56	71.95	46.77
111.8	97.65	71.92	46.82
112.0	97.38	71.53	46.86
112.2	96.98	71.04	46.9
112.4	96.48	70.48	46.94
112.6	95.91	69.9	46.98
112.8	95.34	69.47	47.02
113.0	94.74	69.07	47.06
113.2	94.13	68.7	47.1
113.4	93.53	68.34	47.13
113.6	92.97	68.0	47.17
113.8	92.53	67.67	47.2
114.0	92.1	67.35	47.23
114.2	91.68	67.05	47.27
114.4	91.24	66.75	47.3
114.6	90.71	66.42	47.33
114.8	89.91	65.96	47.37
115.0	89.15	65.56	47.41
115.2	88.51	65.28	47.44
115.4	88.05	65.16	47.47
115.6	88.04	65.46	47.5
115.8	88.47	66.17	47.52
116.0	89.09	66.97	47.53
116.2	89.82	67.79	47.52
116.4	90.6	68.48	47.49
116.6	91.32	68.79	47.4
116.8	92.02	69.01	47.3
117.0	92.67	69.18	47.18
117.2	93.22	69.36	47.06
117.4	93.52	69.7	46.94
117.6	93.73	70.04	46.81
117.8	93.85	70.37	46.69
118.0	93.91	70.67	46.56
118.2	93.91	70.84	46.43
118.4	93.89	70.96	46.3
118.6	93.86	71.04	46.18
118.8	93.84	71.11	46.07
119.0	93.85	71.21	45.97
119.2	93.92	71.31	45.9
119.4	94.05	71.42	45.85
119.6	94.28	71.54	45.83
119.8	94.77	71.67	45.86
120.0	95.31	71.81	45.92
120.2	95.85	71.98	45.99
120.4	96.34	72.24	46.06
120.6	96.73	72.65	46.12
120.8	96.96	72.95	46.18
121.0	96.96	73.05	46.25
121.2	96.43	72.52	46.32
121.4	95.47	71.47	46.39
121.6	94.33	70.22	46.46
121.8	93.11	68.91	46.53
122.0	92.07	67.84	46.6
122.2	91.43	67.28	46.66
122.4	90.88	66.84	46.71
122.6	90.38	66.5	46.77
122.8	89.91	66.22	46.82
123.0	89.45	65.97	46.86
123.2	88.66	65.44	46.92
123.4	87.88	64.91	46.98
123.6	87.16	64.45	47.03
123.8	86.53	64.09	47.07
124.0	86.05	63.86	47.12
124.2	85.9	63.94	47.15
124.4	85.97	64.22	47.17
124.6	86.2	64.63	47.18
124.8	86.57	65.15	47.18
125.0	87.11	65.77	47.18
125.2	87.87	66.56	47.15
125.4	88.7	67.36	47.12
125.6	89.53	68.11	47.08
125.8	90.3	68.77	47.03
126.0	90.83	69.12	46.98
126.2	91.19	69.25	46.94
126.4	91.42	69.25	46.89
126.6	91.53	69.13	46.84
126.8	91.47	68.91	46.79
127.0	91.21	68.58	46.75
127.2	90.85	68.2	46.7
127.4	90.44	67.77	46.65
127.6	90.01	67.32	46.6
127.8	89.59	66.83	46.56
128.0	89.21	66.34	46.51
128.2	88.92	65.93	46.46
128.4	88.75	65.65	46.41
128.6	88.74	65.53	46.37
128.8	89.18	65.93	46.32
129.0	89.88	66.62	46.27
129.2	90.67	67.38	46.23
129.4	91.5	68.14	46.19
129.6	92.25	68.74	46.16
129.8	92.81	68.98	46.15
130.0	93.28	69.1	46.15
130.2	93.68	69.13	46.15
130.4	93.99	69.07	46.15
130.6	94.18	68.97	46.15
130.8	94.28	68.82	46.14
131.0	94.28	68.63	46.14
131.2	94.19	68.39	46.13
131.4	94.01	68.11	46.13
131.6	93.63	67.77	46.12
131.8	93.18	67.42	46.12
132.0	92.72	67.07	46.12
132.2	92.26	66.74	46.11
132.4	91.85	66.45	46.11
132.6	91.58	66.25	46.1
132.8	91.41	66.12	46.1
133.0	91.33	66.07	46.09
133.2	91.37	66.09	46.09
133.4	91.58	66.23	46.09
133.6	92.11	66.6	46.08
133.8	92.71	67.01	46.08
134.0	93.3	67.41	46.07
134.2	93.83	67.77	46.07
134.4	94.07	67.91	46.06
134.6	94.13	67.91	46.06
134.8	94.06	67.83	46.06
135.0	93.89	67.68	46.05
135.2	93.62	67.47	46.05
135.4	93.26	67.22	46.04
135.6	92.83	66.93	46.04
135.8	92.34	66.6	46.03
136.0	91.79	66.23	46.03
136.2	91.15	65.77	46.03
136.4	90.4	65.19	46.02
136.6	89.68	64.65	46.02
136.8	89.04	64.19	46.01
137.0	88.54	63.88	46.01
137.2	88.35	63.9	46.0
137.4	88.55	64.35	46.0
137.6	88.91	64.94	46.0
137.8	89.38	65.6	45.99
138.0	89.94	66.28	45.99
138.2	90.55	66.82	45.98
138.4	91.17	67.28	45.98
138.6	91.76	67.68	45.98
138.8	92.27	68.0	45.98
139.0	92.55	68.18	45.98
139.2	92.6	68.22	45.98
139.4	92.55	68.19	45.98
139.6	92.43	68.1	45.98
139.8	92.28	67.96	45.98
140.0	92.23	67.86	45.98
140.2	92.15	67.71	45.98
140.4	92.04	67.52	45.98
140.6	91.89	67.29	45.98
140.8	91.55	66.87	45.98
141.0	91.06	66.31	45.98
141.2	90.62	65.8	45.97
141.4	90.27	65.42	45.98
141.6	90.09	65.22	45.98
141.8	90.55	65.8	45.99
142.0	91.18	66.57	46.01
142.2	91.89	67.4	46.03
142.4	92.61	68.19	46.05
142.6	93.13	68.62	46.07
142.8	93.46	68.69	46.1
143.0	93.68	68.65	46.12
143.2	93.79	68.51	46.14
143.4	93.77	68.35	46.16
143.6	93.56	68.25	46.18
143.8	93.27	68.12	46.2
144.0	92.92	67.96	46.22
144.2	92.54	67.77	46.24
144.4	92.22	67.55	46.26
144.6	91.95	67.3	46.28
144.8	91.67	67.03	46.3
145.0	91.37	66.75	46.32
145.2	91.06	66.46	46.33
145.4	90.55	66.08	46.35
145.6	89.95	65.66	46.37
145.8	89.43	65.33	46.39
146.0	89.08	65.15	46.41
146.2	88.95	65.15	46.42
146.4	89.58	65.78	46.43
146.6	90.42	66.58	46.43
146.8	91.39	67.46	46.43
147.0	92.39	68.35	46.41
147.2	93.24	69.06	46.39
147.4	93.94	69.61	46.34
147.6	94.53	70.03	46.3
147.8	94.99	70.3	46.25
148.0	95.25	70.32	46.2
148.2	95.29	70.09	46.15
148.4	95.19	69.72	46.11
148.6	94.96	69.25	46.06
148.8	94.61	68.73	46.02
149.0	94.04	68.18	45.97
149.2	93.43	67.64	45.93
149.4	92.83	67.16	45.88
149.6	92.3	66.75	45.84
149.8	92.01	66.55	45.79
150.0	92.03	66.6	45.74
150.2	92.18	66.76	45.7
150.4	92.42	67.0	45.65
150.6	92.75	67.29	45.61
150.8	93.24	67.67	45.56
151.0	93.74	68.04	45.52
151.2	94.18	68.37	45.47
151.4	94.51	68.61	45.43
151.6	94.5	68.59	45.38
151.8	94.22	68.36	45.34
152.0	93.8	68.04	45.29
152.2	93.27	67.65	45.25
152.4	92.68	67.22	45.2
152.6	92.08	66.81	45.16
152.8	91.44	66.39	45.11
153.0	90.78	65.96	45.07
153.2	90.11	65.54	45.02
153.4	89.4	65.1	44.97
153.6	88.64	64.64	44.93
153.8	87.95	64.24	44.88
154.0	87.36	63.94	44.84
154.2	86.93	63.77	44.79
154.4	86.83	63.88	44.75
154.6	87.09	64.32	44.7
154.8	87.5	64.87	44.66
155.0	88.01	65.49	44.61
155.2	88.6	66.14	44.57
155.4	89.17	66.76	44.52
155.6	89.74	67.33	44.48
155.8	90.29	67.81	44.43
156.0	90.77	68.19	44.39
156.2	91.09	68.21	44.34
156.4	91.27	67.98	44.3
156.6	91.38	67.72	44.25
156.8	91.46	67.52	44.21
157.0	91.53	67.57	44.16
157.2	91.63	68.13	44.1
157.4	91.74	68.78	44.04
157.6	91.85	69.46	44.0
157.8	91.98	70.09	43.98
158.0	92.08	70.37	44.0
158.2	92.23	70.58	44.04
158.4	92.43	70.76	44.1
158.6	92.71	70.95	44.17
158.8	93.14	71.2	44.24
159.0	93.64	71.47	44.33
159.2	94.2	71.75	44.42
159.4	94.9	72.14	44.51
159.6	95.71	72.61	44.59
159.8	96.38	72.94	44.68
160.0	96.79	73.06	44.78
160.2	96.38	72.47	44.89
160.4	95.5	71.48	45.0
160.6	94.41	70.33	45.11
160.8	93.23	69.13	45.22
161.0	92.52	68.42	45.31
161.2	92.08	68.0	45.39
161.4	91.72	67.69	45.47
161.6	91.39	67.43	45.54
161.8	91.04	67.2	45.62
162.0	90.5	66.81	45.69
162.2	89.65	66.15	45.78
162.4	88.81	65.53	45.87
162.6	88.04	64.99	45.95
162.8	87.39	64.57	46.02
163.0	87.09	64.5	46.06
163.2	87.18	64.83	46.09
163.4	87.42	65.28	46.1
163.6	87.74	65.78	46.1
163.8	88.11	66.3	46.09
164.0	88.4	66.6	46.09
164.2	88.64	66.8	46.08
164.4	88.85	66.96	46.07
164.6	89.03	67.1	46.06
164.8	89.14	67.27	46.05
165.0	89.16	67.52	46.04
165.2	89.13	67.75	46.03
165.4	89.05	67.94	46.02
165.6	88.92	68.07	46.02
165.8	88.72	68.03	46.01
166.0	88.46	67.84	46.0
166.2	88.19	67.63	45.99
166.4	87.95	67.4	45.98
166.6	87.74	67.2	45.97
166.8	87.58	67.09	45.96
167.0	87.51	67.06	45.95
167.2	87.54	67.11	45.94
167.4	87.72	67.28	45.93
167.6	88.2	67.68	45.93
167.8	89.03	68.37	45.92
168.0	89.91	69.09	45.91
168.2	90.75	69.78	45.9
168.4	91.43	70.36	45.89
168.6	91.6	70.56	45.88
168.8	91.59	70.6	45.87
169.0	91.43	70.52	45.86
169.2	91.16	70.31	45.85
169.4	90.84	69.94	45.85
169.6	90.47	69.46	45.84
169.8	90.03	68.93	45.83
170.0	89.56	68.37	45.82
170.2	89.04	67.8	45.81
170.4	88.47	67.34	45.8
170.6	87.88	66.93	45.79
170.8	87.33	66.57	45.78
171.0	86.82	66.28	45.77
171.2	86.4	66.06	45.76
171.4	86.15	65.94	45.76
171.6	86.04	65.91	45.75
171.8	86.04	65.97	45.74
172.0	86.14	66.11	45.73
172.2	86.34	66.36	45.72
172.4	86.74	66.81	45.71
172.6	87.21	67.33	45.7
172.8	87.72	67.87	45.68
173.0	88.21	68.39	45.67
173.2	88.63	68.81	45.66
173.4	88.94	69.11	45.64
173.6	89.18	69.33	45.63
173.8	89.35	69.48	45.61
174.0	89.43	69.55	45.6
174.2	89.35	69.52	45.58
174.4	89.19	69.4	45.57
174.6	88.95	69.22	45.56
174.8	88.66	68.98	45.54
175.0	88.31	68.67	45.53
175.2	87.78	68.12	45.51
175.4	87.28	67.58	45.5
175.6	86.86	67.13	45.48
175.8	86.58	66.82	45.47
176.0	86.61	66.87	45.45
176.2	87.17	67.51	45.44
176.4	87.86	68.28	45.43
176.6	88.63	69.1	45.41
176.8	89.41	69.88	45.39
177.0	89.98	70.3	45.37
177.2	90.43	70.54	45.34
177.4	90.8	70.67	45.31
177.6	91.08	70.69	45.28
177.8	91.22	70.64	45.25
178.0	91.21	70.52	45.22
178.2	91.11	70.32	45.19
178.4	90.94	70.06	45.16
178.6	90.69	69.75	45.13
178.8	90.37	69.34	45.11
179.0	90.0	68.88	45.08
179.2	89.63	68.42	45.05
179.4	89.28	67.97	45.02
179.6	88.98	67.55	44.99
179.8	88.83	67.28	44.95
180.0	88.76	67.07	44.92
180.2	88.77	66.92	44.89
180.4	88.86	66.83	44.86
180.6	89.07	66.83	44.86
180.8	89.43	66.93	44.88
181.0	89.82	67.06	44.91
181.2	90.21	67.18	44.94
181.4	90.57	67.28	44.98
181.6	90.73	67.23	45.01
181.8	90.78	67.1	45.03
182.0	90.77	66.94	45.06
182.2	90.7	66.74	45.09
182.4	90.58	66.53	45.12
182.6	90.4	66.32	45.15
182.8	90.2	66.11	45.18
183.0	89.98	65.89	45.2
183.2	89.75	65.68	45.23
183.4	89.51	65.43	45.26
183.6	89.23	65.12	45.29
183.8	89.02	64.85	45.31
184.0	88.92	64.69	45.34
184.2	88.95	64.65	45.36
184.4	89.3	64.94	45.37
184.6	90.0	65.56	45.38
184.8	90.79	66.26	45.38
185.0	91.61	67.0	45.38
185.2	92.39	67.68	45.37
185.4	92.89	68.1	45.36
185.6	93.3	68.43	45.34
185.8	93.63	68.66	45.32
186.0	93.86	68.8	45.31
186.2	93.99	68.83	45.29
186.4	94.04	68.76	45.27
186.6	94.0	68.61	45.26
186.8	93.87	68.37	45.24
187.0	93.67	68.07	45.23
187.2	93.36	67.68	45.21
187.4	92.98	67.25	45.19
187.6	92.55	66.78	45.18
187.8	92.08	66.29	45.16
188.0	91.51	65.74	45.14
188.2	90.85	65.14	45.12
188.4	90.22	64.59	45.11
188.6	89.7	64.16	45.09
188.8	89.33	63.88	45.08
189.0	89.41	64.01	45.07
189.2	89.81	64.44	45.07
189.4	90.32	65.0	45.08
189.6	90.89	65.61	45.09
189.8	91.42	66.21	45.1
190.0	91.7	66.65	45.12
190.2	91.94	67.03	45.14
190.4	92.15	67.37	45.16
190.6	92.34	67.66	45.18
190.8	92.57	67.85	45.2
191.0	92.8	67.98	45.22
191.2	93.0	68.06	45.23
191.4	93.15	68.08	45.25
191.6	93.24	68.06	45.27
191.8	93.24	67.99	45.29
192.0	93.17	67.89	45.31
192.2	93.05	67.76	45.33
192.4	92.88	67.59	45.34
192.6	92.53	67.32	45.36
192.8	92.12	67.03	45.38
193.0	91.78	66.79	45.4
193.2	91.54	66.64	45.41
193.4	91.58	66.69	45.43
193.6	92.05	67.05	45.45
193.8	92.63	67.5	45.46
194.0	93.27	67.98	45.47
194.2	93.89	68.45	45.49
194.4	94.31	68.83	45.5
194.6	94.68	69.13	45.52
194.8	94.99	69.34	45.53
195.0	95.23	69.43	45.55
195.2	95.36	69.11	45.56
195.4	95.44	68.66	45.58
195.6	95.46	68.2	45.59
195.8	95.45	67.8	45.6
196.0	95.43	67.69	45.62
196.2	95.43	68.05	45.63
196.4	95.4	68.49	45.64
196.6	95.34	68.95	45.65
196.8	95.23	69.36	45.67
197.0	95.04	69.45	45.68
197.2	94.78	69.37	45.69
197.4	94.5	69.19	45.71
197.6	94.2	68.94	45.72
197.8	93.84	68.58	45.73
198.0	93.47	68.17	45.75
198.2	93.16	67.79	45.76
198.4	92.95	67.5	45.77
198.6	93.11	67.62	45.79
198.8	93.46	67.95	45.8
199.0	93.78	68.25	45.82
199.2	93.96	68.41	45.83
199.4	93.53	67.93	45.85
199.6	92.75	67.09	45.87
199.8	91.81	66.11	45.88
200.0	90.78	65.08	45.9
200.2	89.88	64.28	45.92
200.4	89.17	63.79	45.93
200.6	88.5	63.38	45.94
200.8	87.87	63.04	45.96
201.0	87.26	62.75	45.97
201.2	86.66	62.43	45.98
201.4	86.02	62.06	46.0
201.6	85.43	61.71	46.01
201.8	84.89	61.41	46.03
202.0	84.41	61.15	46.04
202.2	83.99	60.92	46.05
202.4	83.58	60.67	46.06
202.6	83.32	60.56	46.07
202.8	83.25	60.64	46.07
203.0	83.41	60.94	46.07
203.2	84.08	61.79	46.07
203.4	85.17	63.08	46.06
203.6	86.4	64.5	46.04
203.8	87.68	65.96	46.02
204.0	88.88	67.3	46.01
204.2	89.8	68.31	45.98
204.4	90.6	69.16	45.96
204.6	91.26	69.82	45.94
204.8	91.75	70.26	45.91
205.0	91.94	70.28	45.89
205.2	91.94	70.06	45.86
205.4	91.82	69.68	45.84
205.6	91.61	69.22	45.82
205.8	91.37	68.74	45.79
206.0	91.18	68.4	45.77
206.2	90.99	68.07	45.75
206.4	90.8	67.75	45.72
206.6	90.63	67.47	45.7
206.8	90.48	67.22	45.68
207.0	90.37	66.98	45.65
207.2	90.32	66.81	45.63
207.4	90.35	66.73	45.6
207.6	90.46	66.74	45.58
207.8	90.81	67.01	45.56
208.0	91.39	67.51	45.55
208.2	91.98	68.04	45.54
208.4	92.53	68.53	45.53
208.6	92.97	68.9	45.52
208.8	92.94	68.78	45.52
209.0	92.77	68.53	45.52
209.2	92.49	68.17	45.53
209.4	92.14	67.74	45.53
209.6	91.79	67.36	45.53
209.8	91.49	67.04	45.54
210.0	91.17	66.72	45.54
210.2	90.84	66.39	45.54
210.4	90.49	66.06	45.54
210.6	90.12	65.71	45.54
210.8	89.74	65.32	45.55
211.0	89.35	64.94	45.55
211.2	88.95	64.57	45.55
211.4	88.55	64.21	45.55
211.6	88.09	63.87	45.55
211.8	87.48	63.46	45.56
212.0	86.93	63.14	45.56
212.2	86.49	62.94	45.56
212.4	86.22	62.89	45.57
212.6	86.27	63.14	45.57
212.8	86.79	63.79	45.58
213.0	87.49	64.59	45.59
213.2	88.3	65.48	45.6
213.4	89.18	66.42	45.61
213.6	90.01	67.29	45.62
213.8	90.82	68.12	45.63
214.0	91.59	68.89	45.64
214.2	92.3	69.58	45.65
214.4	92.86	70.08	45.66
214.6	93.29	70.42	45.67
214.8	93.63	70.65	45.68
215.0	93.9	70.77	45.69
215.2	94.13	70.81	45.7
215.4	94.35	70.81	45.71
215.6	94.5	70.71	45.73
215.8	94.59	70.53	45.74
216.0	94.59	70.25	45.75
216.2	94.37	69.75	45.76
216.4	94.03	69.12	45.77
216.6	93.66	68.48	45.78
216.8	93.31	67.87	45.79
217.0	93.04	67.36	45.8
217.2	93.02	67.17	45.8
217.4	93.12	67.12	45.81
217.6	93.34	67.21	45.82
217.8	93.69	67.44	45.82
218.0	94.25	67.87	45.82
218.2	95.06	68.54	45.81
218.4	95.92	69.24	45.81
218.6	96.75	69.92	45.8
218.8	97.51	70.5	45.78
219.0	97.91	70.68	45.77
219.2	98.17	70.7	45.75
219.4	98.29	70.59	45.73
219.6	98.29	70.36	45.71
219.8	98.13	70.04	45.69
220.0	97.84	69.63	45.67
220.2	97.46	69.15	45.65
220.4	96.99	68.61	45.63
220.6	96.47	68.03	45.61
220.8	95.74	67.28	45.59
221.0	95.03	66.56	45.57
221.2	94.39	65.91	45.56
221.4	93.89	65.41	45.54
221.6	93.68	65.21	45.52
221.8	94.07	65.59	45.5
222.0	94.62	66.12	45.48
222.2	95.25	66.75	45.46
222.4	95.89	67.39	45.44
222.6	96.34	67.89	45.42
222.8	96.63	68.25	45.4
223.0	96.82	68.52	45.38
223.2	96.9	68.7	45.36
223.4	96.84	68.73	45.35
223.6	96.61	68.58	45.33
223.8	96.27	68.32	45.31
224.0	95.83	67.96	45.29
224.2	95.31	67.52	45.27
224.4	94.68	66.96	45.25
224.6	94.0	66.34	45.23
224.8	93.28	65.7	45.21
225.0	92.56	65.08	45.19
225.2	91.86	64.51	45.17
225.4	91.15	64.02	45.16
225.6	90.53	63.64	45.14
225.8	90.03	63.4	45.12
226.0	89.71	63.34	45.1
226.2	89.72	63.58	45.08
226.4	90.17	64.21	45.06
226.6	90.75	64.96	45.04
226.8	91.41	65.77	45.01
227.0	92.06	66.58	44.98
227.2	92.52	67.21	44.94
227.4	92.91	67.75	44.9
227.6	93.21	68.19	44.86
227.8	93.41	68.49	44.82
228.0	93.39	68.5	44.78
228.2	93.24	68.35	44.74
228.4	93.0	68.09	44.69
228.6	92.7	67.74	44.65
228.8	92.26	67.25	44.61
229.0	91.74	66.7	44.57
229.2	91.33	66.23	44.53
229.4	91.09	65.94	44.49
229.6	91.3	66.06	44.45
229.8	92.1	66.74	44.41
230.0	93.09	67.62	44.37
230.2	94.19	68.61	44.33
230.4	95.26	69.65	44.28
230.6	96.19	70.64	44.24
230.8	97.0	71.52	44.2
231.0	97.64	72.19	44.16
231.2	97.98	72.46	44.12
231.4	97.88	72.06	44.08
231.6	97.56	71.42	44.04
231.8	97.07	70.6	44.0
232.0	96.44	69.7	43.96
232.2	95.67	68.9	43.92
232.4	94.87	68.14	43.87
232.6	94.09	67.45	43.83
232.8	93.39	66.89	43.79
233.0	92.96	66.63	43.75
233.2	92.82	66.68	43.71
233.4	92.81	66.85	43.67
233.6	92.89	67.1	43.63
233.8	93.05	67.39	43.59
234.0	93.25	67.61	43.55
234.2	93.48	67.8	43.5
234.4	93.7	67.94	43.46
234.6	93.88	68.04	43.42
234.8	93.95	68.01	43.38
235.0	93.89	67.85	43.34
235.2	93.77	67.64	43.3
235.4	93.59	67.39	43.26
235.6	93.37	67.12	43.22
235.8	93.09	66.83	43.18
236.0	92.79	66.56	43.14
236.2	92.47	66.33	43.09
236.4	92.16	66.18	43.05
236.6	91.89	66.21	43.01
236.8	91.67	66.47	42.97
237.0	91.46	66.75	42.93
237.2	91.26	67.01	42.89
237.4	91.04	67.15	42.85
237.6	90.7	66.92	42.8
237.8	90.43	66.67	42.76
238.0	90.29	66.48	42.72
238.2	90.4	66.52	42.69
238.4	90.97	67.05	42.65
238.6	91.67	67.66	42.64
238.8	92.4	68.27	42.66
239.0	93.04	68.71	42.73
239.2	93.53	68.92	42.86
239.4	93.86	68.96	43.02
239.6	93.99	68.83	43.19
239.8	93.68	68.37	43.36
240.0	93.02	67.68	43.52
240.2	92.22	66.87	43.68
240.4	91.32	66.01	43.84
240.6	90.54	65.27	43.99
240.8	89.88	64.66	44.14
241.0	89.25	64.09	44.29
241.2	88.65	63.56	44.43
241.4	88.09	63.09	44.57
241.6	87.6	62.7	44.71
241.8	87.14	62.36	44.85
242.0	86.7	62.03	44.99
242.2	86.26	61.7	45.12
242.4	85.71	61.24	45.27
242.6	85.01	60.61	45.42
242.8	84.4	60.08	45.57
243.0	83.95	59.72	45.7
243.2	83.73	59.62	45.81
243.4	84.12	60.25	45.86
243.6	84.81	61.22	45.87
243.8	85.71	62.4	45.87
244.0	86.75	63.72	45.86
244.2	87.83	65.09	45.84
244.4	88.93	66.47	45.83
244.6	90.09	67.79	45.81
244.8	91.3	69.01	45.79
245.0	92.8	69.99	45.77
245.2	94.56	70.67	45.75
245.4	96.05	71.16	45.73
245.6	97.05	71.47	45.71
245.8	96.89	71.56	45.69
246.0	94.61	71.39	45.67
246.2	91.94	71.11	45.65
246.4	89.26	70.78	45.63
246.6	86.96	70.45	45.61
246.8	87.3	70.41	45.59
247.0	88.52	70.45	45.57
247.2	90.13	70.5	45.55
247.4	91.88	70.55	45.53
247.6	93.13	70.48	45.51
247.8	93.4	70.23	45.49
248.0	93.52	69.99	45.48
248.2	93.6	69.81	45.46
248.4	93.73	69.74	45.44
248.6	94.5	70.2	45.42
248.8	95.31	70.72	45.4
249.0	96.08	71.18	45.38
249.2	96.72	71.51	45.35
249.4	96.81	71.25	45.31
249.6	96.63	70.71	45.25
249.8	96.31	70.03	45.19
250.0	95.9	69.26	45.12
250.2	95.57	68.55	45.06
250.4	95.32	67.92	45.0
250.6	95.08	67.33	44.95
250.8	94.82	66.78	44.89
251.0	94.56	66.3	44.83
251.2	94.27	65.94	44.77
251.4	93.96	65.67	44.71
251.6	93.65	65.49	44.65
251.8	93.35	65.4	44.59
252.0	93.07	65.41	44.53
252.2	92.76	65.64	44.48
252.4	92.49	65.92	44.42
252.6	92.28	66.22	44.36
252.8	92.15	66.5	44.3
253.0	92.12	66.53	44.23
253.2	92.19	66.47	44.17
253.4	92.4	66.45	44.11
253.6	92.77	66.54	44.06
253.8	93.46	67.05	44.03
254.0	94.33	67.76	44.02
254.2	95.23	68.49	44.02
254.4	96.07	69.14	44.05
254.6	96.8	69.62	44.12
254.8	97.31	69.87	44.2
255.0	97.54	69.81	44.3
255.2	97.18	69.13	44.41
255.4	96.15	67.76	44.51
255.6	94.88	66.18	44.61
255.8	93.53	64.56	44.72
256.0	92.51	63.44	44.81
256.2	91.91	62.89	44.89
256.4	91.44	62.53	44.97
256.6	91.06	62.3	45.05
256.8	90.74	62.16	45.12
257.0	90.38	61.89	45.19
257.2	89.99	61.52	45.27
257.4	89.61	61.17	45.35
257.6	89.23	60.84	45.42
257.8	88.86	60.54	45.5
258.0	88.34	60.18	45.58
258.2	87.82	59.87	45.67
258.4	87.41	59.7	45.74
258.6	87.14	59.71	45.81
258.8	87.17	60.06	45.86
259.0	87.63	60.89	45.9
259.2	88.26	61.88	45.92
259.4	88.98	62.96	45.92
259.6	89.72	64.07	45.89
259.8	90.38	65.14	45.84
260.0	91.02	66.09	45.76
260.2	91.6	66.85	45.67
260.4	92.09	67.29	45.58
260.6	92.39	67.05	45.49
260.8	92.63	66.59	45.4
261.0	92.83	65.98	45.31
261.2	93.02	65.32	45.22
261.4	93.31	64.71	45.13
261.6	93.59	64.22	45.04
261.8	93.87	63.92	44.95
262.0	94.14	63.9	44.86
262.2	94.34	64.78	44.77
262.4	94.52	65.92	44.68
262.6	94.7	67.13	44.59
262.8	94.88	68.25	44.5
263.0	95.11	68.74	44.41
263.2	95.34	69.03	44.32
263.4	95.58	69.18	44.23
263.6	95.8	69.24	44.13
263.8	96.0	69.27	44.02
264.0	96.2	69.21	43.93
264.2	96.42	69.08	43.86
264.4	96.84	68.94	43.86
264.6	97.24	68.71	43.9
264.8	97.5	68.35	43.95
265.0	97.41	67.74	44.02
265.2	96.66	66.74	44.07
265.4	95.67	65.61	44.13
265.6	94.53	64.45	44.18
265.8	93.42	63.41	44.23
266.0	92.54	62.71	44.28
266.2	91.71	62.12	44.32
266.4	90.93	61.61	44.37
266.6	90.21	61.17	44.41
266.8	89.55	60.72	44.45
267.0	88.96	60.26	44.49
267.2	88.43	59.86	44.53
267.4	87.94	59.51	44.57
267.6	87.51	59.23	44.61
267.8	86.98	58.95	44.66
268.0	86.5	58.75	44.7
268.2	86.16	58.7	44.74
268.4	86.0	58.85	44.78
268.6	86.24	59.37	44.82
268.8	86.98	60.37	44.87
269.0	87.85	61.49	44.91
269.2	88.79	62.64	44.95
269.4	89.65	63.68	45.0
269.6	90.29	64.44	45.04
269.8	90.81	65.05	45.09
270.0	91.21	65.49	45.14
270.2	91.41	65.7	45.18
270.4	91.34	65.56	45.23
270.6	91.14	65.29	45.28
270.8	90.85	64.91	45.33
271.0	90.5	64.51	45.37
271.2	90.18	64.3	45.42
271.4	89.85	64.08	45.46
271.6	89.52	63.84	45.5
271.8	89.2	63.54	45.55
272.0	88.82	62.94	45.59
272.2	88.45	62.18	45.64
272.4	88.19	61.51	45.68
272.6	88.1	61.03	45.72
272.8	88.38	61.04	45.75
273.0	89.2	61.82	45.76
273.2	90.12	62.78	45.77
273.4	91.03	63.78	45.76
273.6	91.74	64.61	45.76
273.8	91.96	64.94	45.75
274.0	92.01	65.11	45.74
274.2	91.91	65.13	45.73
274.4	91.71	65.02	45.72
274.6	91.45	64.8	45.71
274.8	91.12	64.48	45.7
275.0	90.71	64.11	45.68
275.2	90.25	63.7	45.67
275.4	89.71	63.37	45.66
275.6	89.14	63.02	45.65
275.8	88.55	62.64	45.64
276.0	87.95	62.23	45.63
276.2	87.3	61.63	45.62
276.4	86.67	60.92	45.61
276.6	86.11	60.29	45.6
276.8	85.68	59.81	45.59
277.0	85.49	59.69	45.58
277.2	85.69	60.17	45.59
277.4	86.0	60.81	45.58
277.6	86.38	61.54	45.57
277.8	86.76	62.26	45.53
278.0	86.94	62.66	45.43
278.2	87.06	62.99	45.31
278.4	87.13	63.23	45.18
278.6	87.15	63.4	45.04
278.8	87.12	63.49	44.9
279.0	87.04	63.51	44.78
279.2	86.9	63.45	44.65
279.4	86.69	63.32	44.52
279.6	86.41	63.12	44.39
279.8	85.85	62.63	44.26
280.0	85.27	62.14	44.14
280.2	84.75	61.68	44.01
280.4	84.36	61.33	43.88
280.6	84.3	61.28	43.75
280.8	84.7	61.65	43.62
281.0	85.22	62.12	43.5
281.2	85.8	62.64	43.37
281.4	86.38	63.15	43.24
281.6	86.75	63.42	43.11
281.8	87.04	63.62	42.98
282.0	87.24	63.75	42.86
282.2	87.35	63.81	42.73
282.4	87.28	63.76	42.6
282.6	87.09	63.63	42.47
282.8	86.8	63.43	42.34
283.0	86.45	63.17	42.22
283.2	86.04	62.85	42.09
283.4	85.61	62.44	41.96
283.6	85.16	62.0	41.83
283.8	84.69	61.56	41.7
284.0	84.22	61.15	41.58
284.2	83.75	60.82	41.45
284.4	83.29	60.6	41.32
284.6	82.87	60.46	41.19
284.8	82.51	60.4	41.06
285.0	82.23	60.44	40.94
285.2	82.04	60.58	40.8
285.4	81.98	60.82	40.67
285.6	82.05	61.19	40.54
285.8	82.28	61.71	40.41
286.0	82.69	62.39	40.3
286.2	83.54	63.47	40.18
286.4	84.5	64.64	40.08
286.6	85.51	65.82	40.0
286.8	86.51	66.95	39.93
287.0	87.3	67.78	39.9
287.2	87.95	68.42	39.89
287.4	88.49	68.9	39.89
287.6	88.92	69.23	39.91
287.8	89.19	69.34	39.91
