0.2	102.99	49.06	37.01
0.4	103.13	49.15	37.01
0.6	103.29	49.24	37.0
0.8	103.48	49.3	37.0
1.0	103.67	49.35	37.01
1.2	103.86	49.38	37.01
1.4	104.03	49.39	37.01
1.6	104.18	49.38	37.02
1.8	104.29	49.35	37.03
2.0	104.36	49.29	37.05
2.2	104.36	49.2	37.06
2.4	104.14	48.99	37.09
2.6	103.76	48.68	37.11
2.8	103.38	48.42	37.14
3.0	103.08	48.23	37.17
3.2	102.88	48.15	37.21
3.4	103.03	48.39	37.24
3.6	103.59	49.0	37.27
3.8	104.27	49.71	37.3
4.0	105.05	50.47	37.33
4.2	105.87	51.22	37.36
4.4	106.63	51.85	37.39
4.6	107.33	52.32	37.42
4.8	107.99	52.72	37.45
5.0	108.6	53.02	37.48
5.2	109.15	53.22	37.52
5.4	109.58	53.24	37.55
5.6	109.93	53.16	37.58
5.8	110.19	52.98	37.62
6.0	110.37	52.73	37.65
6.2	110.46	52.41	37.68
6.4	110.44	52.02	37.71
6.6	110.34	51.6	37.75
6.8	110.16	51.16	37.78
7.0	109.91	50.74	37.81
7.2	109.58	50.35	37.84
7.4	109.17	50.13	37.87
7.6	108.7	49.95	37.9
7.8	108.17	49.79	37.94
8.0	107.61	49.65	37.97
8.2	107.01	49.52	38.0
8.4	106.42	49.4	38.03
8.6	105.8	49.26	38.06
8.8	105.16	49.1	38.09
9.0	104.5	48.89	38.12
9.2	103.8	48.64	38.15
9.4	102.94	48.14	38.18
9.6	102.04	47.56	38.2
9.8	101.2	46.99	38.23
10.0	100.45	46.47	38.26
10.2	99.82	46.03	38.3
10.4	99.61	45.9	38.35
10.6	99.6	45.92	38.4
10.8	99.71	46.05	38.45
11.0	99.9	46.25	38.51
11.2	100.14	46.52	38.57
11.4	100.31	46.87	38.63
11.6	100.5	47.24	38.69
11.8	100.68	47.61	38.75
12.0	100.86	47.93	38.81
12.2	101.03	48.13	38.87
12.4	101.16	48.16	38.93
12.6	101.28	48.12	38.99
12.8	101.37	48.03	39.05
13.0	101.45	47.9	39.11
13.2	101.52	47.76	39.17
13.4	101.57	47.62	39.23
13.6	101.58	47.46	39.29
13.8	101.53	47.29	39.35
14.0	101.41	47.11	39.41
14.2	101.05	46.86	39.46
14.4	100.56	46.59	39.52
14.6	100.07	46.36	39.58
14.8	99.62	46.2	39.64
15.0	99.26	46.13	39.7
15.2	99.25	46.31	39.75
15.4	99.46	46.66	39.81
15.6	99.78	47.08	39.86
15.8	100.2	47.56	39.92
16.0	100.67	48.06	39.98
16.2	101.13	48.49	40.04
16.4	101.6	48.9	40.1
16.6	102.11	49.3	40.16
16.8	102.64	49.69	40.22
17.0	103.19	50.07	40.28
17.2	103.84	50.48	40.34
17.4	104.48	50.85	40.39
17.6	105.09	51.17	40.45
17.8	105.65	51.43	40.51
18.0	106.13	51.6	40.57
18.2	106.42	51.6	40.63
18.4	106.62	51.5	40.69
18.6	106.71	51.32	40.74
18.8	106.71	51.07	40.8
19.0	106.58	50.74	40.86
19.2	106.22	50.27	40.92
19.4	105.81	49.77	40.97
19.6	105.37	49.29	41.03
19.8	104.94	48.86	41.09
20.0	104.61	48.54	41.15
20.2	104.51	48.51	41.22
20.4	104.48	48.57	41.29
20.6	104.5	48.69	41.37
20.8	104.56	48.85	41.46
21.0	104.64	49.0	41.55
21.2	104.69	49.11	41.66
21.4	104.76	49.22	41.77
21.6	104.85	49.34	41.88
21.8	104.97	49.46	41.99
22.0	105.15	49.6	42.11
22.2	105.4	49.76	42.21
22.4	105.65	49.91	42.32
22.6	105.87	50.04	42.43
22.8	106.06	50.16	42.54
23.0	106.11	50.22	42.65
23.2	106.02	50.22	42.76
23.4	105.86	50.19	42.87
23.6	105.65	50.13	42.98
23.8	105.39	50.05	43.09
24.0	105.13	49.95	43.2
24.2	104.89	49.82	43.3
24.4	104.61	49.68	43.41
24.6	104.28	49.52	43.52
24.8	103.91	49.35	43.63
25.0	103.41	49.17	43.73
25.2	102.74	48.96	43.85
25.4	102.05	48.75	43.96
25.6	101.38	48.58	44.06
25.8	100.75	48.43	44.16
26.0	100.28	48.35	44.25
26.2	100.05	48.36	44.31
26.4	99.92	48.42	44.36
26.6	99.86	48.53	44.41
26.8	99.85	48.68	44.45
27.0	99.87	48.88	44.49
27.2	99.88	49.13	44.54
27.4	99.92	49.41	44.58
27.6	99.99	49.72	44.62
27.8	100.09	50.05	44.66
28.0	100.24	50.4	44.71
28.2	100.41	50.77	44.75
28.4	100.6	51.14	44.79
28.6	100.79	51.51	44.84
28.8	100.99	51.87	44.88
29.0	101.19	52.23	44.93
29.2	101.37	52.56	44.97
29.4	101.53	52.85	45.01
29.6	101.64	53.09	45.06
29.8	101.71	53.27	45.1
30.0	101.63	53.27	45.14
30.2	101.49	53.22	45.19
30.4	101.33	53.11	45.23
30.6	101.14	52.97	45.27
30.8	100.96	52.82	45.31
31.0	100.89	52.73	45.36
31.2	100.83	52.64	45.4
31.4	100.76	52.53	45.44
31.6	100.65	52.4	45.48
31.8	100.5	52.25	45.53
32.0	100.08	51.95	45.57
32.2	99.66	51.65	45.61
32.4	99.27	51.38	45.65
32.6	98.95	51.18	45.68
32.8	98.79	51.08	45.71
33.0	98.95	51.22	45.72
33.2	99.25	51.45	45.73
33.4	99.68	51.78	45.74
33.6	100.23	52.18	45.75
33.8	100.92	52.69	45.75
34.0	101.79	53.31	45.76
34.2	102.69	53.94	45.77
34.4	103.58	54.55	45.78
34.6	104.42	55.1	45.79
34.8	105.03	55.43	45.8
35.0	105.44	55.59	45.81
35.2	105.76	55.66	45.82
35.4	105.99	55.66	45.83
35.6	106.13	55.62	45.84
35.8	106.21	55.57	45.85
36.0	106.22	55.5	45.86
36.2	106.18	55.41	45.87
36.4	106.08	55.3	45.87
36.6	105.95	55.19	45.88
36.8	105.79	55.12	45.89
37.0	105.61	55.04	45.9
37.2	105.39	54.94	45.91
37.4	105.14	54.82	45.92
37.6	104.87	54.68	45.93
37.8	104.48	54.36	45.94
38.0	104.09	54.04	45.95
38.2	103.72	53.73	45.96
38.4	103.4	53.46	45.97
38.6	103.15	53.27	45.98
38.8	103.11	53.31	46.0
39.0	103.16	53.43	46.02
39.2	103.28	53.63	46.03
39.4	103.47	53.89	46.05
39.6	103.73	54.21	46.08
39.8	104.07	54.62	46.1
40.0	104.44	55.05	46.11
40.2	104.82	55.48	46.13
40.4	105.2	55.89	46.15
40.6	105.54	56.23	46.17
40.8	105.79	56.46	46.19
41.0	106.01	56.64	46.21
41.2	106.21	56.76	46.23
41.4	106.38	56.83	46.25
41.6	106.58	56.84	46.27
41.8	106.8	56.78	46.29
42.0	106.99	56.69	46.31
42.2	107.15	56.57	46.33
42.4	107.24	56.42	46.35
42.6	107.24	56.27	46.37
42.8	107.11	56.12	46.39
43.0	106.92	55.96	46.41
43.2	106.66	55.79	46.42
43.4	106.35	55.61	46.44
43.6	105.94	55.39	46.46
43.8	105.43	55.14	46.48
44.0	104.95	54.92	46.5
44.2	104.52	54.73	46.52
44.4	104.19	54.61	46.54
44.6	104.17	54.64	46.56
44.8	104.37	54.79	46.58
45.0	104.67	55.02	46.59
45.2	105.03	55.31	46.61
45.4	105.42	55.65	46.63
45.6	105.7	56.09	46.65
45.8	105.97	56.56	46.67
46.0	106.24	57.02	46.69
46.2	106.51	57.45	46.71
46.4	106.82	57.78	46.72
46.6	107.19	57.94	46.74
46.8	107.53	58.05	46.76
47.0	107.84	58.11	46.78
47.2	108.09	58.14	46.8
47.4	108.19	58.17	46.82
47.6	108.17	58.21	46.84
47.8	108.07	58.22	46.86
48.0	107.91	58.2	46.88
48.2	107.69	58.15	46.9
48.4	107.48	58.04	46.92
48.6	107.23	57.89	46.94
48.8	106.94	57.69	46.96
49.0	106.59	57.46	46.98
49.2	106.19	57.19	46.99
49.4	105.57	56.75	47.01
49.6	104.86	56.26	47.03
49.8	104.17	55.79	47.05
50.0	103.55	55.4	47.06
50.2	103.05	55.13	47.08
50.4	102.88	55.22	47.09
50.6	102.98	55.57	47.09
50.8	103.22	56.03	47.1
51.0	103.59	56.56	47.1
51.2	104.06	57.14	47.1
51.4	104.66	57.66	47.11
51.6	105.33	58.17	47.11
51.8	106.03	58.64	47.12
52.0	106.72	59.08	47.12
52.2	107.36	59.46	47.13
52.4	107.85	59.71	47.13
52.6	108.28	59.91	47.14
52.8	108.65	60.05	47.14
53.0	108.95	60.14	47.15
53.2	109.18	60.17	47.16
53.4	109.34	60.16	47.16
53.6	109.43	60.11	47.17
53.8	109.47	60.04	47.17
54.0	109.46	59.95	47.18
54.2	109.41	59.89	47.18
54.4	109.33	59.86	47.18
54.6	109.19	59.8	47.19
54.8	108.98	59.73	47.19
55.0	108.71	59.62	47.2
55.2	108.21	59.37	47.2
55.4	107.58	59.03	47.21
55.6	106.97	58.71	47.22
55.8	106.41	58.44	47.22
56.0	105.96	58.27	47.23
56.2	105.88	58.38	47.24
56.4	106.02	58.67	47.24
56.6	106.3	59.05	47.25
56.8	106.67	59.48	47.26
57.0	107.12	59.94	47.27
57.2	107.64	60.35	47.28
57.4	108.18	60.74	47.29
57.6	108.72	61.12	47.3
57.8	109.22	61.47	47.31
58.0	109.6	61.76	47.32
58.2	109.82	61.98	47.33
58.4	109.96	62.15	47.34
58.6	110.05	62.27	47.35
58.8	110.08	62.36	47.37
59.0	110.1	62.41	47.38
59.2	110.1	62.42	47.38
59.4	110.06	62.4	47.39
59.6	109.97	62.36	47.4
59.8	109.84	62.31	47.41
60.0	109.63	62.3	47.42
60.2	109.37	62.31	47.43
60.4	109.04	62.3	47.44
60.6	108.66	62.26	47.45
60.8	108.22	62.18	47.46
61.0	107.65	61.98	47.47
61.2	106.96	61.65	47.48
61.4	106.26	61.29	47.49
61.6	105.58	60.95	47.5
61.8	104.97	60.65	47.51
62.0	104.53	60.44	47.51
62.2	104.31	60.38	47.52
62.4	104.19	60.4	47.52
62.6	104.17	60.51	47.52
62.8	104.24	60.71	47.52
63.0	104.33	61.03	47.52
63.2	104.45	61.46	47.52
63.4	104.7	61.96	47.52
63.6	105.09	62.53	47.52
63.8	105.64	63.15	47.52
64.0	106.67	63.88	47.52
64.2	107.83	64.62	47.52
64.4	109.05	65.34	47.52
64.6	110.27	66.03	47.52
64.8	111.35	66.6	47.52
65.0	112.21	67.02	47.52
65.2	112.95	67.35	47.53
65.4	113.57	67.6	47.53
65.6	114.06	67.75	47.53
65.8	114.36	67.81	47.53
66.0	114.51	67.77	47.53
66.2	114.52	67.65	47.53
66.4	114.4	67.44	47.53
66.6	114.15	67.15	47.53
66.8	113.66	66.67	47.53
67.0	113.08	66.14	47.53
67.2	112.46	65.58	47.53
67.4	111.83	65.03	47.53
67.6	111.27	64.51	47.53
67.8	110.97	64.14	47.53
68.0	110.71	63.82	47.54
68.2	110.48	63.56	47.54
68.4	110.26	63.34	47.55
68.6	110.0	63.19	47.56
68.8	109.62	63.1	47.57
69.0	109.24	63.06	47.57
69.2	108.85	63.03	47.58
69.4	108.48	63.03	47.59
69.6	108.17	63.01	47.6
69.8	107.92	62.97	47.61
70.0	107.7	62.92	47.62
70.2	107.5	62.87	47.63
70.4	107.32	62.8	47.64
70.6	107.18	62.71	47.65
70.8	107.07	62.6	47.66
71.0	106.95	62.47	47.67
71.2	106.8	62.33	47.68
71.4	106.6	62.17	47.69
71.6	106.24	61.95	47.7
71.8	105.76	61.71	47.7
72.0	105.25	61.46	47.71
72.2	104.74	61.24	47.72
72.4	104.25	61.04	47.73
72.6	103.88	60.94	47.74
72.8	103.63	60.94	47.75
73.0	103.43	60.97	47.76
73.2	103.28	61.04	47.77
73.4	103.16	61.12	47.77
73.6	103.03	61.17	47.78
73.8	102.83	61.16	47.79
74.0	102.7	61.17	47.8
74.2	102.68	61.22	47.8
74.4	102.78	61.32	47.81
74.6	103.15	61.51	47.81
74.8	103.8	61.81	47.81
75.0	104.57	62.18	47.82
75.2	105.46	62.63	47.82
75.4	106.42	63.15	47.82
75.6	107.43	63.87	47.82
75.8	108.46	64.63	47.82
76.0	109.49	65.39	47.82
76.2	110.48	66.1	47.82
76.4	111.37	66.66	47.82
76.6	112.17	67.08	47.83
76.8	112.86	67.41	47.83
77.0	113.45	67.62	47.83
77.2	113.9	67.72	47.83
77.4	114.17	67.65	47.83
77.6	114.3	67.49	47.83
77.8	114.32	67.25	47.83
78.0	114.22	66.96	47.84
78.2	114.01	66.68	47.84
78.4	113.71	66.43	47.84
78.6	113.3	66.13	47.84
78.8	112.8	65.79	47.84
79.0	112.22	65.39	47.84
79.2	111.51	64.82	47.84
79.4	110.68	64.08	47.84
79.6	109.81	63.33	47.84
79.8	108.95	62.6	47.85
80.0	108.1	61.93	47.85
80.2	107.36	61.45	47.85
80.4	106.76	61.25	47.86
80.6	106.23	61.13	47.87
80.8	105.79	61.08	47.87
81.0	105.43	61.07	47.88
81.2	105.15	61.01	47.89
81.4	104.97	60.85	47.9
81.6	104.87	60.73	47.9
81.8	104.86	60.67	47.91
82.0	104.93	60.69	47.92
82.2	105.11	60.96	47.93
82.4	105.39	61.43	47.93
82.6	105.73	61.95	47.94
82.8	106.12	62.49	47.95
83.0	106.53	62.99	47.96
83.2	106.89	63.25	47.96
83.4	107.26	63.4	47.97
83.6	107.64	63.5	47.98
83.8	108.05	63.54	47.99
84.0	108.48	63.55	48.0
84.2	109.04	63.42	48.0
84.4	109.61	63.29	48.01
84.6	110.17	63.23	48.02
84.8	110.7	63.28	48.02
85.0	111.19	63.52	48.03
85.2	111.6	64.43	48.04
85.4	111.92	65.39	48.04
85.6	112.14	66.3	48.05
85.8	112.23	67.04	48.06
86.0	112.07	67.19	48.06
86.2	111.7	66.8	48.07
86.4	111.25	66.25	48.08
86.6	110.76	65.64	48.09
86.8	110.3	65.14	48.09
87.0	109.92	64.87	48.1
87.2	109.59	64.66	48.11
87.4	109.34	64.51	48.12
87.6	109.22	64.42	48.12
87.8	109.3	64.37	48.12
88.0	109.45	64.38	48.12
88.2	109.65	64.43	48.12
88.4	109.86	64.56	48.12
88.6	110.04	64.83	48.11
88.8	110.19	65.1	48.11
89.0	110.26	65.35	48.1
89.2	110.23	65.52	48.09
89.4	109.93	65.41	48.09
89.6	109.48	65.17	48.08
89.8	108.95	64.84	48.08
90.0	108.37	64.48	48.07
90.2	107.8	64.12	48.07
90.4	107.32	63.83	48.06
90.6	106.83	63.53	48.05
90.8	106.31	63.22	48.05
91.0	105.76	62.9	48.04
91.2	105.08	62.52	48.04
91.4	104.27	62.09	48.03
91.6	103.44	61.65	48.03
91.8	102.64	61.25	48.02
92.0	101.88	60.88	48.02
92.2	101.22	60.59	48.01
92.4	100.7	60.4	48.0
92.6	100.29	60.29	48.0
92.8	100.02	60.28	47.99
93.0	99.89	60.37	47.99
93.2	100.03	60.62	47.98
93.4	100.39	61.01	47.98
93.6	100.88	61.49	47.97
93.8	101.46	62.04	47.97
94.0	102.12	62.64	47.97
94.2	102.82	63.3	47.97
94.4	103.54	63.97	47.96
94.6	104.24	64.63	47.96
94.8	104.92	65.25	47.96
95.0	105.5	65.77	47.96
95.2	105.93	66.14	47.96
95.4	106.3	66.45	47.96
95.6	106.6	66.68	47.96
95.8	106.84	66.86	47.96
96.0	107.04	67.0	47.95
96.2	107.19	67.08	47.95
96.4	107.29	67.12	47.95
96.6	107.35	67.11	47.95
96.8	107.35	67.04	47.95
97.0	107.26	66.84	47.95
97.2	107.14	66.59	47.95
97.4	107.0	66.35	47.95
97.6	106.87	66.13	47.96
97.8	106.79	65.99	47.97
98.0	106.85	66.1	47.98
98.2	106.94	66.26	48.0
98.4	107.03	66.42	48.02
98.6	107.1	66.55	48.04
98.8	107.07	66.54	48.06
99.0	106.94	66.39	48.08
99.2	106.79	66.19	48.1
99.4	106.64	65.99	48.12
99.6	106.51	65.79	48.13
99.8	106.56	65.74	48.15
100.0	106.67	65.74	48.17
100.2	106.77	65.76	48.19
100.4	106.83	65.77	48.21
100.6	106.84	65.76	48.23
100.8	106.6	65.64	48.25
101.0	106.25	65.47	48.26
101.2	105.83	65.28	48.28
101.4	105.36	65.05	48.3
101.6	104.86	64.81	48.32
101.8	104.39	64.57	48.34
102.0	103.94	64.33	48.35
102.2	103.49	64.08	48.37
102.4	103.05	63.81	48.39
102.6	102.63	63.52	48.4
102.8	102.2	63.14	48.42
103.0	101.76	62.7	48.44
103.2	101.38	62.27	48.45
103.4	101.09	61.9	48.47
103.6	100.92	61.62	48.48
103.8	100.99	61.55	48.5
104.0	101.28	61.67	48.51
104.2	101.68	61.9	48.52
104.4	102.18	62.2	48.52
104.6	102.76	62.56	48.53
104.8	103.38	62.98	48.54
105.0	104.04	63.42	48.55
105.2	104.72	63.86	48.56
105.4	105.4	64.26	48.57
105.6	106.05	64.58	48.58
105.8	106.66	64.74	48.59
106.0	107.21	64.83	48.6
106.2	107.68	64.86	48.61
106.4	108.06	64.84	48.62
106.6	108.28	64.76	48.63
106.8	108.32	64.63	48.64
107.0	108.25	64.46	48.65
107.2	108.1	64.27	48.66
107.4	107.86	64.07	48.67
107.6	107.57	63.88	48.68
107.8	107.23	63.72	48.69
108.0	106.85	63.56	48.7
108.2	106.43	63.37	48.71
108.4	105.97	63.17	48.72
108.6	105.46	62.89	48.73
108.8	104.82	62.41	48.74
109.0	104.22	61.96	48.75
109.2	103.69	61.57	48.76
109.4	103.27	61.29	48.76
109.6	103.03	61.18	48.77
109.8	103.23	61.55	48.77
110.0	103.58	62.06	48.77
110.2	104.06	62.66	48.77
110.4	104.64	63.31	48.77
110.6	105.28	63.92	48.77
110.8	105.94	64.39	48.77
111.0	106.64	64.87	48.76
111.2	107.38	65.35	48.76
111.4	108.13	65.83	48.76
111.6	108.94	66.43	48.76
111.8	109.75	67.08	48.76
112.0	110.52	67.68	48.75
112.2	111.23	68.21	48.75
112.4	111.85	68.64	48.75
112.6	112.27	68.71	48.75
112.8	112.57	68.65	48.74
113.0	112.75	68.49	48.74
113.2	112.83	68.26	48.74
113.4	112.8	67.99	48.74
113.6	112.6	67.79	48.74
113.8	112.31	67.57	48.73
114.0	111.96	67.31	48.73
114.2	111.55	67.02	48.73
114.4	111.1	66.68	48.73
114.6	110.61	66.14	48.73
114.8	110.12	65.6	48.72
115.0	109.67	65.09	48.72
115.2	109.28	64.66	48.72
115.4	109.0	64.36	48.72
115.6	108.99	64.42	48.72
115.8	109.07	64.59	48.71
116.0	109.21	64.84	48.71
116.2	109.39	65.15	48.71
116.4	109.58	65.48	48.7
116.6	109.76	65.8	48.7
116.8	109.92	66.1	48.69
117.0	110.04	66.36	48.69
117.2	110.1	66.54	48.68
117.4	110.01	66.52	48.68
117.6	109.8	66.32	48.67
117.8	109.51	66.06	48.67
118.0	109.17	65.75	48.67
118.2	108.77	65.43	48.66
118.4	108.38	65.21	48.66
118.6	107.98	65.12	48.65
118.8	107.54	65.03	48.65
119.0	107.06	64.91	48.64
119.2	106.51	64.75	48.64
119.4	105.87	64.49	48.63
119.6	104.98	63.91	48.63
119.8	104.07	63.31	48.62
120.0	103.19	62.72	48.62
120.2	102.39	62.19	48.61
120.4	101.71	61.77	48.61
120.6	101.42	61.69	48.6
120.8	101.32	61.78	48.6
121.0	101.36	62.0	48.59
121.2	101.53	62.33	48.59
121.4	101.81	62.76	48.58
121.6	102.15	63.29	48.58
121.8	102.58	63.9	48.58
122.0	103.08	64.55	48.58
122.2	103.68	65.24	48.58
122.4	104.34	65.93	48.58
122.6	105.19	66.58	48.58
122.8	106.07	67.22	48.58
123.0	106.97	67.82	48.58
123.2	107.84	68.37	48.58
123.4	108.64	68.85	48.58
123.6	109.28	69.25	48.58
123.8	109.83	69.56	48.58
124.0	110.3	69.79	48.58
124.2	110.68	69.92	48.58
124.4	110.94	69.92	48.57
124.6	111.07	69.77	48.57
124.8	111.12	69.53	48.57
125.0	111.1	69.23	48.57
125.2	111.03	68.86	48.57
125.4	110.88	68.43	48.57
125.6	110.68	67.94	48.57
125.8	110.47	67.46	48.57
126.0	110.27	67.0	48.57
126.2	110.11	66.59	48.57
126.4	110.09	66.33	48.57
126.6	110.21	66.24	48.57
126.8	110.37	66.21	48.57
127.0	110.54	66.24	48.57
127.2	110.71	66.32	48.57
127.4	110.8	66.4	48.56
127.6	110.84	66.51	48.56
127.8	110.86	66.62	48.55
128.0	110.86	66.73	48.54
128.2	110.85	66.82	48.54
128.4	110.84	66.87	48.53
128.6	110.81	66.89	48.52
128.8	110.75	66.89	48.52
129.0	110.66	66.87	48.51
129.2	110.53	66.81	48.5
129.4	110.34	66.74	48.5
129.6	110.1	66.62	48.49
129.8	109.83	66.48	48.48
130.0	109.51	66.29	48.48
130.2	109.15	66.06	48.47
130.4	108.69	65.7	48.46
130.6	108.22	65.32	48.46
130.8	107.73	64.93	48.45
131.0	107.25	64.56	48.44
131.2	106.79	64.22	48.44
131.4	106.4	64.01	48.43
131.6	106.05	63.85	48.42
131.8	105.75	63.74	48.42
132.0	105.49	63.69	48.41
132.2	105.29	63.7	48.41
132.4	105.15	63.75	48.42
132.6	105.06	63.87	48.42
132.8	105.04	64.05	48.43
133.0	105.08	64.3	48.44
133.2	105.2	64.64	48.45
133.4	105.45	65.14	48.46
133.6	105.72	65.67	48.47
133.8	106.01	66.2	48.48
134.0	106.27	66.68	48.49
134.2	106.43	66.99	48.5
134.4	106.51	67.15	48.51
134.6	106.52	67.26	48.52
134.8	106.49	67.33	48.52
135.0	106.4	67.38	48.53
135.2	106.27	67.56	48.54
135.4	106.09	67.74	48.55
135.6	105.86	67.89	48.56
135.8	105.57	67.97	48.57
136.0	105.22	67.97	48.58
136.2	104.71	67.65	48.58
136.4	104.16	67.26	48.59
136.6	103.62	66.84	48.6
136.8	103.1	66.41	48.61
137.0	102.65	66.04	48.62
137.2	102.41	65.86	48.63
137.4	102.24	65.75	48.65
137.6	102.11	65.69	48.67
137.8	102.03	65.69	48.69
138.0	101.96	65.76	48.71
138.2	101.92	65.91	48.73
138.4	101.87	66.08	48.74
138.6	101.8	66.25	48.76
138.8	101.71	66.4	48.78
139.0	101.52	66.46	48.8
139.2	101.27	66.47	48.82
139.4	101.0	66.43	48.84
139.6	100.71	66.37	48.86
139.8	100.41	66.24	48.88
140.0	100.14	66.04	48.9
140.2	99.87	65.82	48.92
140.4	99.61	65.61	48.94
140.6	99.35	65.43	48.96
140.8	99.13	65.39	48.97
141.0	98.94	65.54	48.99
141.2	98.75	65.71	49.01
141.4	98.54	65.86	49.03
141.6	98.28	65.95	49.05
141.8	97.91	65.86	49.06
142.0	97.36	65.48	49.09
142.2	96.79	65.03	49.1
142.4	96.24	64.55	49.12
142.6	95.74	64.05	49.14
142.8	95.37	63.58	49.15
143.0	95.16	63.18	49.15
143.2	95.06	62.85	49.16
143.4	95.08	62.62	49.16
143.6	95.2	62.52	49.16
143.8	95.5	62.69	49.16
144.0	95.93	63.05	49.16
144.2	96.44	63.51	49.15
144.4	97.04	64.05	49.15
144.6	97.69	64.63	49.15
144.8	98.39	65.19	49.14
145.0	99.11	65.75	49.14
145.2	99.82	66.29	49.14
145.4	100.51	66.79	49.13
145.6	101.11	67.21	49.13
145.8	101.62	67.53	49.13
146.0	102.04	67.79	49.12
146.2	102.38	67.98	49.12
146.4	102.63	68.11	49.12
146.6	102.68	68.17	49.11
146.8	102.61	68.16	49.11
147.0	102.46	68.09	49.11
147.2	102.25	67.98	49.1
147.4	101.99	67.82	49.1
147.6	101.72	67.62	49.1
147.8	101.45	67.39	49.09
148.0	101.17	67.14	49.09
148.2	100.89	66.87	49.08
148.4	100.62	66.59	49.08
148.6	100.35	66.27	49.08
148.8	100.09	65.93	49.07
149.0	99.89	65.63	49.07
149.2	99.75	65.39	49.07
149.4	99.71	65.25	49.06
149.6	99.86	65.33	49.06
149.8	100.18	65.61	49.06
150.0	100.58	65.97	49.05
150.2	101.03	66.38	49.05
150.4	101.52	66.81	49.05
150.6	101.97	67.21	49.05
150.8	102.42	67.57	49.05
151.0	102.86	67.9	49.05
151.2	103.28	68.17	49.05
151.4	103.68	68.36	49.05
151.6	104.07	68.38	49.05
151.8	104.41	68.32	49.05
152.0	104.7	68.2	49.05
152.2	104.93	68.03	49.05
152.4	105.05	67.81	49.05
152.6	105.05	67.57	49.05
152.8	104.97	67.3	49.05
153.0	104.82	67.0	49.05
153.2	104.6	66.67	49.05
153.4	104.29	66.32	49.05
153.6	103.86	65.9	49.05
153.8	103.4	65.51	49.05
154.0	102.97	65.14	49.05
154.2	102.58	64.84	49.05
154.4	102.32	64.63	49.05
154.6	102.34	64.61	49.05
154.8	102.43	64.68	49.06
155.0	102.59	64.81	49.07
155.2	102.79	65.0	49.07
155.4	102.98	65.25	49.08
155.6	103.12	65.55	49.09
155.8	103.28	65.87	49.1
156.0	103.48	66.19	49.11
156.2	103.71	66.51	49.11
156.4	104.05	66.73	49.12
156.6	104.44	66.9	49.13
156.8	104.85	67.07	49.14
157.0	105.27	67.25	49.15
157.2	105.68	67.46	49.16
157.4	106.07	67.79	49.17
157.6	106.42	68.13	49.18
157.8	106.73	68.45	49.18
158.0	106.99	68.73	49.19
158.2	107.15	68.92	49.2
158.4	107.19	68.98	49.21
158.6	107.16	68.98	49.22
158.8	107.08	68.91	49.23
159.0	106.94	68.79	49.24
159.2	106.69	68.53	49.24
159.4	106.37	68.18	49.25
159.6	106.07	67.85	49.26
159.8	105.81	67.56	49.27
160.0	105.64	67.35	49.28
160.2	105.7	67.47	49.28
160.4	105.92	67.75	49.29
160.6	106.26	68.1	49.29
160.8	106.74	68.51	49.3
161.0	107.36	68.92	49.3
161.2	108.18	69.23	49.3
161.4	109.09	69.55	49.3
161.6	110.08	69.87	49.3
161.8	111.11	70.21	49.3
162.0	112.16	70.66	49.3
162.2	113.21	71.15	49.3
162.4	114.21	71.6	49.3
162.6	115.14	71.98	49.3
162.8	115.94	72.2	49.3
163.0	116.58	72.18	49.3
163.2	117.07	72.04	49.3
163.4	117.41	71.81	49.3
163.6	117.57	71.49	49.3
163.8	117.44	71.13	49.3
164.0	117.1	70.73	49.3
164.2	116.62	70.27	49.3
164.4	116.03	69.79	49.29
164.6	115.39	69.27	49.29
164.8	114.81	68.76	49.29
165.0	114.24	68.23	49.29
165.2	113.64	67.7	49.29
165.4	113.03	67.17	49.29
165.6	112.39	66.65	49.29
165.8	111.69	66.11	49.29
166.0	110.94	65.56	49.29
166.2	110.21	65.07	49.29
166.4	109.52	64.66	49.29
166.6	108.89	64.34	49.29
166.8	108.42	64.27	49.29
167.0	108.07	64.38	49.29
167.2	107.8	64.58	49.28
167.4	107.6	64.82	49.28
167.6	107.44	65.09	49.28
167.8	107.36	65.31	49.27
168.0	107.32	65.51	49.26
168.2	107.27	65.66	49.25
168.4	107.22	65.76	49.24
168.6	107.12	65.8	49.23
168.8	106.83	65.62	49.22
169.0	106.51	65.38	49.21
169.2	106.16	65.1	49.2
169.4	105.8	64.81	49.19
169.6	105.46	64.53	49.18
169.8	105.2	64.38	49.17
170.0	104.96	64.26	49.16
170.2	104.74	64.16	49.15
170.4	104.52	64.07	49.14
170.6	104.32	63.98	49.13
170.8	103.99	63.78	49.12
171.0	103.68	63.59	49.11
171.2	103.42	63.47	49.1
171.4	103.25	63.43	49.09
171.6	103.2	63.52	49.08
171.8	103.51	63.98	49.07
172.0	103.94	64.57	49.06
172.2	104.44	65.23	49.05
172.4	104.96	65.94	49.04
172.6	105.44	66.62	49.03
172.8	105.8	67.23	49.03
173.0	106.12	67.8	49.02
173.2	106.4	68.31	49.02
173.4	106.64	68.74	49.01
173.6	106.83	68.98	49.01
173.8	106.97	69.09	49.01
174.0	107.05	69.13	49.0
174.2	107.09	69.12	49.0
174.4	107.07	69.07	48.99
174.6	106.99	69.1	48.99
174.8	106.84	69.13	48.98
175.0	106.65	69.12	48.98
175.2	106.4	69.07	48.97
175.4	106.1	68.97	48.97
175.6	105.66	68.7	48.96
175.8	105.16	68.36	48.96
176.0	104.67	67.98	48.95
176.2	104.2	67.6	48.95
176.4	103.78	67.22	48.94
176.6	103.57	66.9	48.94
176.8	103.48	66.64	48.94
177.0	103.46	66.43	48.93
177.2	103.48	66.28	48.93
177.4	103.52	66.21	48.92
177.6	103.52	66.3	48.92
177.8	103.5	66.48	48.91
178.0	103.5	66.71	48.9
178.2	103.52	66.97	48.9
178.4	103.55	67.24	48.89
178.6	103.66	67.51	48.88
178.8	103.77	67.76	48.88
179.0	103.88	67.95	48.87
179.2	103.97	68.08	48.86
179.4	104.02	68.1	48.85
179.6	103.99	67.9	48.85
179.8	103.92	67.62	48.84
180.0	103.82	67.28	48.83
180.2	103.69	66.9	48.83
180.4	103.53	66.49	48.82
180.6	103.34	66.11	48.81
180.8	103.13	65.72	48.8
181.0	102.9	65.34	48.8
181.2	102.67	64.97	48.79
181.4	102.41	64.61	48.78
181.6	102.07	64.24	48.77
181.8	101.77	63.92	48.77
182.0	101.53	63.68	48.76
182.2	101.38	63.54	48.76
182.4	101.41	63.55	48.76
182.6	101.78	63.83	48.77
182.8	102.23	64.2	48.78
183.0	102.71	64.64	48.79
183.2	103.19	65.11	48.81
183.4	103.5	65.57	48.82
183.6	103.66	66.0	48.84
183.8	103.76	66.39	48.85
184.0	103.8	66.75	48.86
184.2	103.81	67.05	48.88
184.4	103.82	67.19	48.89
184.6	103.81	67.25	48.9
184.8	103.75	67.26	48.92
185.0	103.64	67.22	48.93
185.2	103.47	67.14	48.94
185.4	103.19	67.13	48.96
185.6	102.85	67.08	48.97
185.8	102.46	66.99	48.98
186.0	102.04	66.85	48.99
186.2	101.58	66.65	49.01
186.4	101.03	66.22	49.02
186.6	100.46	65.73	49.03
186.8	99.93	65.23	49.04
187.0	99.45	64.77	49.05
187.2	99.06	64.38	49.07
187.4	98.92	64.22	49.08
187.6	98.94	64.22	49.09
187.8	99.04	64.31	49.1
188.0	99.22	64.5	49.11
188.2	99.44	64.78	49.13
188.4	99.63	65.17	49.14
188.6	99.84	65.63	49.15
188.8	100.1	66.14	49.16
189.0	100.4	66.68	49.18
189.2	100.78	67.23	49.19
189.4	101.31	67.78	49.2
189.6	101.87	68.3	49.22
189.8	102.44	68.78	49.23
190.0	102.98	69.2	49.24
190.2	103.42	69.48	49.25
190.4	103.72	69.61	49.27
190.6	103.97	69.66	49.28
190.8	104.19	69.63	49.29
191.0	104.37	69.55	49.3
191.2	104.54	69.41	49.32
191.4	104.7	69.22	49.33
191.6	104.86	69.01	49.34
191.8	105.0	68.8	49.35
192.0	105.15	68.6	49.36
192.2	105.26	68.45	49.38
192.4	105.39	68.34	49.39
192.6	105.56	68.27	49.4
192.8	105.79	68.27	49.41
193.0	106.14	68.37	49.43
193.2	106.7	68.64	49.44
193.4	107.32	68.95	49.45
193.6	107.96	69.26	49.46
193.8	108.58	69.54	49.48
194.0	109.07	69.62	49.49
194.2	109.48	69.62	49.5
194.4	109.84	69.57	49.52
194.6	110.16	69.5	49.53
194.8	110.46	69.46	49.54
195.0	110.75	69.49	49.56
195.2	110.99	69.51	49.57
195.4	111.19	69.5	49.58
195.6	111.35	69.46	49.6
195.8	111.37	69.26	49.61
196.0	111.31	68.98	49.62
196.2	111.24	68.67	49.64
196.4	111.18	68.37	49.65
196.6	111.14	68.1	49.66
196.8	111.29	67.85	49.67
197.0	111.5	67.67	49.69
197.2	111.73	67.61	49.7
197.4	111.96	67.69	49.71
197.6	112.18	67.94	49.72
197.8	112.48	68.97	49.73
198.0	112.69	70.04	49.74
198.2	112.76	71.0	49.76
198.4	112.63	71.73	49.77
198.6	111.95	71.59	49.78
198.8	110.88	70.79	49.8
199.0	109.75	69.81	49.81
199.2	108.66	68.78	49.82
199.4	107.94	68.04	49.83
199.6	107.64	67.67	49.84
199.8	107.52	67.47	49.85
200.0	107.52	67.41	49.85
200.2	107.63	67.56	49.85
200.4	107.8	67.9	49.84
200.6	107.99	68.31	49.82
200.8	108.14	68.71	49.8
201.0	108.15	68.99	49.78
201.2	107.92	69.02	49.76
201.4	107.6	68.96	49.73
201.6	107.22	68.84	49.7
201.8	106.78	68.67	49.67
202.0	106.37	68.51	49.64
202.2	105.92	68.31	49.61
202.4	105.45	68.07	49.58
202.6	104.95	67.78	49.56
202.8	104.44	67.43	49.53
203.0	103.91	67.03	49.5
203.2	103.35	66.58	49.47
203.4	102.74	66.1	49.45
203.6	102.07	65.57	49.42
203.8	101.14	64.88	49.39
204.0	100.17	64.19	49.36
204.2	99.25	63.55	49.33
204.4	98.44	63.0	49.31
204.6	97.84	62.64	49.28
204.8	97.75	62.67	49.24
205.0	97.83	62.85	49.21
205.2	98.03	63.14	49.18
205.4	98.33	63.51	49.16
205.6	98.61	63.88	49.15
205.8	98.87	64.24	49.16
206.0	99.17	64.63	49.17
206.2	99.51	65.04	49.18
206.4	99.91	65.46	49.19
206.6	100.41	65.93	49.21
206.8	100.93	66.38	49.22
207.0	101.46	66.78	49.23
207.2	101.96	67.12	49.24
207.4	102.35	67.26	49.25
207.6	102.68	67.28	49.27
207.8	102.95	67.24	49.28
208.0	103.17	67.16	49.29
208.2	103.34	67.09	49.3
208.4	103.47	67.18	49.31
208.6	103.55	67.26	49.32
208.8	103.58	67.32	49.34
209.0	103.55	67.34	49.35
209.2	103.44	67.26	49.36
209.4	103.19	66.99	49.37
209.6	102.93	66.7	49.38
209.8	102.71	66.41	49.39
210.0	102.55	66.16	49.4
210.2	102.63	66.08	49.4
210.4	102.9	66.13	49.41
210.6	103.23	66.24	49.41
210.8	103.58	66.4	49.41
211.0	103.91	66.6	49.42
211.2	104.1	66.85	49.42
211.4	104.25	67.11	49.42
211.6	104.36	67.35	49.43
211.8	104.43	67.56	49.43
212.0	104.47	67.62	49.43
212.2	104.47	67.58	49.44
212.4	104.43	67.49	49.44
212.6	104.35	67.38	49.44
212.8	104.22	67.25	49.45
213.0	104.0	67.22	49.45
213.2	103.73	67.22	49.45
213.4	103.43	67.2	49.46
213.6	103.11	67.16	49.46
213.8	102.78	67.1	49.46
214.0	102.5	66.92	49.47
214.2	102.24	66.68	49.47
214.4	101.98	66.41	49.47
214.6	101.72	66.13	49.47
214.8	101.46	65.84	49.48
215.0	101.1	65.5	49.48
215.2	100.67	65.14	49.48
215.4	100.31	64.85	49.49
215.6	100.07	64.65	49.49
215.8	99.98	64.58	49.49
216.0	100.25	64.82	49.49
216.2	100.8	65.29	49.49
216.4	101.52	65.88	49.49
216.6	102.37	66.57	49.48
216.8	103.35	67.32	49.48
217.0	104.45	68.15	49.47
217.2	105.6	68.96	49.46
217.4	106.75	69.72	49.45
217.6	107.85	70.38	49.44
217.8	108.78	70.74	49.43
218.0	109.57	70.91	49.42
218.2	110.26	70.97	49.42
218.4	110.83	70.92	49.41
218.6	111.26	70.81	49.4
218.8	111.56	70.68	49.39
219.0	111.72	70.49	49.38
219.2	111.75	70.26	49.37
219.4	111.66	69.97	49.36
219.6	111.39	69.62	49.35
219.8	110.91	69.2	49.34
220.0	110.36	68.76	49.33
220.2	109.77	68.34	49.33
220.4	109.18	67.95	49.32
220.6	108.72	67.67	49.31
220.8	108.43	67.52	49.3
221.0	108.17	67.41	49.29
221.2	107.93	67.34	49.28
221.4	107.68	67.27	49.27
221.6	107.31	67.14	49.27
221.8	106.87	66.97	49.26
222.0	106.43	66.82	49.26
222.2	106.03	66.7	49.26
222.4	105.67	66.64	49.26
222.6	105.54	66.8	49.26
222.8	105.47	67.01	49.26
223.0	105.43	67.23	49.27
223.2	105.38	67.43	49.27
223.4	105.29	67.56	49.27
223.6	105.01	67.43	49.27
223.8	104.67	67.24	49.27
224.0	104.3	66.99	49.27
224.2	103.91	66.69	49.28
224.4	103.5	66.38	49.28
224.6	103.08	66.07	49.28
224.8	102.67	65.76	49.28
225.0	102.27	65.46	49.28
225.2	101.9	65.18	49.28
225.4	101.57	64.92	49.28
225.6	101.25	64.69	49.29
225.8	101.0	64.51	49.29
226.0	100.82	64.4	49.29
226.2	100.73	64.37	49.29
226.4	100.78	64.45	49.29
226.6	101.06	64.76	49.29
226.8	101.43	65.15	49.29
227.0	101.88	65.6	49.29
227.2	102.37	66.07	49.28
227.4	102.87	66.56	49.28
227.6	103.35	67.02	49.27
227.8	103.83	67.44	49.26
228.0	104.3	67.8	49.25
228.2	104.76	68.07	49.25
228.4	105.22	68.09	49.24
228.6	105.63	68.03	49.23
228.8	105.98	67.89	49.22
229.0	106.26	67.7	49.22
229.2	106.44	67.52	49.21
229.4	106.5	67.39	49.2
229.6	106.45	67.2	49.19
229.8	106.29	66.94	49.19
230.0	105.99	66.59	49.18
230.2	105.4	65.93	49.17
230.4	104.61	65.08	49.16
230.6	103.77	64.21	49.16
230.8	102.97	63.38	49.15
231.0	102.25	62.66	49.14
231.2	101.97	62.35	49.13
231.4	101.88	62.26	49.13
231.6	101.89	62.29	49.12
231.8	101.94	62.4	49.11
232.0	101.98	62.57	49.11
232.2	101.88	62.73	49.1
232.4	101.76	62.9	49.09
232.6	101.62	63.06	49.09
232.8	101.46	63.21	49.08
233.0	101.29	63.27	49.07
233.2	101.11	63.24	49.07
233.4	100.91	63.17	49.06
233.6	100.7	63.1	49.05
233.8	100.48	63.01	49.05
234.0	100.27	63.02	49.04
234.2	100.06	63.05	49.04
234.4	99.82	63.07	49.03
234.6	99.57	63.05	49.02
234.8	99.29	62.99	49.02
235.0	98.89	62.73	49.01
235.2	98.45	62.38	49.0
235.4	98.02	62.02	49.0
235.6	97.62	61.68	48.99
235.8	97.27	61.37	48.99
236.0	97.06	61.2	48.98
236.2	96.94	61.12	48.98
236.4	96.91	61.13	48.97
236.6	96.97	61.25	48.98
236.8	97.11	61.48	48.98
237.0	97.4	62.0	49.0
237.2	97.77	62.6	49.02
237.4	98.21	63.25	49.04
237.6	98.71	63.91	49.06
237.8	99.27	64.48	49.09
238.0	99.86	64.92	49.11
238.2	100.48	65.32	49.13
238.4	101.1	65.68	49.15
238.6	101.71	66.02	49.17
238.8	102.3	66.4	49.2
239.0	102.84	66.76	49.22
239.2	103.33	67.06	49.24
239.4	103.76	67.3	49.26
239.6	104.08	67.43	49.28
239.8	104.22	67.36	49.31
240.0	104.28	67.21	49.33
240.2	104.25	66.99	49.35
240.4	104.16	66.71	49.37
240.6	104.02	66.38	49.39
240.8	103.83	66.03	49.42
241.0	103.61	65.66	49.44
241.2	103.35	65.3	49.46
241.4	103.06	64.97	49.48
241.6	102.76	64.68	49.5
241.8	102.4	64.52	49.51
242.0	102.05	64.42	49.53
242.2	101.73	64.36	49.54
242.4	101.47	64.36	49.55
242.6	101.3	64.39	49.56
242.8	101.32	64.49	49.57
243.0	101.42	64.61	49.57
243.2	101.57	64.76	49.57
243.4	101.77	64.93	49.57
243.6	101.99	65.11	49.57
243.8	102.22	65.29	49.57
244.0	102.46	65.48	49.57
244.2	102.72	65.65	49.57
244.4	102.98	65.82	49.58
244.6	103.25	65.97	49.58
244.8	103.52	66.1	49.58
245.0	103.77	66.19	49.58
245.2	104.0	66.25	49.58
245.4	104.2	66.27	49.58
245.6	104.31	66.14	49.58
245.8	104.36	65.94	49.58
246.0	104.39	65.73	49.59
246.2	104.4	65.53	49.59
246.4	104.39	65.36	49.59
246.6	104.45	65.34	49.59
246.8	104.55	65.44	49.59
247.0	104.61	65.59	49.59
247.2	104.61	65.79	49.59
247.4	104.53	66.01	49.59
247.6	104.18	66.24	49.6
247.8	103.6	66.49	49.6
248.0	103.03	66.73	49.6
248.2	102.53	66.98	49.6
248.4	102.21	67.22	49.6
248.6	102.38	67.39	49.61
248.8	102.71	67.57	49.61
249.0	103.17	67.77	49.62
249.2	103.71	68.02	49.62
249.4	104.34	68.51	49.63
249.6	104.96	69.02	49.63
249.8	105.53	69.49	49.64
250.0	105.98	69.87	49.64
250.2	106.08	69.89	49.65
250.4	105.97	69.73	49.65
250.6	105.73	69.46	49.66
250.8	105.38	69.12	49.66
251.0	104.97	68.78	49.67
251.2	104.52	68.45	49.67
251.4	104.01	68.11	49.68
251.6	103.46	67.75	49.68
251.8	102.88	67.37	49.69
252.0	102.33	67.03	49.69
252.2	101.78	66.69	49.7
252.4	101.2	66.32	49.7
252.6	100.6	65.92	49.7
252.8	99.97	65.47	49.71
253.0	99.21	64.83	49.71
253.2	98.3	63.99	49.72
253.4	97.42	63.16	49.72
253.6	96.63	62.39	49.73
253.8	95.96	61.71	49.73
254.0	95.51	61.26	49.73
254.2	95.51	61.25	49.74
254.4	95.68	61.39	49.74
254.6	95.99	61.65	49.74
254.8	96.43	62.0	49.74
255.0	96.95	62.37	49.74
255.2	97.5	62.71	49.73
255.4	98.12	63.08	49.72
255.6	98.82	63.5	49.71
255.8	99.57	63.97	49.69
256.0	100.44	64.57	49.68
256.2	101.38	65.23	49.66
256.4	102.31	65.9	49.65
256.6	103.21	66.53	49.63
256.8	104.05	67.1	49.62
257.0	104.7	67.41	49.6
257.2	105.23	67.63	49.58
257.4	105.64	67.78	49.57
257.6	105.93	67.85	49.55
257.8	106.06	67.87	49.54
258.0	105.93	67.89	49.52
258.2	105.67	67.86	49.51
258.4	105.31	67.78	49.49
258.6	104.87	67.63	49.48
258.8	104.37	67.42	49.46
259.0	103.8	66.96	49.44
259.2	103.22	66.46	49.43
259.4	102.68	65.96	49.41
259.6	102.22	65.51	49.4
259.8	101.86	65.14	49.38
260.0	101.84	65.07	49.37
260.2	102.05	65.21	49.35
260.4	102.35	65.43	49.33
260.6	102.7	65.7	49.32
260.8	103.07	65.99	49.3
261.0	103.33	66.21	49.29
261.2	103.52	66.37	49.28
261.4	103.69	66.52	49.27
261.6	103.85	66.66	49.26
261.8	104.01	66.8	49.26
262.0	104.19	66.97	49.25
262.2	104.38	67.13	49.24
262.4	104.55	67.28	49.23
262.6	104.69	67.39	49.22
262.8	104.8	67.47	49.21
263.0	104.81	67.4	49.2
263.2	104.77	67.29	49.2
263.4	104.71	67.15	49.19
263.6	104.62	67.01	49.18
263.8	104.51	66.88	49.17
264.0	104.44	66.87	49.16
264.2	104.37	66.9	49.15
264.4	104.27	66.93	49.15
264.6	104.14	66.93	49.14
264.8	103.98	66.91	49.13
265.0	103.66	66.71	49.12
265.2	103.25	66.41	49.11
265.4	102.84	66.09	49.1
265.6	102.47	65.79	49.09
265.8	102.16	65.54	49.09
266.0	102.01	65.42	49.08
266.2	102.06	65.44	49.08
266.4	102.2	65.56	49.08
266.6	102.42	65.75	49.08
266.8	102.72	66.02	49.09
267.0	103.09	66.41	49.1
267.2	103.51	66.92	49.11
267.4	103.98	67.45	49.13
267.6	104.47	67.98	49.15
267.8	104.97	68.49	49.17
268.0	105.46	68.87	49.19
268.2	105.93	69.16	49.2
268.4	106.39	69.4	49.22
268.6	106.83	69.57	49.24
268.8	107.24	69.67	49.26
269.0	107.59	69.67	49.28
269.2	107.91	69.62	49.3
269.4	108.21	69.51	49.31
269.6	108.49	69.36	49.33
269.8	108.77	69.16	49.35
270.0	109.14	68.83	49.36
270.2	109.49	68.51	49.38
270.4	109.79	68.23	49.4
270.6	110.04	68.03	49.41
270.8	110.22	67.94	49.43
271.0	110.24	68.42	49.45
271.2	110.17	68.99	49.46
271.4	110.0	69.56	49.48
271.6	109.75	70.05	49.49
271.8	109.39	70.32	49.51
272.0	108.82	69.94	49.53
272.2	108.21	69.45	49.55
272.4	107.61	68.94	49.55
272.6	107.07	68.48	49.52
272.8	106.86	68.47	49.44
273.0	106.8	68.68	49.31
273.2	106.74	68.92	49.17
273.4	106.62	69.15	49.02
273.6	106.26	69.18	48.86
273.8	105.58	68.95	48.72
274.0	104.81	68.62	48.57
274.2	103.97	68.24	48.42
274.4	103.11	67.82	48.28
274.6	102.41	67.45	48.13
274.8	101.74	67.08	47.98
275.0	101.08	66.72	47.84
275.2	100.42	66.36	47.69
275.4	99.77	66.03	47.54
275.6	99.06	65.79	47.4
275.8	98.36	65.56	47.25
276.0	97.66	65.33	47.1
276.2	96.98	65.1	46.96
276.4	96.31	64.85	46.81
276.6	95.61	64.44	46.66
276.8	94.92	63.99	46.52
277.0	94.3	63.54	46.37
277.2	93.77	63.15	46.23
277.4	93.33	62.82	46.08
277.6	93.07	62.63	45.93
277.8	93.02	62.6	45.78
278.0	93.1	62.7	45.64
278.2	93.3	62.93	45.49
278.4	93.61	63.31	45.34
278.6	94.05	63.95	45.2
278.8	94.62	64.89	45.07
279.0	95.26	65.88	44.93
279.2	95.95	66.88	44.8
279.4	96.68	67.8	44.67
279.6	97.46	68.36	44.55
279.8	98.23	68.7	44.42
280.0	98.96	68.94	44.3
280.2	99.59	69.1	44.18
280.4	100.11	69.22	44.06
280.6	100.24	69.46	43.94
280.8	100.25	69.66	43.82
281.0	100.17	69.81	43.7
281.2	100.02	69.88	43.58
281.4	99.87	69.84	43.45
281.6	99.8	69.59	43.33
281.8	99.71	69.26	43.21
282.0	99.6	68.88	43.09
282.2	99.46	68.47	42.97
282.4	99.27	68.05	42.85
282.6	98.93	67.66	42.72
282.8	98.59	67.29	42.6
283.0	98.29	66.95	42.48
283.2	98.06	66.67	42.36
283.4	97.96	66.48	42.24
283.6	98.1	66.43	42.11
283.8	98.34	66.45	42.0
284.0	98.68	66.51	41.89
284.2	99.1	66.61	41.8
284.4	99.63	66.77	41.74
284.6	100.23	66.96	41.72
284.8	100.87	67.12	41.7
285.0	101.53	67.23	41.7
285.2	102.17	67.27	41.7
285.4	102.79	67.06	41.7
285.6	103.35	66.72	41.68
285.8	103.84	66.29	41.67
286.0	104.24	65.79	41.66
286.2	104.54	65.23	41.65
286.4	104.57	64.69	41.63
286.6	104.46	64.13	41.62
286.8	104.25	63.53	41.61
287.0	103.95	62.9	41.6
287.2	103.58	62.22	41.59
287.4	103.13	61.4	41.57
287.6	102.62	60.47	41.56
287.8	102.11	59.56	41.55
