0.2	83.46	44.82	41.07
0.4	83.07	44.61	41.07
0.6	82.95	44.61	41.07
0.8	83.04	44.77	41.07
1.0	83.3	45.06	41.07
1.2	83.7	45.44	41.07
1.4	84.2	45.87	41.07
1.6	84.75	46.32	41.07
1.8	85.32	46.76	41.07
2.0	85.86	47.15	41.07
2.2	86.22	47.33	41.07
2.4	86.46	47.36	41.07
2.6	86.64	47.33	41.07
2.8	86.75	47.22	41.07
3.0	86.8	47.06	41.07
3.2	86.74	46.83	41.07
3.4	86.64	46.58	41.07
3.6	86.53	46.33	41.07
3.8	86.41	46.09	41.07
4.0	86.32	45.9	41.07
4.2	86.25	45.81	41.07
4.4	86.25	45.77	41.07
4.6	86.32	45.8	41.07
4.8	86.48	45.91	41.07
5.0	86.89	46.17	41.07
5.2	87.48	46.55	41.07
5.4	88.13	46.96	41.07
5.6	88.78	47.36	41.07
5.8	89.36	47.7	41.06
6.0	89.76	47.86	41.06
6.2	90.07	47.96	41.06
6.4	90.29	48.0	41.06
6.6	90.42	47.99	41.05
6.8	90.42	47.96	41.05
7.0	90.31	47.91	41.05
7.2	90.11	47.81	41.05
7.4	89.85	47.65	41.04
7.6	89.53	47.44	41.04
7.8	89.1	47.05	41.04
8.0	88.63	46.58	41.03
8.2	88.18	46.1	41.03
8.4	87.78	45.68	41.03
8.6	87.48	45.34	41.03
8.8	87.54	45.32	41.02
9.0	87.71	45.42	41.02
9.2	87.95	45.61	41.02
9.4	88.19	45.85	41.02
9.6	88.39	46.16	41.01
9.8	88.48	46.5	41.01
10.0	88.51	46.82	41.01
10.2	88.48	47.07	41.0
10.4	88.38	47.22	41.0
10.6	88.13	46.99	41.0
10.8	87.79	46.56	41.0
11.0	87.38	46.04	40.99
11.2	86.92	45.49	40.99
11.4	86.42	44.96	40.99
11.6	85.77	44.58	40.98
11.8	85.13	44.3	40.97
12.0	84.56	44.1	40.96
12.2	84.11	44.02	40.96
12.4	83.85	44.07	40.98
12.6	84.07	44.4	41.02
12.8	84.46	44.84	41.07
13.0	84.99	45.36	41.13
13.2	85.62	45.94	41.2
13.4	86.34	46.57	41.28
13.6	87.09	47.23	41.36
13.8	87.84	47.85	41.44
14.0	88.54	48.41	41.53
14.2	89.13	48.84	41.62
14.4	89.43	48.96	41.7
14.6	89.62	48.97	41.78
14.8	89.72	48.9	41.86
15.0	89.74	48.77	41.94
15.2	89.7	48.63	42.02
15.4	89.63	48.52	42.09
15.6	89.53	48.4	42.17
15.8	89.41	48.27	42.24
16.0	89.28	48.15	42.32
16.2	89.15	48.0	42.39
16.4	89.03	47.86	42.46
16.6	88.95	47.74	42.54
16.8	88.92	47.67	42.61
17.0	88.95	47.66	42.69
17.2	89.2	47.85	42.77
17.4	89.5	48.09	42.86
17.6	89.83	48.35	42.94
17.8	90.14	48.61	43.03
18.0	90.37	48.8	43.11
18.2	90.51	48.91	43.19
18.4	90.58	48.98	43.28
18.6	90.59	49.0	43.36
18.8	90.52	48.97	43.44
19.0	90.29	48.84	43.52
19.2	89.98	48.65	43.59
19.4	89.62	48.44	43.67
19.6	89.23	48.19	43.75
19.8	88.81	47.94	43.82
20.0	88.35	47.67	43.9
20.2	87.92	47.42	43.97
20.4	87.55	47.19	44.05
20.6	87.26	47.01	44.13
20.8	87.11	46.88	44.2
21.0	87.27	46.86	44.28
21.2	87.53	46.91	44.36
21.4	87.86	47.02	44.44
21.6	88.24	47.19	44.52
21.8	88.64	47.5	44.6
22.0	89.02	47.93	44.68
22.2	89.38	48.35	44.76
22.4	89.69	48.74	44.84
22.6	89.92	49.04	44.92
22.8	89.92	48.99	45.0
23.0	89.81	48.78	45.08
23.2	89.64	48.5	45.16
23.4	89.43	48.18	45.24
23.6	89.19	47.84	45.32
23.8	88.99	47.57	45.4
24.0	88.8	47.33	45.48
24.2	88.62	47.14	45.55
24.4	88.49	47.02	45.62
24.6	88.39	47.01	45.69
24.8	88.35	47.18	45.75
25.0	88.38	47.44	45.8
25.2	88.49	47.78	45.84
25.4	88.69	48.19	45.88
25.6	89.1	48.71	45.92
25.8	89.67	49.3	45.94
26.0	90.28	49.89	45.97
26.2	90.89	50.43	45.99
26.4	91.45	50.9	46.01
26.6	91.76	51.1	46.04
26.8	91.99	51.2	46.06
27.0	92.14	51.21	46.09
27.2	92.21	51.16	46.11
27.4	92.2	51.04	46.14
27.6	92.11	50.86	46.16
27.8	91.96	50.65	46.18
28.0	91.76	50.43	46.21
28.2	91.51	50.22	46.23
28.4	91.19	50.02	46.25
28.6	90.81	49.87	46.27
28.8	90.44	49.77	46.3
29.0	90.13	49.75	46.32
29.2	89.9	49.8	46.34
29.4	89.95	50.06	46.37
29.6	90.16	50.45	46.39
29.8	90.44	50.89	46.42
30.0	90.74	51.35	46.44
30.2	91.02	51.82	46.47
30.4	91.18	52.24	46.49
30.6	91.28	52.61	46.52
30.8	91.32	52.89	46.54
31.0	91.28	53.07	46.56
31.2	91.1	52.99	46.59
31.4	90.76	52.64	46.61
31.6	90.35	52.19	46.64
31.8	89.9	51.68	46.66
32.0	89.42	51.15	46.68
32.2	88.93	50.7	46.71
32.4	88.46	50.34	46.73
32.6	88.03	50.03	46.75
32.8	87.65	49.79	46.78
33.0	87.36	49.62	46.8
33.2	87.21	49.55	46.82
33.4	87.2	49.57	46.83
33.6	87.29	49.7	46.85
33.8	87.51	49.93	46.87
34.0	87.85	50.28	46.88
34.2	88.48	50.92	46.9
34.4	89.18	51.62	46.91
34.6	89.9	52.33	46.92
34.8	90.59	53.01	46.94
35.0	91.08	53.46	46.95
35.2	91.38	53.7	46.96
35.4	91.6	53.87	46.97
35.6	91.75	54.0	46.99
35.8	91.84	54.11	47.0
36.0	91.9	54.31	47.01
36.2	91.92	54.53	47.02
36.4	91.93	54.76	47.03
36.6	91.94	54.99	47.04
36.8	91.96	55.22	47.06
37.0	92.0	55.4	47.07
37.2	92.08	55.59	47.08
37.4	92.23	55.8	47.09
37.6	92.45	56.04	47.1
37.8	92.85	56.36	47.12
38.0	93.44	56.78	47.13
38.2	94.08	57.2	47.14
38.4	94.71	57.61	47.16
38.6	95.28	57.98	47.17
38.8	95.67	58.26	47.18
39.0	95.96	58.47	47.19
39.2	96.16	58.61	47.21
39.4	96.26	58.68	47.22
39.6	96.2	58.6	47.23
39.8	95.97	58.38	47.24
40.0	95.67	58.1	47.26
40.2	95.32	57.79	47.27
40.4	94.94	57.48	47.28
40.6	94.54	57.22	47.29
40.8	94.16	57.01	47.31
41.0	93.86	56.86	47.32
41.2	93.67	56.79	47.33
41.4	93.62	56.81	47.34
41.6	94.04	57.12	47.34
41.8	94.6	57.51	47.34
42.0	95.25	57.95	47.34
42.2	95.93	58.38	47.34
42.4	96.54	58.74	47.34
42.6	97.05	59.01	47.33
42.8	97.48	59.19	47.33
43.0	97.82	59.3	47.32
43.2	98.03	59.3	47.32
43.4	97.97	59.09	47.31
43.6	97.79	58.78	47.31
43.8	97.5	58.39	47.3
44.0	97.13	57.94	47.3
44.2	96.68	57.43	47.29
44.4	96.14	56.85	47.29
44.6	95.6	56.3	47.28
44.8	95.12	55.79	47.28
45.0	94.73	55.39	47.27
45.2	94.62	55.22	47.27
45.4	94.78	55.29	47.26
45.6	95.03	55.46	47.26
45.8	95.34	55.72	47.25
46.0	95.66	56.02	47.25
46.2	95.92	56.42	47.26
46.4	96.13	56.79	47.26
46.6	96.28	57.1	47.27
46.8	96.34	57.3	47.28
47.0	96.19	57.15	47.28
47.2	95.89	56.76	47.29
47.4	95.5	56.24	47.29
47.6	95.03	55.65	47.3
47.8	94.5	55.0	47.3
48.0	93.96	54.44	47.31
48.2	93.4	53.89	47.31
48.4	92.82	53.35	47.32
48.6	92.22	52.84	47.32
48.8	91.61	52.35	47.33
49.0	90.86	51.84	47.33
49.2	90.16	51.4	47.34
49.4	89.54	51.03	47.34
49.6	89.05	50.77	47.35
49.8	88.79	50.67	47.35
50.0	88.94	50.83	47.36
50.2	89.24	51.1	47.36
50.4	89.65	51.45	47.36
50.6	90.14	51.88	47.37
50.8	90.64	52.36	47.37
51.0	91.14	52.86	47.37
51.2	91.6	53.36	47.38
51.4	92.02	53.81	47.38
51.6	92.35	54.2	47.38
51.8	92.4	54.34	47.39
52.0	92.35	54.39	47.39
52.2	92.23	54.37	47.39
52.4	92.04	54.3	47.4
52.6	91.8	54.17	47.4
52.8	91.51	53.98	47.4
53.0	91.22	53.79	47.41
53.2	90.96	53.61	47.41
53.4	90.77	53.48	47.41
53.6	90.71	53.46	47.42
53.8	90.87	53.58	47.42
54.0	91.13	53.8	47.42
54.2	91.47	54.08	47.42
54.4	91.91	54.45	47.42
54.6	92.48	54.96	47.42
54.8	93.15	55.58	47.41
55.0	93.82	56.2	47.41
55.2	94.45	56.77	47.4
55.4	94.98	57.23	47.4
55.6	95.18	57.35	47.39
55.8	95.28	57.37	47.38
56.0	95.29	57.29	47.38
56.2	95.25	57.14	47.37
56.4	95.2	56.97	47.36
56.6	95.21	56.84	47.35
56.8	95.19	56.68	47.34
57.0	95.13	56.48	47.33
57.2	95.04	56.24	47.33
57.4	94.83	55.9	47.32
57.6	94.48	55.38	47.31
57.8	94.13	54.91	47.31
58.0	93.82	54.55	47.31
58.2	93.6	54.37	47.32
58.4	93.74	54.85	47.34
58.6	93.99	55.52	47.37
58.8	94.26	56.21	47.41
59.0	94.47	56.81	47.45
59.2	94.45	56.85	47.48
59.4	94.28	56.59	47.52
59.6	93.99	56.16	47.55
59.8	93.59	55.62	47.58
60.0	93.05	55.04	47.62
60.2	92.36	54.47	47.65
60.4	91.61	53.9	47.68
60.6	90.79	53.34	47.71
60.8	89.96	52.82	47.74
61.0	89.13	52.43	47.77
61.2	88.33	52.19	47.8
61.4	87.57	52.02	47.83
61.6	86.86	51.9	47.86
61.8	86.22	51.83	47.88
62.0	85.68	51.74	47.91
62.2	85.24	51.62	47.93
62.4	84.92	51.57	47.95
62.6	84.73	51.62	47.97
62.8	84.69	51.8	47.98
63.0	84.96	52.31	47.98
63.2	85.43	53.02	47.98
63.4	85.97	53.79	47.97
63.6	86.54	54.58	47.96
63.8	87.03	55.28	47.95
64.0	87.32	55.75	47.94
64.2	87.54	56.14	47.93
64.4	87.67	56.44	47.91
64.6	87.69	56.66	47.9
64.8	87.59	56.78	47.88
65.0	87.33	56.8	47.87
65.2	86.99	56.74	47.85
65.4	86.57	56.63	47.84
65.6	86.08	56.48	47.83
65.8	85.49	56.27	47.81
66.0	84.8	56.02	47.8
66.2	84.12	55.77	47.78
66.4	83.51	55.56	47.77
66.6	82.99	55.39	47.76
66.8	82.73	55.34	47.74
67.0	82.76	55.43	47.73
67.2	82.93	55.6	47.71
67.4	83.22	55.85	47.7
67.6	83.61	56.18	47.69
67.8	84.14	56.67	47.68
68.0	84.74	57.25	47.68
68.2	85.35	57.82	47.67
68.4	85.91	58.36	47.67
68.6	86.38	58.8	47.67
68.8	86.54	59.0	47.67
69.0	86.59	59.07	47.67
69.2	86.55	59.03	47.67
69.4	86.43	58.85	47.68
69.6	86.26	58.52	47.68
69.8	86.04	57.9	47.68
70.0	85.8	57.2	47.68
70.2	85.53	56.46	47.68
70.4	85.27	55.71	47.68
70.6	85.01	55.01	47.68
70.8	84.75	54.55	47.68
71.0	84.54	54.19	47.68
71.2	84.38	53.91	47.68
71.4	84.31	53.71	47.68
71.6	84.36	53.6	47.68
71.8	84.75	53.69	47.67
72.0	85.22	53.83	47.66
72.2	85.71	53.99	47.65
72.4	86.18	54.15	47.63
72.6	86.49	54.21	47.61
72.8	86.56	54.13	47.59
73.0	86.54	54.0	47.56
73.2	86.46	53.82	47.54
73.4	86.31	53.62	47.51
73.6	86.12	53.41	47.48
73.8	85.9	53.18	47.45
74.0	85.66	52.95	47.43
74.2	85.41	52.72	47.4
74.4	85.15	52.49	47.37
74.6	84.89	52.23	47.35
74.8	84.62	51.91	47.32
75.0	84.42	51.66	47.29
75.2	84.29	51.53	47.26
75.4	84.29	51.53	47.24
75.6	84.58	51.96	47.21
75.8	85.12	52.73	47.19
76.0	85.72	53.55	47.17
76.2	86.36	54.37	47.15
76.4	86.97	55.08	47.13
76.6	87.34	55.21	47.12
76.8	87.63	55.17	47.1
77.0	87.84	55.02	47.09
77.2	87.99	54.78	47.07
77.4	88.05	54.51	47.06
77.6	88.0	54.3	47.05
77.8	87.89	54.09	47.03
78.0	87.74	53.88	47.02
78.2	87.54	53.69	47.0
78.4	87.29	53.54	46.99
78.6	86.95	53.43	46.97
78.8	86.64	53.37	46.95
79.0	86.37	53.37	46.94
79.2	86.2	53.44	46.93
79.4	86.24	53.65	46.92
79.6	86.59	54.04	46.93
79.8	87.02	54.47	46.93
80.0	87.5	54.89	46.95
80.2	87.99	55.26	46.96
80.4	88.39	55.44	46.98
80.6	88.71	55.49	46.99
80.8	88.97	55.46	47.01
81.0	89.13	55.35	47.02
81.2	89.2	55.17	47.04
81.4	89.02	54.92	47.06
81.6	88.72	54.61	47.08
81.8	88.34	54.26	47.09
82.0	87.89	53.87	47.11
82.2	87.38	53.46	47.12
82.4	86.74	52.96	47.14
82.6	86.1	52.46	47.16
82.8	85.52	52.02	47.17
83.0	85.04	51.65	47.19
83.2	84.71	51.4	47.2
83.4	84.78	51.44	47.21
83.6	85.05	51.64	47.21
83.8	85.48	51.94	47.21
84.0	86.05	52.33	47.21
84.2	86.76	52.8	47.21
84.4	87.64	53.32	47.2
84.6	88.58	53.89	47.19
84.8	89.55	54.5	47.18
85.0	90.51	55.14	47.16
85.2	91.37	55.89	47.15
85.4	92.12	56.69	47.13
85.6	92.8	57.43	47.12
85.8	93.42	58.07	47.11
86.0	93.96	58.54	47.09
86.2	94.35	58.48	47.08
86.4	94.66	58.19	47.07
86.6	94.96	57.83	47.05
86.8	95.28	57.47	47.04
87.0	95.71	57.31	47.03
87.2	96.3	57.46	47.01
87.4	96.9	57.64	47.0
87.6	97.46	57.8	46.99
87.8	97.96	57.88	46.97
88.0	98.35	57.8	46.96
88.2	98.62	57.61	46.95
88.4	98.73	57.3	46.93
88.6	98.59	56.79	46.92
88.8	98.05	55.95	46.91
89.0	97.34	55.02	46.89
89.2	96.5	54.03	46.88
89.4	95.59	53.06	46.87
89.6	94.71	52.28	46.85
89.8	93.89	51.71	46.83
90.0	93.09	51.22	46.81
90.2	92.34	50.81	46.8
90.4	91.66	50.47	46.79
90.6	91.1	50.16	46.8
90.8	90.69	49.87	46.81
91.0	90.36	49.65	46.83
91.2	90.1	49.52	46.86
91.4	89.89	49.49	46.89
91.6	89.79	49.72	46.92
91.8	89.73	50.09	46.95
92.0	89.67	50.48	46.98
92.2	89.56	50.83	47.01
92.4	89.35	51.04	47.05
92.6	88.89	50.86	47.08
92.8	88.35	50.57	47.11
93.0	87.73	50.21	47.13
93.2	87.06	49.81	47.16
93.4	86.35	49.41	47.19
93.6	85.62	49.09	47.22
93.8	84.88	48.79	47.25
94.0	84.16	48.55	47.28
94.2	83.47	48.35	47.31
94.4	82.82	48.22	47.33
94.6	82.19	48.15	47.35
94.8	81.67	48.17	47.37
95.0	81.29	48.32	47.39
95.2	81.08	48.6	47.4
95.4	81.17	49.12	47.41
95.6	81.68	49.98	47.41
95.8	82.34	50.93	47.4
96.0	83.11	51.92	47.4
96.2	83.94	52.88	47.38
96.4	84.73	53.61	47.37
96.6	85.47	54.18	47.35
96.8	86.18	54.69	47.34
97.0	86.82	55.12	47.32
97.2	87.37	55.51	47.3
97.4	87.69	55.94	47.28
97.6	87.91	56.31	47.26
97.8	88.06	56.59	47.25
98.0	88.14	56.78	47.23
98.2	88.17	56.78	47.21
98.4	88.15	56.47	47.19
98.6	88.12	56.11	47.18
98.8	88.13	55.76	47.16
99.0	88.2	55.48	47.14
99.2	88.44	55.51	47.12
99.4	88.85	55.84	47.1
99.6	89.33	56.25	47.08
99.8	89.86	56.68	47.06
100.0	90.42	57.08	47.05
100.2	91.06	57.3	47.06
100.4	91.67	57.43	47.06
100.6	92.23	57.48	47.08
100.8	92.7	57.42	47.09
101.0	92.93	57.2	47.1
101.2	92.95	56.83	47.11
101.4	92.83	56.37	47.12
101.6	92.59	55.85	47.13
101.8	92.25	55.27	47.15
102.0	91.82	54.71	47.16
102.2	91.3	54.15	47.17
102.4	90.72	53.56	47.18
102.6	90.06	52.96	47.19
102.8	89.36	52.35	47.2
103.0	88.43	51.61	47.21
103.2	87.45	50.85	47.22
103.4	86.54	50.16	47.23
103.6	85.77	49.58	47.24
103.8	85.21	49.14	47.25
104.0	85.29	49.06	47.26
104.2	85.76	49.24	47.26
104.4	86.38	49.58	47.27
104.6	87.08	50.07	47.26
104.8	87.79	50.73	47.25
105.0	88.29	51.7	47.21
105.2	88.73	52.68	47.17
105.4	89.08	53.58	47.11
105.6	89.33	54.3	47.06
105.8	89.34	54.31	47.01
106.0	89.21	53.93	46.96
106.2	88.98	53.38	46.92
106.4	88.69	52.75	46.87
106.6	88.37	52.11	46.82
106.8	88.12	51.94	46.77
107.0	87.86	51.83	46.72
107.2	87.6	51.75	46.68
107.4	87.33	51.67	46.63
107.6	87.05	51.56	46.58
107.8	86.76	51.22	46.53
108.0	86.47	50.86	46.49
108.2	86.19	50.53	46.44
108.4	85.94	50.24	46.39
108.6	85.7	50.05	46.34
108.8	85.44	50.09	46.28
109.0	85.24	50.22	46.23
109.2	85.14	50.44	46.18
109.4	85.15	50.72	46.14
109.6	85.41	51.1	46.12
109.8	85.99	51.59	46.12
110.0	86.66	52.07	46.13
110.2	87.37	52.52	46.15
110.4	88.04	52.88	46.17
110.6	88.49	52.92	46.19
110.8	88.78	52.78	46.22
111.0	88.98	52.55	46.24
111.2	89.09	52.26	46.27
111.4	89.1	51.95	46.3
111.6	88.98	51.73	46.32
111.8	88.76	51.55	46.35
112.0	88.49	51.37	46.37
112.2	88.17	51.2	46.4
112.4	87.83	51.01	46.42
112.6	87.44	50.77	46.44
112.8	87.06	50.5	46.46
113.0	86.72	50.26	46.48
113.2	86.46	50.06	46.5
113.4	86.29	49.93	46.51
113.6	86.41	49.94	46.52
113.8	86.69	50.06	46.53
114.0	87.05	50.25	46.53
114.2	87.45	50.5	46.54
114.4	87.88	50.81	46.54
114.6	88.28	51.27	46.54
114.8	88.64	51.75	46.55
115.0	88.94	52.22	46.55
115.2	89.15	52.65	46.56
115.4	89.26	53.02	46.56
115.6	89.06	53.08	46.57
115.8	88.74	53.06	46.57
116.0	88.32	52.96	46.58
116.2	87.83	52.82	46.58
116.4	87.28	52.64	46.59
116.6	86.63	52.45	46.59
116.8	85.98	52.27	46.6
117.0	85.35	52.09	46.6
117.2	84.81	51.95	46.6
117.4	84.37	51.85	46.61
117.6	84.24	51.85	46.61
117.8	84.35	51.95	46.62
118.0	84.57	52.1	46.62
118.2	84.89	52.31	46.63
118.4	85.28	52.57	46.63
118.6	85.71	52.96	46.64
118.8	86.17	53.41	46.64
119.0	86.62	53.86	46.65
119.2	87.02	54.29	46.65
119.4	87.36	54.66	46.66
119.6	87.48	54.87	46.66
119.8	87.48	54.97	46.67
120.0	87.39	54.99	46.67
120.2	87.23	54.93	46.68
120.4	87.0	54.8	46.68
120.6	86.61	54.43	46.69
120.8	86.16	53.98	46.69
121.0	85.73	53.55	46.69
121.2	85.38	53.2	46.7
121.4	85.14	52.98	46.7
121.6	85.27	53.23	46.71
121.8	85.62	53.76	46.72
122.0	86.11	54.42	46.72
122.2	86.69	55.17	46.73
122.4	87.35	55.95	46.74
122.6	88.14	56.81	46.75
122.8	88.93	57.61	46.75
123.0	89.67	58.27	46.76
123.2	90.31	58.73	46.77
123.4	90.72	58.72	46.78
123.6	90.72	57.95	46.79
123.8	90.57	56.98	46.8
124.0	90.31	55.92	46.8
124.2	89.97	54.88	46.81
124.4	89.65	54.22	46.82
124.6	89.38	54.1	46.83
124.8	89.08	54.09	46.84
125.0	88.77	54.17	46.84
125.2	88.43	54.27	46.85
125.4	88.03	54.25	46.86
125.6	87.54	54.0	46.86
125.8	87.07	53.73	46.87
126.0	86.65	53.45	46.88
126.2	86.3	53.19	46.88
126.4	86.13	53.01	46.88
126.6	86.22	52.95	46.88
126.8	86.38	52.92	46.87
127.0	86.61	52.91	46.87
127.2	86.88	52.92	46.85
127.4	87.11	52.9	46.84
127.6	87.31	52.87	46.82
127.8	87.5	52.82	46.8
128.0	87.67	52.76	46.78
128.2	87.81	52.66	46.76
128.4	87.87	52.48	46.74
128.6	87.87	52.25	46.72
128.8	87.84	52.02	46.7
129.0	87.79	51.8	46.68
129.2	87.71	51.61	46.66
129.4	87.55	51.44	46.63
129.6	87.38	51.34	46.61
129.8	87.24	51.32	46.59
130.0	87.18	51.41	46.57
130.2	87.25	51.69	46.56
130.4	87.58	52.32	46.56
130.6	87.99	53.02	46.56
130.8	88.45	53.69	46.57
131.0	88.91	54.29	46.59
131.2	89.38	54.51	46.6
131.4	89.79	54.59	46.62
131.6	90.1	54.54	46.63
131.8	90.27	54.35	46.65
132.0	90.1	54.0	46.67
132.2	89.66	53.53	46.69
132.4	89.09	52.97	46.7
132.6	88.44	52.35	46.72
132.8	87.73	51.68	46.74
133.0	87.1	50.96	46.75
133.2	86.48	50.24	46.77
133.4	85.89	49.57	46.78
133.6	85.35	48.98	46.79
133.8	84.88	48.51	46.81
134.0	84.55	48.39	46.82
134.2	84.3	48.41	46.84
134.4	84.15	48.52	46.85
134.6	84.09	48.71	46.87
134.8	84.18	48.92	46.88
135.0	84.45	49.12	46.9
135.2	84.78	49.34	46.92
135.4	85.12	49.59	46.93
135.6	85.44	49.87	46.95
135.8	85.55	50.23	46.97
136.0	85.54	50.62	46.98
136.2	85.47	50.99	47.0
136.4	85.34	51.3	47.02
136.6	85.17	51.54	47.03
136.8	84.98	51.49	47.05
137.0	84.76	51.32	47.06
137.2	84.51	51.09	47.08
137.4	84.23	50.82	47.09
137.6	83.92	50.55	47.11
137.8	83.45	50.23	47.13
138.0	82.97	49.97	47.14
138.2	82.55	49.79	47.16
138.4	82.21	49.74	47.17
138.6	82.01	49.87	47.18
138.8	82.17	50.52	47.18
139.0	82.5	51.34	47.18
139.2	82.97	52.26	47.18
139.4	83.58	53.22	47.18
139.6	84.36	54.12	47.18
139.8	85.35	54.87	47.18
140.0	86.38	55.54	47.17
140.2	87.39	56.12	47.17
140.4	88.32	56.6	47.17
140.6	88.91	56.86	47.17
140.8	89.28	56.98	47.16
141.0	89.53	56.99	47.16
141.2	89.65	56.92	47.16
141.4	89.66	56.79	47.16
141.6	89.48	56.6	47.16
141.8	89.24	56.39	47.15
142.0	89.01	56.17	47.15
142.2	88.82	55.95	47.15
142.4	88.73	55.78	47.15
142.6	89.08	55.79	47.14
142.8	89.51	55.82	47.14
143.0	89.97	55.84	47.14
143.2	90.41	55.83	47.14
143.4	90.73	55.73	47.13
143.6	90.87	55.5	47.13
143.8	90.92	55.21	47.13
144.0	90.89	54.85	47.13
144.2	90.78	54.42	47.13
144.4	90.6	53.85	47.12
144.6	90.35	53.16	47.12
144.8	90.02	52.45	47.12
145.0	89.62	51.74	47.12
145.2	89.14	51.08	47.11
145.4	88.53	50.55	47.11
145.6	87.74	50.22	47.11
145.8	86.95	49.97	47.11
146.0	86.2	49.78	47.1
146.2	85.53	49.65	47.1
146.4	85.06	49.54	47.1
146.6	84.91	49.42	47.1
146.8	84.89	49.36	47.1
147.0	84.97	49.36	47.09
147.2	85.15	49.42	47.09
147.4	85.42	49.67	47.08
147.6	85.74	50.06	47.06
147.8	86.09	50.46	47.04
148.0	86.42	50.85	47.02
148.2	86.71	51.18	47.0
148.4	86.82	51.21	46.98
148.6	86.8	51.06	46.96
148.8	86.73	50.87	46.94
149.0	86.61	50.66	46.92
149.2	86.46	50.49	46.9
149.4	86.2	50.53	46.88
149.6	85.93	50.67	46.86
149.8	85.72	50.86	46.84
150.0	85.62	51.09	46.82
150.2	85.67	51.33	46.8
150.4	86.2	51.52	46.78
150.6	86.88	51.71	46.76
150.8	87.66	51.92	46.74
151.0	88.48	52.14	46.72
151.2	89.29	52.41	46.7
151.4	90.04	52.74	46.68
151.6	90.72	53.06	46.66
151.8	91.29	53.33	46.64
152.0	91.72	53.54	46.62
152.2	91.78	53.52	46.6
152.4	91.54	53.32	46.59
152.6	91.2	53.07	46.57
152.8	90.8	52.81	46.55
153.0	90.39	52.56	46.53
153.2	90.16	52.49	46.5
153.4	90.04	52.51	46.48
153.6	89.99	52.57	46.46
153.8	90.03	52.66	46.44
154.0	90.15	52.76	46.43
154.2	90.57	52.89	46.43
154.4	91.03	53.0	46.44
154.6	91.5	53.08	46.45
154.8	91.91	53.1	46.47
155.0	92.13	52.99	46.48
155.2	92.05	52.69	46.5
155.4	91.86	52.34	46.51
155.6	91.57	51.95	46.53
155.8	91.2	51.53	46.54
156.0	90.76	51.15	46.56
156.2	90.27	50.81	46.57
156.4	89.76	50.5	46.58
156.6	89.24	50.23	46.6
156.8	88.74	50.01	46.61
157.0	88.28	49.89	46.62
157.2	87.87	49.89	46.63
157.4	87.53	49.93	46.64
157.6	87.3	50.01	46.65
157.8	87.2	50.11	46.65
158.0	87.39	50.2	46.65
158.2	87.84	50.28	46.65
158.4	88.35	50.34	46.64
158.6	88.89	50.39	46.63
158.8	89.38	50.41	46.62
159.0	89.54	50.36	46.61
159.2	89.59	50.28	46.6
159.4	89.56	50.18	46.59
159.6	89.48	50.06	46.57
159.8	89.34	49.93	46.56
160.0	89.21	49.82	46.55
160.2	89.04	49.71	46.54
160.4	88.86	49.58	46.52
160.6	88.66	49.44	46.51
160.8	88.44	49.26	46.5
161.0	88.12	48.95	46.48
161.2	87.85	48.66	46.47
161.4	87.65	48.42	46.46
161.6	87.56	48.25	46.45
161.8	87.7	48.26	46.44
162.0	88.19	48.55	46.43
162.2	88.79	48.91	46.43
162.4	89.45	49.32	46.42
162.6	90.12	49.75	46.42
162.8	90.67	50.08	46.42
163.0	91.13	50.35	46.43
163.2	91.53	50.58	46.43
163.4	91.85	50.78	46.44
163.6	92.08	50.94	46.44
163.8	92.12	51.02	46.45
164.0	92.05	51.07	46.45
164.2	91.91	51.08	46.45
164.4	91.73	51.07	46.46
164.6	91.53	51.04	46.46
164.8	91.29	50.94	46.46
165.0	91.07	50.84	46.47
165.2	90.91	50.78	46.47
165.4	90.84	50.8	46.47
165.6	90.88	50.93	46.47
165.8	91.42	51.53	46.47
166.0	92.05	52.2	46.46
166.2	92.68	52.85	46.45
166.4	93.27	53.42	46.45
166.6	93.61	53.65	46.43
166.8	93.59	53.44	46.42
167.0	93.43	53.07	46.4
167.2	93.17	52.62	46.39
167.4	92.83	52.11	46.37
167.6	92.39	51.66	46.35
167.8	91.91	51.3	46.34
168.0	91.42	50.99	46.32
168.2	90.98	50.75	46.3
168.4	90.6	50.61	46.29
168.6	90.42	50.66	46.27
168.8	90.43	50.89	46.25
169.0	90.54	51.2	46.24
169.2	90.74	51.57	46.22
169.4	91.03	51.99	46.21
169.6	91.48	52.44	46.19
169.8	91.98	52.9	46.17
170.0	92.48	53.32	46.16
170.2	92.95	53.71	46.14
170.4	93.28	53.98	46.13
170.6	93.4	54.11	46.11
170.8	93.44	54.17	46.09
171.0	93.42	54.15	46.08
171.2	93.36	54.07	46.06
171.4	93.31	53.89	46.04
171.6	93.28	53.65	46.03
171.8	93.2	53.38	46.01
172.0	93.08	53.1	46.0
172.2	92.91	52.84	45.98
172.4	92.5	52.61	45.96
172.6	92.08	52.44	45.94
172.8	91.71	52.33	45.92
173.0	91.44	52.3	45.91
173.2	91.54	52.46	45.92
173.4	91.84	52.73	45.94
173.6	92.19	53.05	45.96
173.8	92.55	53.4	45.99
174.0	92.77	53.74	46.01
174.2	92.85	54.05	46.04
174.4	92.81	54.29	46.06
174.6	92.65	54.44	46.08
174.8	92.29	54.39	46.11
175.0	91.67	54.07	46.13
175.2	90.92	53.64	46.15
175.4	90.09	53.11	46.18
175.6	89.2	52.52	46.2
175.8	88.26	51.89	46.22
176.0	87.31	51.25	46.24
176.2	86.41	50.64	46.26
176.4	85.61	50.09	46.28
176.6	84.94	49.64	46.3
176.8	84.71	49.47	46.32
177.0	84.62	49.42	46.34
177.2	84.63	49.46	46.37
177.4	84.71	49.59	46.39
177.6	84.78	49.82	46.41
177.8	84.83	50.13	46.44
178.0	84.85	50.43	46.46
178.2	84.84	50.7	46.48
178.4	84.76	50.89	46.51
178.6	84.47	50.75	46.53
178.8	84.11	50.51	46.55
179.0	83.7	50.21	46.57
179.2	83.26	49.86	46.59
179.4	82.8	49.48	46.61
179.6	82.25	49.08	46.64
179.8	81.76	48.72	46.66
180.0	81.39	48.46	46.68
180.2	81.17	48.32	46.7
180.4	81.27	48.44	46.71
180.6	81.76	48.87	46.72
180.8	82.42	49.44	46.73
181.0	83.23	50.11	46.73
181.2	84.14	50.84	46.74
181.4	85.19	51.63	46.74
181.6	86.26	52.4	46.74
181.8	87.31	53.14	46.74
182.0	88.3	53.79	46.75
182.2	89.06	54.18	46.75
182.4	89.63	54.39	46.75
182.6	90.09	54.5	46.75
182.8	90.42	54.53	46.75
183.0	90.61	54.5	46.76
183.2	90.54	54.44	46.76
183.4	90.43	54.36	46.76
183.6	90.34	54.29	46.76
183.8	90.3	54.25	46.76
184.0	90.61	54.36	46.77
184.2	91.14	54.57	46.77
184.4	91.73	54.79	46.77
184.6	92.33	55.0	46.77
184.8	92.89	55.15	46.78
185.0	93.32	55.2	46.78
185.2	93.66	55.18	46.78
185.4	93.89	55.1	46.78
185.6	93.98	54.95	46.79
185.8	93.76	54.65	46.79
186.0	93.4	54.28	46.79
186.2	92.92	53.85	46.79
186.4	92.36	53.38	46.79
186.6	91.74	52.87	46.8
186.8	91.11	52.33	46.8
187.0	90.46	51.79	46.8
187.2	89.83	51.26	46.8
187.4	89.23	50.76	46.8
187.6	88.69	50.31	46.81
187.8	88.28	49.91	46.81
188.0	87.96	49.59	46.82
188.2	87.72	49.35	46.83
188.4	87.58	49.22	46.84
188.6	87.61	49.26	46.85
188.8	87.83	49.51	46.86
189.0	88.1	49.82	46.87
189.2	88.39	50.18	46.89
189.4	88.66	50.52	46.9
189.6	88.76	50.73	46.91
189.8	88.77	50.85	46.92
190.0	88.7	50.92	46.94
190.2	88.57	50.94	46.95
190.4	88.38	50.9	46.96
190.6	88.08	50.76	46.97
190.8	87.72	50.56	46.98
191.0	87.31	50.34	47.0
191.2	86.87	50.12	47.01
191.4	86.4	49.91	47.02
191.6	85.8	49.77	47.03
191.8	85.21	49.67	47.05
192.0	84.7	49.6	47.06
192.2	84.3	49.58	47.07
192.4	84.07	49.6	47.08
192.6	84.34	49.72	47.08
192.8	84.76	49.87	47.08
193.0	85.3	50.04	47.08
193.2	85.92	50.24	47.08
193.4	86.55	50.45	47.08
193.6	87.16	50.7	47.08
193.8	87.73	50.91	47.08
194.0	88.24	51.07	47.08
194.2	88.64	51.16	47.08
194.4	88.76	51.02	47.08
194.6	88.68	50.74	47.09
194.8	88.5	50.4	47.09
195.0	88.25	50.04	47.09
195.2	87.95	49.69	47.09
195.4	87.69	49.5	47.09
195.6	87.43	49.37	47.09
195.8	87.17	49.25	47.09
196.0	86.94	49.15	47.09
196.2	86.73	49.04	47.09
196.4	86.51	48.76	47.09
196.6	86.36	48.51	47.09
196.8	86.31	48.31	47.09
197.0	86.37	48.2	47.09
197.2	86.67	48.32	47.09
197.4	87.35	48.79	47.1
197.6	88.09	49.33	47.1
197.8	88.83	49.88	47.1
198.0	89.5	50.38	47.1
198.2	89.79	50.56	47.1
198.4	89.83	50.54	47.1
198.6	89.75	50.44	47.1
198.8	89.58	50.29	47.11
199.0	89.36	50.13	47.11
199.2	89.16	50.11	47.11
199.4	88.96	50.12	47.11
199.6	88.74	50.12	47.11
199.8	88.51	50.12	47.11
200.0	88.29	50.08	47.12
200.2	88.03	49.85	47.12
200.4	87.8	49.61	47.12
200.6	87.64	49.4	47.12
200.8	87.55	49.26	47.12
201.0	87.6	49.28	47.12
201.2	87.98	49.72	47.12
201.4	88.44	50.23	47.13
201.6	88.94	50.78	47.13
201.8	89.44	51.31	47.13
202.0	89.85	51.62	47.13
202.2	90.13	51.7	47.13
202.4	90.35	51.72	47.13
202.6	90.5	51.68	47.14
202.8	90.59	51.6	47.14
203.0	90.54	51.62	47.14
203.2	90.39	51.68	47.14
203.4	90.19	51.71	47.14
203.6	89.96	51.69	47.14
203.8	89.71	51.6	47.14
204.0	89.4	51.16	47.15
204.2	89.09	50.56	47.15
204.4	88.86	49.99	47.15
204.6	88.75	49.55	47.15
204.8	88.81	49.31	47.15
205.0	89.41	49.9	47.15
205.2	90.22	50.77	47.14
205.4	91.12	51.73	47.14
205.6	92.05	52.68	47.12
205.8	92.9	53.36	47.11
206.0	93.54	53.56	47.08
206.2	94.09	53.61	47.05
206.4	94.54	53.55	47.01
206.6	94.87	53.4	46.97
206.8	95.01	53.26	46.94
207.0	95.0	53.11	46.91
207.2	94.88	52.95	46.88
207.4	94.68	52.77	46.84
207.6	94.42	52.59	46.81
207.8	94.11	52.5	46.78
208.0	93.78	52.43	46.74
208.2	93.44	52.34	46.71
208.4	93.12	52.22	46.68
208.6	92.83	52.06	46.65
208.8	92.6	51.62	46.61
209.0	92.44	51.11	46.57
209.2	92.37	50.65	46.54
209.4	92.39	50.28	46.51
209.6	92.58	50.15	46.5
209.8	93.11	50.54	46.49
210.0	93.67	51.02	46.5
210.2	94.21	51.55	46.51
210.4	94.64	52.04	46.51
210.6	94.62	52.21	46.52
210.8	94.36	52.2	46.53
211.0	93.96	52.08	46.53
211.2	93.47	51.86	46.53
211.4	92.92	51.53	46.54
211.6	92.45	51.02	46.54
211.8	91.96	50.46	46.55
212.0	91.45	49.9	46.55
212.2	90.93	49.38	46.55
212.4	90.36	48.96	46.56
212.6	89.67	48.75	46.56
212.8	89.03	48.65	46.57
213.0	88.49	48.65	46.57
213.2	88.08	48.75	46.57
213.4	88.02	48.98	46.58
213.6	88.29	49.34	46.58
213.8	88.69	49.75	46.59
214.0	89.16	50.2	46.59
214.2	89.65	50.66	46.6
214.4	89.96	51.06	46.6
214.6	90.24	51.44	46.61
214.8	90.48	51.78	46.61
215.0	90.67	52.06	46.61
215.2	90.78	52.24	46.62
215.4	90.79	52.28	46.62
215.6	90.75	52.25	46.63
215.8	90.67	52.17	46.63
216.0	90.56	52.04	46.63
216.2	90.36	51.82	46.64
216.4	90.12	51.54	46.64
216.6	89.91	51.3	46.65
216.8	89.76	51.14	46.65
217.0	89.72	51.11	46.65
217.2	90.03	51.56	46.66
217.4	90.46	52.16	46.66
217.6	90.96	52.8	46.67
217.8	91.46	53.42	46.67
218.0	91.88	53.78	46.68
218.2	92.19	53.88	46.68
218.4	92.43	53.87	46.69
218.6	92.6	53.77	46.69
218.8	92.67	53.61	46.69
219.0	92.57	53.42	46.7
219.2	92.35	53.21	46.7
219.4	92.06	52.98	46.71
219.6	91.71	52.75	46.71
219.8	91.33	52.54	46.72
220.0	90.86	52.39	46.72
220.2	90.4	52.28	46.72
220.4	89.98	52.21	46.73
220.6	89.67	52.18	46.73
220.8	89.52	52.19	46.73
221.0	89.83	52.29	46.73
221.2	90.24	52.42	46.73
221.4	90.69	52.57	46.72
221.6	91.13	52.73	46.72
221.8	91.35	52.9	46.71
222.0	91.39	53.05	46.7
222.2	91.34	53.18	46.69
222.4	91.21	53.26	46.68
222.6	91.03	53.29	46.66
222.8	90.78	53.11	46.65
223.0	90.5	52.84	46.64
223.2	90.2	52.56	46.63
223.4	89.91	52.3	46.62
223.6	89.63	52.08	46.6
223.8	89.4	52.13	46.59
224.0	89.22	52.27	46.58
224.2	89.12	52.43	46.57
224.4	89.11	52.59	46.56
224.6	89.25	52.68	46.55
224.8	89.67	52.53	46.53
225.0	90.15	52.39	46.52
225.2	90.66	52.28	46.51
225.4	91.15	52.25	46.5
225.6	91.48	52.62	46.49
225.8	91.7	53.16	46.47
226.0	91.83	53.7	46.46
226.2	91.86	54.17	46.45
226.4	91.79	54.42	46.44
226.6	91.54	54.11	46.43
226.8	91.21	53.65	46.42
227.0	90.81	53.09	46.4
227.2	90.36	52.48	46.39
227.4	89.83	51.93	46.38
227.6	89.21	51.51	46.37
227.8	88.65	51.15	46.36
228.0	88.18	50.87	46.35
228.2	87.85	50.68	46.33
228.4	87.88	50.66	46.32
228.6	88.25	50.81	46.32
228.8	88.76	51.05	46.31
229.0	89.38	51.35	46.29
229.2	90.07	51.7	46.27
229.4	90.72	52.06	46.24
229.6	91.39	52.45	46.2
229.8	92.05	52.85	46.16
230.0	92.69	53.26	46.11
230.2	93.29	53.73	46.07
230.4	93.82	54.22	46.02
230.6	94.3	54.65	45.98
230.8	94.72	54.99	45.94
231.0	95.06	55.19	45.89
231.2	95.2	54.96	45.85
231.4	95.27	54.53	45.8
231.6	95.34	54.05	45.76
231.8	95.45	53.6	45.71
232.0	95.75	53.39	45.67
232.2	96.24	53.41	45.64
232.4	96.75	53.48	45.61
232.6	97.26	53.56	45.59
232.8	97.75	53.59	45.59
233.0	98.16	53.55	45.62
233.2	98.39	53.42	45.65
233.4	98.39	53.2	45.69
233.6	97.8	52.71	45.72
233.8	96.79	52.05	45.75
234.0	95.55	51.32	45.78
234.2	94.17	50.56	45.81
234.4	92.75	49.83	45.83
234.6	91.54	49.3	45.86
234.8	90.35	48.83	45.88
235.0	89.2	48.41	45.91
235.2	88.09	48.04	45.93
235.4	87.06	47.72	45.95
235.6	86.15	47.42	45.98
235.8	85.33	47.17	46.0
236.0	84.59	46.97	46.02
236.2	83.92	46.83	46.05
236.4	83.35	46.77	46.07
236.6	82.92	46.82	46.1
236.8	82.54	46.92	46.13
237.0	82.18	47.05	46.16
237.2	81.82	47.2	46.19
237.4	81.34	47.32	46.21
237.6	80.79	47.43	46.24
237.8	80.22	47.53	46.26
238.0	79.63	47.61	46.29
238.2	79.04	47.67	46.31
238.4	78.46	47.7	46.34
238.6	77.89	47.71	46.36
238.8	77.35	47.69	46.39
239.0	76.83	47.65	46.41
239.2	76.34	47.59	46.44
239.4	75.79	47.4	46.46
239.6	75.27	47.17	46.48
239.8	74.86	46.99	46.5
240.0	74.61	46.9	46.52
240.2	74.56	46.95	46.54
240.4	75.04	47.39	46.55
240.6	75.77	48.03	46.55
240.8	76.64	48.78	46.56
241.0	77.58	49.6	46.56
241.2	78.49	50.46	46.57
241.4	79.27	51.34	46.58
241.6	80.01	52.19	46.58
241.8	80.7	52.95	46.59
242.0	81.33	53.59	46.6
242.2	81.84	53.86	46.6
242.4	82.25	53.85	46.61
242.6	82.61	53.73	46.62
242.8	82.92	53.54	46.62
243.0	83.22	53.33	46.63
243.2	83.49	53.25	46.63
243.4	83.76	53.26	46.64
243.6	84.05	53.32	46.65
243.8	84.38	53.45	46.65
244.0	84.77	53.64	46.66
244.2	85.4	54.0	46.67
244.4	86.08	54.43	46.67
244.6	86.77	54.89	46.68
244.8	87.43	55.34	46.69
245.0	87.95	55.75	46.7
245.2	88.26	56.08	46.7
245.4	88.51	56.35	46.71
245.6	88.71	56.55	46.71
245.8	88.87	56.68	46.72
246.0	89.06	56.68	46.73
246.2	89.32	56.52	46.73
246.4	89.56	56.29	46.74
246.6	89.79	56.01	46.74
246.8	89.99	55.7	46.75
247.0	90.18	55.46	46.76
247.2	90.36	55.28	46.76
247.4	90.46	55.05	46.77
247.6	90.45	54.75	46.77
247.8	90.24	54.27	46.78
248.0	89.64	53.44	46.79
248.2	88.99	52.58	46.79
248.4	88.37	51.79	46.8
248.6	87.89	51.18	46.81
248.8	87.98	51.14	46.81
249.0	88.18	51.25	46.82
249.2	88.44	51.48	46.83
249.4	88.69	51.75	46.84
249.6	88.69	51.9	46.85
249.8	88.6	52.01	46.86
250.0	88.41	52.07	46.87
250.2	88.11	52.05	46.88
250.4	87.61	51.77	46.89
250.6	86.97	51.33	46.9
250.8	86.24	50.85	46.91
251.0	85.48	50.36	46.92
251.2	84.69	49.93	46.93
251.4	83.95	49.81	46.94
251.6	83.25	49.89	46.94
251.8	82.61	50.0	46.95
252.0	82.03	50.11	46.96
252.2	81.54	50.19	46.97
252.4	81.17	49.94	46.98
252.6	80.93	49.52	46.98
252.8	80.82	49.14	46.99
253.0	80.86	48.86	47.0
253.2	81.07	48.76	47.01
253.4	81.65	49.28	47.02
253.6	82.34	49.94	47.03
253.8	83.09	50.69	47.04
254.0	83.83	51.47	47.05
254.2	84.37	52.05	47.06
254.4	84.77	52.51	47.07
254.6	85.09	52.88	47.07
254.8	85.35	53.16	47.08
255.0	85.53	53.35	47.09
255.2	85.66	53.35	47.1
255.4	85.73	53.25	47.11
255.6	85.75	53.1	47.12
255.8	85.71	52.91	47.13
256.0	85.62	52.72	47.14
256.2	85.33	52.59	47.14
256.4	85.05	52.48	47.15
256.6	84.82	52.4	47.16
256.8	84.7	52.35	47.17
257.0	84.82	52.34	47.17
257.2	85.34	52.39	47.17
257.4	85.98	52.5	47.17
257.6	86.7	52.67	47.17
257.8	87.44	52.93	47.16
258.0	88.12	53.45	47.15
258.2	88.72	54.1	47.14
258.4	89.26	54.73	47.12
258.6	89.7	55.3	47.11
258.8	90.02	55.72	47.09
259.0	90.02	55.53	47.07
259.2	89.89	55.18	47.06
259.4	89.66	54.71	47.04
259.6	89.35	54.19	47.02
259.8	88.99	53.66	47.01
260.0	88.56	53.36	46.99
260.2	88.13	53.11	46.98
260.4	87.72	52.91	46.96
260.6	87.39	52.75	46.95
260.8	87.14	52.64	46.93
261.0	87.16	52.54	46.91
261.2	87.33	52.49	46.9
261.4	87.59	52.53	46.88
261.6	87.94	52.65	46.87
261.8	88.38	52.92	46.85
262.0	88.95	53.5	46.84
262.2	89.53	54.15	46.83
262.4	90.1	54.82	46.82
262.6	90.61	55.45	46.81
262.8	90.93	55.91	46.81
263.0	90.99	56.11	46.8
263.2	90.95	56.21	46.79
263.4	90.83	56.2	46.78
263.6	90.64	56.1	46.77
263.8	90.39	55.87	46.76
264.0	90.09	55.52	46.75
264.2	89.79	55.11	46.74
264.4	89.52	54.7	46.73
264.6	89.3	54.31	46.72
264.8	89.19	53.99	46.71
265.0	89.26	53.85	46.7
265.2	89.44	53.79	46.7
265.4	89.71	53.79	46.69
265.6	90.08	53.86	46.68
265.8	90.61	54.06	46.67
266.0	91.34	54.4	46.65
266.2	92.09	54.76	46.64
266.4	92.81	55.1	46.62
266.6	93.42	55.39	46.61
266.8	93.69	55.42	46.59
267.0	93.69	55.26	46.57
267.2	93.56	55.04	46.56
267.4	93.32	54.8	46.54
267.6	93.0	54.55	46.53
267.8	92.6	54.44	46.51
268.0	92.17	54.41	46.49
268.2	91.76	54.41	46.48
268.4	91.4	54.43	46.46
268.6	91.12	54.46	46.44
268.8	91.11	54.47	46.43
269.0	91.3	54.47	46.41
269.2	91.59	54.48	46.4
269.4	91.94	54.52	46.38
269.6	92.33	54.6	46.36
269.8	92.77	54.86	46.35
270.0	93.2	55.16	46.33
270.2	93.59	55.43	46.31
270.4	93.91	55.65	46.3
270.6	94.12	55.75	46.28
270.8	94.01	55.4	46.27
271.0	93.78	54.96	46.25
271.2	93.45	54.46	46.23
271.4	93.03	53.96	46.22
271.6	92.55	53.5	46.2
271.8	91.95	53.4	46.19
272.0	91.34	53.35	46.17
272.2	90.75	53.33	46.15
272.4	90.22	53.33	46.14
272.6	89.78	53.31	46.12
272.8	89.71	53.1	46.11
273.0	89.75	52.86	46.09
273.2	89.83	52.63	46.06
273.4	89.94	52.42	46.03
273.6	89.99	52.28	45.98
273.8	89.89	52.3	45.89
274.0	89.75	52.36	45.79
274.2	89.55	52.45	45.68
274.4	89.3	52.53	45.57
274.6	88.99	52.6	45.45
274.8	88.61	52.58	45.35
275.0	88.19	52.53	45.25
275.2	87.73	52.45	45.14
275.4	87.25	52.33	45.04
275.6	86.74	52.18	44.94
275.8	86.1	51.88	44.83
276.0	85.49	51.56	44.73
276.2	84.94	51.25	44.63
276.4	84.49	50.98	44.52
276.6	84.18	50.76	44.42
276.8	84.32	50.73	44.32
277.0	84.61	50.78	44.21
277.2	85.0	50.9	44.11
277.4	85.45	51.08	44.01
277.6	85.92	51.34	43.9
277.8	86.32	51.73	43.8
278.0	86.71	52.14	43.69
278.2	87.04	52.53	43.59
278.4	87.32	52.86	43.49
278.6	87.47	53.01	43.38
278.8	87.44	52.86	43.28
279.0	87.34	52.64	43.18
279.2	87.16	52.4	43.07
279.4	86.93	52.15	42.97
279.6	86.65	52.04	42.87
279.8	86.31	52.18	42.76
280.0	85.97	52.36	42.66
280.2	85.65	52.55	42.56
280.4	85.39	52.73	42.45
280.6	85.22	52.82	42.35
280.8	85.23	52.61	42.24
281.0	85.33	52.39	42.13
281.2	85.53	52.23	42.03
281.4	85.82	52.16	41.93
281.6	86.25	52.39	41.84
281.8	86.85	53.05	41.76
282.0	87.48	53.76	41.68
282.2	88.13	54.46	41.61
282.4	88.75	55.06	41.55
282.6	89.24	55.12	41.49
282.8	89.64	54.94	41.43
283.0	89.96	54.65	41.37
283.2	90.18	54.3	41.32
283.4	90.3	53.92	41.27
283.6	90.24	53.85	41.21
283.8	90.07	53.78	41.16
284.0	89.81	53.68	41.1
284.2	89.46	53.53	41.05
284.4	89.03	53.31	40.99
284.6	88.38	52.7	40.94
284.8	87.69	52.01	40.88
285.0	87.02	51.31	40.83
285.2	86.4	50.63	40.77
285.4	85.88	50.01	40.72
285.6	85.77	49.69	40.66
285.8	85.81	49.5	40.6
286.0	85.93	49.39	40.54
286.2	86.1	49.36	40.49
286.4	86.28	49.4	40.44
286.6	86.41	49.63	40.41
286.8	86.5	49.87	40.39
287.0	86.55	50.05	40.37
287.2	86.51	50.15	40.36
287.4	86.35	50.0	40.35
287.6	85.95	49.39	40.33
287.8	85.46	48.65	40.31
