0.2	82.69	50.73	42.7
0.4	82.37	50.81	42.69
0.6	82.31	50.95	42.71
0.8	82.46	51.13	42.75
1.0	82.78	51.35	42.81
1.2	83.23	51.59	42.89
1.4	83.76	51.84	42.97
1.6	84.34	52.09	43.07
1.8	84.9	52.34	43.17
2.0	85.43	52.57	43.28
2.2	85.71	52.73	43.38
2.4	85.82	52.84	43.47
2.6	85.86	52.93	43.57
2.8	85.84	52.98	43.66
3.0	85.78	53.01	43.76
3.2	85.69	52.98	43.85
3.4	85.6	52.94	43.95
3.6	85.53	52.9	44.04
3.8	85.51	52.87	44.13
4.0	85.56	52.88	44.21
4.2	85.74	52.97	44.28
4.4	86.02	53.11	44.35
4.6	86.39	53.28	44.4
4.8	86.88	53.49	44.45
5.0	87.59	53.8	44.49
5.2	88.48	54.17	44.52
5.4	89.43	54.52	44.55
5.6	90.38	54.82	44.57
5.8	91.29	55.03	44.59
6.0	92.04	55.0	44.61
6.2	92.69	54.87	44.64
6.4	93.21	54.64	44.66
6.6	93.6	54.3	44.69
6.8	93.74	53.84	44.71
7.0	93.65	53.28	44.74
7.2	93.44	52.65	44.76
7.4	93.12	51.96	44.79
7.6	92.73	51.23	44.81
7.8	92.25	50.41	44.84
8.0	91.77	49.59	44.86
8.2	91.31	48.82	44.89
8.4	90.92	48.14	44.91
8.6	90.75	47.68	44.93
8.8	90.86	47.51	44.96
9.0	91.04	47.44	44.98
9.2	91.25	47.43	45.01
9.4	91.44	47.46	45.04
9.6	91.45	47.41	45.06
9.8	91.38	47.34	45.09
10.0	91.23	47.23	45.11
10.2	91.01	47.07	45.14
10.4	90.69	46.82	45.16
10.6	90.23	46.43	45.19
10.8	89.72	45.99	45.21
11.0	89.18	45.53	45.24
11.2	88.62	45.07	45.26
11.4	88.05	44.63	45.28
11.6	87.51	44.23	45.3
11.8	87.03	43.89	45.32
12.0	86.66	43.63	45.35
12.2	86.41	43.49	45.38
12.4	86.53	43.65	45.43
12.6	86.82	43.95	45.49
12.8	87.19	44.31	45.56
13.0	87.61	44.71	45.63
13.2	88.02	45.08	45.7
13.4	88.36	45.37	45.77
13.6	88.65	45.61	45.84
13.8	88.86	45.79	45.91
14.0	88.96	45.91	45.99
14.2	88.78	45.87	46.06
14.4	88.43	45.74	46.13
14.6	87.98	45.54	46.2
14.8	87.47	45.28	46.27
15.0	86.91	44.97	46.34
15.2	86.31	44.57	46.41
15.4	85.74	44.17	46.48
15.6	85.22	43.8	46.54
15.8	84.8	43.48	46.61
16.0	84.59	43.32	46.68
16.2	84.64	43.36	46.75
16.4	84.8	43.47	46.82
16.6	85.07	43.66	46.89
16.8	85.4	43.89	46.96
17.0	85.83	44.18	47.03
17.2	86.29	44.48	47.1
17.4	86.72	44.77	47.17
17.6	87.1	45.04	47.24
17.8	87.31	45.22	47.32
18.0	87.31	45.28	47.39
18.2	87.22	45.29	47.46
18.4	87.05	45.25	47.53
18.6	86.82	45.15	47.6
18.8	86.52	44.97	47.67
19.0	86.2	44.76	47.74
19.2	85.89	44.54	47.81
19.4	85.6	44.33	47.87
19.6	85.38	44.15	47.94
19.8	85.24	44.05	48.01
20.0	85.19	44.01	48.08
20.2	85.26	44.05	48.15
20.4	85.46	44.18	48.22
20.6	85.96	44.53	48.29
20.8	86.63	45.0	48.36
21.0	87.38	45.51	48.43
21.2	88.17	46.03	48.5
21.4	88.91	46.48	48.57
21.6	89.55	46.82	48.64
21.8	90.12	47.1	48.71
22.0	90.61	47.32	48.78
22.2	90.99	47.48	48.86
22.4	91.16	47.56	48.93
22.6	91.22	47.57	49.0
22.8	91.18	47.52	49.07
23.0	91.06	47.41	49.14
23.2	90.84	47.22	49.21
23.4	90.54	46.95	49.28
23.6	90.23	46.68	49.34
23.8	89.94	46.42	49.41
24.0	89.7	46.2	49.48
24.2	89.64	46.15	49.55
24.4	89.65	46.16	49.62
24.6	89.75	46.2	49.69
24.8	89.93	46.26	49.76
25.0	90.29	46.3	49.84
25.2	90.77	46.32	49.91
25.4	91.25	46.36	49.98
25.6	91.71	46.41	50.05
25.8	92.06	46.53	50.12
26.0	92.2	46.76	50.19
26.2	92.24	46.98	50.27
26.4	92.17	47.15	50.34
26.6	92.0	47.26	50.41
26.8	91.65	47.11	50.48
27.0	91.19	46.83	50.55
27.2	90.66	46.47	50.62
27.4	90.08	46.06	50.69
27.6	89.44	45.6	50.76
27.8	88.71	45.06	50.84
28.0	88.02	44.56	50.91
28.2	87.45	44.16	50.98
28.4	87.04	43.88	51.04
28.6	87.07	43.97	51.08
28.8	87.42	44.32	51.12
29.0	87.92	44.8	51.14
29.2	88.54	45.39	51.16
29.4	89.22	46.04	51.18
29.6	89.9	46.73	51.2
29.8	90.55	47.42	51.22
30.0	91.14	48.06	51.23
30.2	91.62	48.62	51.25
30.4	91.79	48.91	51.27
30.6	91.76	49.04	51.29
30.8	91.62	49.09	51.3
31.0	91.38	49.08	51.32
31.2	91.05	49.05	51.34
31.4	90.64	49.05	51.36
31.6	90.23	49.05	51.37
31.8	89.86	49.04	51.39
32.0	89.56	49.05	51.41
32.2	89.51	49.05	51.43
32.4	89.61	49.08	51.44
32.6	89.82	49.16	51.46
32.8	90.1	49.31	51.48
33.0	90.49	49.62	51.5
33.2	91.01	50.15	51.51
33.4	91.51	50.7	51.53
33.6	91.96	51.22	51.55
33.8	92.31	51.65	51.57
34.0	92.3	51.71	51.59
34.2	92.1	51.6	51.61
34.4	91.78	51.4	51.62
34.6	91.35	51.13	51.64
34.8	90.82	50.83	51.66
35.0	90.17	50.54	51.67
35.2	89.5	50.26	51.69
35.4	88.84	50.02	51.71
35.6	88.25	49.84	51.73
35.8	87.87	49.81	51.75
36.0	87.7	49.94	51.78
36.2	87.64	50.13	51.82
36.4	87.64	50.36	51.86
36.6	87.7	50.61	51.9
36.8	87.84	50.84	51.94
37.0	87.99	51.05	51.99
37.2	88.12	51.24	52.04
37.4	88.18	51.41	52.09
37.6	88.12	51.52	52.14
37.8	87.72	51.52	52.19
38.0	87.21	51.47	52.24
38.2	86.65	51.4	52.29
38.4	86.05	51.31	52.34
38.6	85.45	51.17	52.38
38.8	84.86	50.93	52.43
39.0	84.35	50.73	52.47
39.2	83.95	50.65	52.52
39.4	83.71	50.72	52.56
39.6	83.73	51.09	52.61
39.8	84.21	52.0	52.66
40.0	84.86	53.08	52.7
40.2	85.64	54.26	52.75
40.4	86.53	55.51	52.79
40.6	87.46	56.72	52.84
40.8	88.41	57.84	52.88
41.0	89.34	58.88	52.93
41.2	90.2	59.8	52.97
41.4	90.97	60.55	53.02
41.6	91.45	60.96	53.07
41.8	91.77	61.16	53.11
42.0	91.97	61.18	53.16
42.2	92.05	61.06	53.21
42.4	91.98	60.75	53.26
42.6	91.77	60.29	53.31
42.8	91.52	59.76	53.36
43.0	91.26	59.22	53.41
43.2	91.04	58.72	53.45
43.4	91.08	58.46	53.49
43.6	91.18	58.28	53.53
43.8	91.33	58.17	53.55
44.0	91.51	58.12	53.55
44.2	91.7	58.14	53.53
44.4	91.89	58.23	53.49
44.6	92.06	58.33	53.42
44.8	92.19	58.43	53.34
45.0	92.27	58.49	53.25
45.2	92.24	58.47	53.13
45.4	92.12	58.38	53.01
45.6	91.9	58.23	52.88
45.8	91.57	58.01	52.74
46.0	91.1	57.67	52.61
46.2	90.41	57.17	52.48
46.4	89.62	56.61	52.35
46.6	88.77	56.01	52.22
46.8	87.88	55.38	52.1
47.0	86.95	54.75	51.97
47.2	86.0	54.13	51.84
47.4	85.11	53.56	51.71
47.6	84.32	53.08	51.58
47.8	83.67	52.71	51.46
48.0	83.36	52.6	51.33
48.2	83.38	52.75	51.2
48.4	83.55	53.02	51.07
48.6	83.81	53.38	50.94
48.8	84.15	53.79	50.82
49.0	84.48	54.24	50.69
49.2	84.79	54.68	50.56
49.4	85.08	55.12	50.43
49.6	85.32	55.52	50.3
49.8	85.48	55.86	50.18
50.0	85.39	56.01	50.05
50.2	85.22	56.08	49.92
50.4	84.99	56.09	49.79
50.6	84.71	56.06	49.67
50.8	84.41	55.99	49.54
51.0	84.11	55.89	49.41
51.2	83.82	55.77	49.28
51.4	83.56	55.66	49.15
51.6	83.35	55.56	49.03
51.8	83.2	55.47	48.89
52.0	83.15	55.41	48.75
52.2	83.19	55.41	48.61
52.4	83.34	55.48	48.48
52.6	83.61	55.65	48.38
52.8	84.16	56.08	48.31
53.0	84.88	56.67	48.27
53.2	85.66	57.3	48.25
53.4	86.44	57.94	48.25
53.6	87.18	58.53	48.26
53.8	87.75	59.01	48.29
54.0	88.22	59.39	48.33
54.2	88.58	59.66	48.38
54.4	88.82	59.79	48.43
54.6	88.85	59.65	48.48
54.8	88.68	59.27	48.53
55.0	88.39	58.77	48.57
55.2	88.02	58.2	48.62
55.4	87.59	57.61	48.66
55.6	87.09	57.1	48.7
55.8	86.58	56.63	48.75
56.0	86.1	56.22	48.79
56.2	85.69	55.86	48.83
56.4	85.4	55.59	48.87
56.6	85.46	55.53	48.92
56.8	85.61	55.54	48.96
57.0	85.82	55.58	49.01
57.2	86.07	55.64	49.05
57.4	86.27	55.65	49.09
57.6	86.38	55.58	49.14
57.8	86.47	55.48	49.18
58.0	86.53	55.34	49.23
58.2	86.54	55.15	49.27
58.4	86.42	54.78	49.32
58.6	86.25	54.34	49.36
58.8	86.08	53.91	49.41
59.0	85.93	53.53	49.45
59.2	85.83	53.23	49.49
59.4	86.0	53.35	49.54
59.6	86.21	53.55	49.58
59.8	86.44	53.77	49.62
60.0	86.64	53.98	49.67
60.2	86.77	54.07	49.71
60.4	86.74	53.9	49.75
60.6	86.64	53.65	49.8
60.8	86.48	53.36	49.84
61.0	86.25	53.05	49.89
61.2	85.91	52.75	49.93
61.4	85.48	52.5	49.97
61.6	85.03	52.26	50.02
61.8	84.6	52.02	50.06
62.0	84.22	51.8	50.1
62.2	83.99	51.54	50.15
62.4	83.9	51.3	50.19
62.6	83.88	51.1	50.24
62.8	83.96	50.96	50.28
63.0	84.12	50.9	50.33
63.2	84.45	51.1	50.38
63.4	84.85	51.37	50.42
63.6	85.27	51.69	50.47
63.8	85.69	52.03	50.52
64.0	86.07	52.35	50.57
64.2	86.35	52.6	50.62
64.4	86.56	52.82	50.67
64.6	86.67	52.97	50.71
64.8	86.68	53.05	50.76
65.0	86.45	52.99	50.81
65.2	86.01	52.78	50.86
65.4	85.49	52.52	50.9
65.6	84.92	52.2	50.95
65.8	84.34	51.86	51.0
66.0	83.78	51.47	51.05
66.2	83.29	51.08	51.09
66.4	82.91	50.76	51.14
66.6	82.66	50.51	51.19
66.8	82.63	50.42	51.23
67.0	83.11	50.69	51.28
67.2	83.73	51.07	51.33
67.4	84.42	51.51	51.38
67.6	85.13	51.99	51.42
67.8	85.7	52.44	51.47
68.0	86.13	52.84	51.52
68.2	86.45	53.19	51.57
68.4	86.66	53.45	51.62
68.6	86.74	53.6	51.67
68.8	86.54	53.44	51.72
69.0	86.23	53.18	51.77
69.2	85.81	52.85	51.82
69.4	85.33	52.48	51.86
69.6	84.78	52.1	51.91
69.8	84.16	51.74	51.95
70.0	83.58	51.44	52.0
70.2	83.1	51.21	52.04
70.4	82.76	51.1	52.07
70.6	82.88	51.27	52.1
70.8	83.26	51.63	52.13
71.0	83.76	52.07	52.15
71.2	84.32	52.56	52.17
71.4	84.86	53.05	52.2
71.6	85.25	53.48	52.22
71.8	85.58	53.88	52.24
72.0	85.83	54.2	52.27
72.2	85.97	54.43	52.29
72.4	85.89	54.41	52.31
72.6	85.65	54.22	52.34
72.8	85.33	53.97	52.36
73.0	84.94	53.7	52.38
73.2	84.53	53.44	52.41
73.4	84.05	53.3	52.43
73.6	83.61	53.22	52.45
73.8	83.27	53.21	52.48
74.0	83.06	53.28	52.5
74.2	83.18	53.49	52.52
74.4	83.58	53.81	52.53
74.6	84.13	54.21	52.55
74.8	84.78	54.65	52.56
75.0	85.51	55.15	52.57
75.2	86.27	55.71	52.58
75.4	87.04	56.26	52.58
75.6	87.75	56.75	52.59
75.8	88.39	57.17	52.6
76.0	88.77	57.33	52.6
76.2	89.02	57.36	52.61
76.4	89.15	57.31	52.62
76.6	89.19	57.2	52.63
76.8	89.1	57.06	52.63
77.0	88.9	56.92	52.64
77.2	88.66	56.76	52.65
77.4	88.42	56.59	52.65
77.6	88.2	56.41	52.66
77.8	88.1	56.23	52.67
78.0	88.06	56.07	52.67
78.2	88.1	55.93	52.68
78.4	88.22	55.83	52.69
78.6	88.55	55.82	52.69
78.8	89.0	55.88	52.7
79.0	89.48	55.98	52.71
79.2	89.95	56.13	52.71
79.4	90.32	56.32	52.72
79.6	90.48	56.6	52.73
79.8	90.55	56.87	52.73
80.0	90.54	57.11	52.74
80.2	90.44	57.29	52.75
80.4	90.25	57.28	52.75
80.6	89.98	57.14	52.76
80.8	89.65	56.93	52.77
81.0	89.29	56.64	52.77
81.2	88.89	56.29	52.78
81.4	88.4	55.78	52.79
81.6	87.93	55.27	52.79
81.8	87.53	54.82	52.8
82.0	87.24	54.46	52.81
82.2	87.24	54.38	52.81
82.4	87.53	54.6	52.81
82.6	87.91	54.93	52.81
82.8	88.34	55.33	52.81
83.0	88.76	55.78	52.81
83.2	89.05	56.2	52.81
83.4	89.26	56.6	52.82
83.6	89.39	56.95	52.82
83.8	89.43	57.24	52.82
84.0	89.33	57.38	52.82
84.2	89.03	57.31	52.82
84.4	88.65	57.15	52.82
84.6	88.2	56.93	52.82
84.8	87.71	56.65	52.82
85.0	87.16	56.3	52.82
85.2	86.6	55.92	52.82
85.4	86.08	55.57	52.82
85.6	85.66	55.28	52.82
85.8	85.37	55.09	52.82
86.0	85.5	55.18	52.83
86.2	85.8	55.41	52.83
86.4	86.2	55.72	52.83
86.6	86.67	56.1	52.83
86.8	87.14	56.53	52.83
87.0	87.58	57.0	52.83
87.2	87.97	57.46	52.83
87.4	88.29	57.86	52.83
87.6	88.52	58.2	52.83
87.8	88.52	58.3	52.83
88.0	88.32	58.23	52.83
88.2	88.03	58.06	52.83
88.4	87.68	57.83	52.83
88.6	87.29	57.54	52.84
88.8	86.91	57.2	52.84
89.0	86.54	56.86	52.83
89.2	86.2	56.54	52.84
89.4	85.93	56.28	52.84
89.6	85.75	56.11	52.84
89.8	85.81	56.2	52.85
90.0	85.96	56.4	52.85
90.2	86.19	56.68	52.86
90.4	86.5	57.03	52.87
90.6	86.88	57.44	52.88
90.8	87.34	57.93	52.89
91.0	87.82	58.42	52.91
91.2	88.29	58.9	52.92
91.4	88.73	59.34	52.93
91.6	89.04	59.64	52.94
91.8	89.25	59.82	52.95
92.0	89.4	59.93	52.96
92.2	89.51	59.97	52.97
92.4	89.56	59.93	52.98
92.6	89.56	59.75	53.0
92.8	89.52	59.52	53.01
93.0	89.46	59.25	53.02
93.2	89.4	58.96	53.03
93.4	89.34	58.69	53.04
93.6	89.29	58.49	53.05
93.8	89.27	58.32	53.06
94.0	89.29	58.2	53.07
94.2	89.37	58.14	53.08
94.4	89.54	58.17	53.09
94.6	89.9	58.34	53.1
94.8	90.3	58.57	53.11
95.0	90.71	58.83	53.13
95.2	91.11	59.11	53.14
95.4	91.43	59.41	53.15
95.6	91.67	59.71	53.16
95.8	91.83	59.97	53.17
96.0	91.91	60.15	53.18
96.2	91.9	60.22	53.19
96.4	91.7	60.0	53.2
96.6	91.37	59.58	53.21
96.8	90.95	59.07	53.23
97.0	90.46	58.51	53.24
97.2	89.92	57.94	53.25
97.4	89.28	57.43	53.26
97.6	88.61	56.97	53.27
97.8	87.96	56.57	53.28
98.0	87.38	56.24	53.29
98.2	86.88	56.0	53.3
98.4	86.64	55.96	53.31
98.6	86.55	56.04	53.32
98.8	86.58	56.21	53.33
99.0	86.71	56.46	53.34
99.2	86.94	56.79	53.35
99.4	87.31	57.23	53.36
99.6	87.74	57.7	53.36
99.8	88.22	58.2	53.37
100.0	88.72	58.69	53.38
100.2	89.22	59.16	53.39
100.4	89.67	59.56	53.4
100.6	90.09	59.91	53.41
100.8	90.45	60.18	53.42
101.0	90.73	60.37	53.43
101.2	90.86	60.38	53.44
101.4	90.84	60.2	53.45
101.6	90.73	59.96	53.46
101.8	90.56	59.66	53.47
102.0	90.32	59.35	53.48
102.2	90.02	59.07	53.48
102.4	89.67	58.82	53.49
102.6	89.34	58.62	53.5
102.8	89.05	58.47	53.51
103.0	88.82	58.39	53.52
103.2	88.81	58.52	53.52
103.4	88.9	58.74	53.53
103.6	89.08	59.0	53.53
103.8	89.34	59.29	53.53
104.0	89.68	59.57	53.53
104.2	90.14	59.8	53.53
104.4	90.62	60.01	53.53
104.6	91.11	60.23	53.53
104.8	91.57	60.43	53.52
105.0	91.94	60.69	53.52
105.2	92.23	60.94	53.52
105.4	92.45	61.15	53.52
105.6	92.58	61.31	53.52
105.8	92.6	61.37	53.51
106.0	92.41	61.22	53.51
106.2	92.13	60.99	53.51
106.4	91.78	60.68	53.51
106.6	91.39	60.33	53.5
106.8	90.96	59.92	53.5
107.0	90.52	59.46	53.5
107.2	90.09	59.01	53.49
107.4	89.69	58.59	53.49
107.6	89.36	58.21	53.49
107.8	89.16	57.97	53.5
108.0	89.12	57.87	53.5
108.2	89.16	57.85	53.51
108.4	89.27	57.91	53.52
108.6	89.45	58.04	53.53
108.8	89.71	58.27	53.55
109.0	90.02	58.57	53.56
109.2	90.35	58.9	53.58
109.4	90.68	59.26	53.6
109.6	90.99	59.62	53.62
109.8	91.22	60.0	53.63
110.0	91.41	60.34	53.65
110.2	91.53	60.62	53.67
110.4	91.57	60.82	53.69
110.6	91.49	60.86	53.7
110.8	91.22	60.63	53.72
111.0	90.87	60.31	53.74
111.2	90.46	59.93	53.76
111.4	90.02	59.52	53.77
111.6	89.55	59.14	53.79
111.8	89.07	58.83	53.81
112.0	88.61	58.56	53.82
112.2	88.21	58.33	53.84
112.4	87.87	58.16	53.86
112.6	87.71	58.07	53.87
112.8	87.73	58.07	53.89
113.0	87.84	58.14	53.91
113.2	88.0	58.27	53.92
113.4	88.2	58.46	53.94
113.6	88.39	58.77	53.96
113.8	88.58	59.15	53.97
114.0	88.75	59.54	53.99
114.2	88.9	59.92	54.01
114.4	89.02	60.24	54.03
114.6	89.05	60.37	54.04
114.8	89.03	60.41	54.06
115.0	88.96	60.38	54.08
115.2	88.85	60.29	54.09
115.4	88.7	60.15	54.11
115.6	88.51	59.98	54.13
115.8	88.29	59.78	54.15
116.0	88.04	59.55	54.16
116.2	87.77	59.29	54.18
116.4	87.46	59.01	54.2
116.6	87.04	58.64	54.21
116.8	86.65	58.29	54.23
117.0	86.32	58.01	54.24
117.2	86.1	57.82	54.25
117.4	86.13	57.85	54.26
117.6	86.51	58.21	54.26
117.8	87.0	58.66	54.26
118.0	87.55	59.15	54.26
118.2	88.12	59.65	54.25
118.4	88.57	60.0	54.24
118.6	88.93	60.24	54.22
118.8	89.24	60.43	54.2
119.0	89.49	60.58	54.17
119.2	89.68	60.69	54.15
119.4	89.77	60.75	54.13
119.6	89.81	60.77	54.11
119.8	89.8	60.77	54.09
120.0	89.74	60.74	54.07
120.2	89.64	60.7	54.05
120.4	89.5	60.65	54.03
120.6	89.34	60.59	54.01
120.8	89.16	60.51	53.99
121.0	88.99	60.41	53.97
121.2	88.8	60.25	53.94
121.4	88.6	60.03	53.92
121.6	88.45	59.83	53.9
121.8	88.36	59.67	53.88
122.0	88.34	59.58	53.86
122.2	88.57	59.72	53.86
122.4	88.93	59.98	53.86
122.6	89.34	60.3	53.87
122.8	89.77	60.65	53.88
123.0	90.18	61.01	53.9
123.2	90.49	61.33	53.91
123.4	90.75	61.63	53.92
123.6	90.94	61.86	53.94
123.8	91.04	62.02	53.95
124.0	91.01	62.02	53.96
124.2	90.82	61.84	53.98
124.4	90.56	61.59	53.99
124.6	90.25	61.3	54.0
124.8	89.9	61.0	54.01
125.0	89.56	60.79	54.03
125.2	89.22	60.61	54.04
125.4	88.87	60.44	54.05
125.6	88.53	60.27	54.06
125.8	88.2	60.1	54.08
126.0	87.81	59.8	54.09
126.2	87.47	59.51	54.09
126.4	87.19	59.28	54.1
126.6	87.03	59.14	54.11
126.8	87.06	59.19	54.11
127.0	87.38	59.51	54.11
127.2	87.81	59.94	54.11
127.4	88.31	60.41	54.11
127.6	88.84	60.91	54.11
127.8	89.33	61.36	54.11
128.0	89.78	61.76	54.11
128.2	90.18	62.1	54.11
128.4	90.51	62.37	54.1
128.6	90.72	62.51	54.1
128.8	90.68	62.42	54.1
129.0	90.56	62.24	54.1
129.2	90.38	62.0	54.1
129.4	90.16	61.71	54.1
129.6	89.95	61.41	54.1
129.8	89.78	61.11	54.09
130.0	89.63	60.83	54.09
130.2	89.52	60.6	54.09
130.4	89.47	60.43	54.09
130.6	89.58	60.45	54.1
130.8	89.78	60.6	54.11
131.0	90.04	60.8	54.13
131.2	90.34	61.05	54.14
131.4	90.66	61.32	54.16
131.6	91.04	61.61	54.18
131.8	91.39	61.88	54.19
132.0	91.69	62.11	54.21
132.2	91.92	62.27	54.23
132.4	91.96	62.25	54.25
132.6	91.83	62.08	54.26
132.8	91.61	61.83	54.28
133.0	91.31	61.53	54.3
133.2	90.96	61.19	54.31
133.4	90.53	60.8	54.33
133.6	90.09	60.41	54.35
133.8	89.67	60.07	54.36
134.0	89.3	59.81	54.38
134.2	89.05	59.72	54.4
134.4	89.04	59.95	54.41
134.6	89.1	60.26	54.43
134.8	89.22	60.63	54.45
135.0	89.36	60.99	54.46
135.2	89.49	61.23	54.48
135.4	89.59	61.36	54.5
135.6	89.67	61.44	54.51
135.8	89.72	61.47	54.53
136.0	89.73	61.47	54.55
136.2	89.65	61.42	54.57
136.4	89.52	61.34	54.58
136.6	89.35	61.24	54.6
136.8	89.15	61.12	54.62
137.0	88.91	61.01	54.64
137.2	88.66	60.93	54.65
137.4	88.39	60.83	54.67
137.6	88.1	60.71	54.69
137.8	87.79	60.57	54.7
138.0	87.4	60.3	54.72
138.2	86.98	59.96	54.74
138.4	86.6	59.65	54.75
138.6	86.31	59.42	54.77
138.8	86.13	59.29	54.78
139.0	86.31	59.53	54.78
139.2	86.62	59.9	54.79
139.4	87.02	60.36	54.79
139.6	87.48	60.87	54.79
139.8	87.98	61.38	54.79
140.0	88.47	61.86	54.79
140.2	88.94	62.31	54.79
140.4	89.36	62.73	54.79
140.6	89.69	63.07	54.79
140.8	89.75	63.2	54.79
141.0	89.72	63.27	54.79
141.2	89.66	63.31	54.8
141.4	89.57	63.33	54.8
141.6	89.54	63.41	54.8
141.8	89.58	63.57	54.8
142.0	89.66	63.73	54.8
142.2	89.79	63.9	54.8
142.4	89.97	64.07	54.8
142.6	90.32	64.24	54.81
142.8	90.7	64.39	54.81
143.0	91.07	64.52	54.81
143.2	91.42	64.62	54.81
143.4	91.67	64.71	54.81
143.6	91.83	64.76	54.81
143.8	91.9	64.75	54.81
144.0	91.88	64.68	54.81
144.2	91.69	64.49	54.82
144.4	91.29	64.13	54.82
144.6	90.81	63.72	54.82
144.8	90.3	63.28	54.82
145.0	89.78	62.85	54.82
145.2	89.35	62.46	54.82
145.4	88.99	62.14	54.82
145.6	88.71	61.89	54.83
145.8	88.55	61.75	54.83
146.0	88.56	61.78	54.83
146.2	88.86	62.1	54.83
146.4	89.26	62.51	54.83
146.6	89.73	62.97	54.83
146.8	90.23	63.42	54.83
147.0	90.68	63.74	54.82
147.2	91.11	63.98	54.82
147.4	91.51	64.16	54.8
147.6	91.86	64.27	54.79
147.8	92.14	64.26	54.77
148.0	92.32	64.12	54.76
148.2	92.44	63.94	54.74
148.4	92.5	63.74	54.72
148.6	92.48	63.55	54.7
148.8	92.35	63.57	54.68
149.0	92.15	63.62	54.66
149.2	91.91	63.66	54.64
149.4	91.64	63.67	54.62
149.6	91.36	63.54	54.6
149.8	91.05	63.13	54.58
150.0	90.78	62.7	54.56
150.2	90.57	62.3	54.54
150.4	90.44	61.96	54.52
150.6	90.58	61.96	54.5
150.8	90.88	62.18	54.48
151.0	91.24	62.46	54.46
151.2	91.61	62.77	54.44
151.4	91.93	63.03	54.43
151.6	92.1	63.1	54.41
151.8	92.19	63.1	54.4
152.0	92.17	63.03	54.39
152.2	92.05	62.88	54.37
152.4	91.7	62.59	54.36
152.6	91.13	62.17	54.35
152.8	90.5	61.73	54.33
153.0	89.84	61.29	54.32
153.2	89.2	60.91	54.31
153.4	88.7	60.77	54.29
153.6	88.31	60.75	54.28
153.8	88.01	60.81	54.27
154.0	87.81	60.93	54.25
154.2	87.73	61.1	54.24
154.4	87.91	61.28	54.23
154.6	88.2	61.49	54.21
154.8	88.55	61.71	54.2
155.0	88.93	61.92	54.19
155.2	89.29	62.12	54.17
155.4	89.58	62.29	54.16
155.6	89.83	62.42	54.15
155.8	90.02	62.51	54.13
156.0	90.11	62.55	54.12
156.2	89.96	62.43	54.11
156.4	89.69	62.23	54.09
156.6	89.37	62.02	54.08
156.8	89.05	61.82	54.07
157.0	88.79	61.68	54.05
157.2	88.69	61.73	54.04
157.4	88.66	61.83	54.03
157.6	88.7	61.97	54.01
157.8	88.81	62.13	54.0
158.0	88.99	62.28	53.98
158.2	89.25	62.4	53.97
158.4	89.57	62.54	53.96
158.6	89.96	62.73	53.94
158.8	90.39	62.98	53.93
159.0	90.92	63.42	53.92
159.2	91.49	63.92	53.91
159.4	92.07	64.44	53.91
159.6	92.62	64.94	53.9
159.8	93.14	65.37	53.9
160.0	93.59	65.69	53.89
160.2	93.96	65.92	53.88
160.4	94.23	66.06	53.88
160.6	94.37	66.1	53.87
160.8	94.2	65.9	53.87
161.0	93.87	65.59	53.86
161.2	93.45	65.22	53.86
161.4	92.98	64.81	53.85
161.6	92.51	64.42	53.84
161.8	92.11	64.12	53.83
162.0	91.76	63.85	53.82
162.2	91.46	63.64	53.82
162.4	91.24	63.48	53.82
162.6	91.2	63.44	53.83
162.8	91.34	63.51	53.85
163.0	91.53	63.63	53.87
163.2	91.77	63.78	53.9
163.4	92.01	63.96	53.94
163.6	92.24	64.19	53.97
163.8	92.42	64.39	54.01
164.0	92.54	64.54	54.05
164.2	92.56	64.6	54.1
164.4	92.36	64.42	54.14
164.6	91.94	64.02	54.18
164.8	91.45	63.54	54.22
165.0	90.9	63.02	54.26
165.2	90.33	62.49	54.3
165.4	89.85	62.08	54.34
165.6	89.41	61.72	54.38
165.8	89.0	61.41	54.41
166.0	88.64	61.16	54.45
166.2	88.34	60.99	54.49
166.4	88.11	60.92	54.52
166.6	87.95	60.92	54.56
166.8	87.88	60.97	54.59
167.0	87.9	61.07	54.61
167.2	88.12	61.2	54.63
167.4	88.47	61.36	54.63
167.6	88.85	61.54	54.62
167.8	89.23	61.72	54.61
168.0	89.56	61.91	54.59
168.2	89.72	62.09	54.57
168.4	89.82	62.25	54.54
168.6	89.85	62.39	54.51
168.8	89.84	62.5	54.48
169.0	89.74	62.54	54.46
169.2	89.58	62.53	54.43
169.4	89.4	62.49	54.4
169.6	89.2	62.44	54.37
169.8	89.02	62.38	54.35
170.0	88.85	62.3	54.32
170.2	88.72	62.23	54.29
170.4	88.65	62.2	54.26
170.6	88.66	62.21	54.24
170.8	88.83	62.33	54.21
171.0	89.18	62.59	54.18
171.2	89.6	62.9	54.15
171.4	90.04	63.24	54.13
171.6	90.47	63.6	54.1
171.8	90.8	64.0	54.07
172.0	91.08	64.39	54.05
172.2	91.27	64.71	54.02
172.4	91.38	64.93	53.99
172.6	91.32	64.93	53.96
172.8	91.06	64.67	53.94
173.0	90.74	64.31	53.91
173.2	90.38	63.89	53.88
173.4	90.01	63.44	53.85
173.6	89.75	63.08	53.83
173.8	89.54	62.76	53.8
174.0	89.37	62.47	53.77
174.2	89.25	62.24	53.74
174.4	89.18	62.08	53.72
174.6	89.18	62.03	53.68
174.8	89.24	62.05	53.65
175.0	89.36	62.13	53.62
175.2	89.53	62.26	53.6
175.4	89.83	62.46	53.6
175.6	90.21	62.7	53.61
175.8	90.6	62.96	53.63
176.0	90.96	63.21	53.65
176.2	91.26	63.44	53.67
176.4	91.44	63.61	53.69
176.6	91.51	63.72	53.71
176.8	91.47	63.74	53.73
177.0	91.3	63.67	53.75
177.2	90.84	63.32	53.78
177.4	90.19	62.8	53.8
177.6	89.47	62.23	53.82
177.8	88.72	61.66	53.84
178.0	88.01	61.14	53.86
178.2	87.45	60.87	53.88
178.4	86.99	60.69	53.9
178.6	86.64	60.58	53.92
178.8	86.42	60.56	53.94
179.0	86.42	60.62	53.96
179.2	86.68	60.75	53.97
179.4	87.06	60.95	53.99
179.6	87.52	61.23	54.0
179.8	88.04	61.57	54.01
180.0	88.58	62.1	54.01
180.2	89.12	62.66	54.02
180.4	89.6	63.2	54.03
180.6	90.0	63.68	54.03
180.8	90.16	63.91	54.04
181.0	90.09	63.88	54.05
181.2	89.93	63.77	54.05
181.4	89.7	63.62	54.06
181.6	89.43	63.47	54.06
181.8	89.18	63.51	54.07
182.0	88.95	63.59	54.08
182.2	88.77	63.69	54.08
182.4	88.67	63.81	54.09
182.6	88.76	63.91	54.1
182.8	89.06	63.97	54.1
183.0	89.43	64.05	54.11
183.2	89.85	64.18	54.11
183.4	90.27	64.35	54.12
183.6	90.63	64.8	54.13
183.8	90.94	65.26	54.13
184.0	91.19	65.69	54.14
184.2	91.35	66.03	54.15
184.4	91.34	66.07	54.15
184.6	91.17	65.87	54.16
184.8	90.93	65.58	54.17
185.0	90.62	65.23	54.17
185.2	90.28	64.88	54.18
185.4	89.94	64.64	54.19
185.6	89.58	64.4	54.19
185.8	89.22	64.17	54.2
186.0	88.85	63.93	54.2
186.2	88.45	63.61	54.21
186.4	88.05	63.28	54.22
186.6	87.71	62.98	54.22
186.8	87.47	62.75	54.23
187.0	87.4	62.67	54.24
187.2	87.68	62.88	54.25
187.4	88.03	63.15	54.26
187.6	88.41	63.47	54.28
187.8	88.77	63.78	54.29
188.0	88.94	63.99	54.3
188.2	88.98	64.13	54.31
188.4	88.92	64.18	54.32
188.6	88.75	64.13	54.33
188.8	88.46	63.91	54.35
189.0	87.98	63.42	54.36
189.2	87.43	62.86	54.37
189.4	86.83	62.27	54.38
189.6	86.2	61.67	54.39
189.8	85.54	61.22	54.4
190.0	84.9	60.87	54.42
190.2	84.33	60.59	54.43
190.4	83.86	60.38	54.44
190.6	83.54	60.24	54.45
190.8	83.65	60.2	54.45
191.0	83.91	60.22	54.46
191.2	84.28	60.31	54.46
191.4	84.73	60.46	54.47
191.6	85.19	60.7	54.47
191.8	85.65	61.01	54.47
192.0	86.06	61.34	54.47
192.2	86.42	61.64	54.48
192.4	86.67	61.89	54.48
192.6	86.61	61.93	54.48
192.8	86.43	61.9	54.48
193.0	86.18	61.8	54.49
193.2	85.86	61.65	54.49
193.4	85.53	61.44	54.49
193.6	85.2	61.18	54.49
193.8	84.89	60.92	54.49
194.0	84.62	60.71	54.5
194.2	84.42	60.56	54.5
194.4	84.41	60.62	54.5
194.6	84.52	60.83	54.5
194.8	84.71	61.11	54.51
195.0	84.95	61.44	54.51
195.2	85.24	61.78	54.51
195.4	85.59	62.12	54.51
195.6	85.94	62.45	54.52
195.8	86.25	62.74	54.52
196.0	86.51	62.98	54.52
196.2	86.6	63.12	54.52
196.4	86.55	63.15	54.52
196.6	86.41	63.11	54.53
196.8	86.2	63.0	54.53
197.0	85.93	62.82	54.53
197.2	85.55	62.42	54.53
197.4	85.14	61.99	54.54
197.6	84.71	61.56	54.54
197.8	84.3	61.17	54.54
198.0	83.94	60.91	54.54
198.2	83.66	60.9	54.55
198.4	83.47	61.0	54.55
198.6	83.36	61.19	54.55
198.8	83.38	61.47	54.55
199.0	83.6	61.84	54.55
199.2	84.03	62.29	54.55
199.4	84.55	62.78	54.54
199.6	85.13	63.29	54.54
199.8	85.75	63.79	54.53
200.0	86.35	64.27	54.52
200.2	86.92	64.71	54.51
200.4	87.46	65.1	54.5
200.6	87.93	65.41	54.48
200.8	88.23	65.58	54.47
201.0	88.35	65.6	54.46
201.2	88.41	65.55	54.45
201.4	88.44	65.46	54.43
201.6	88.46	65.35	54.42
201.8	88.55	65.27	54.41
202.0	88.68	65.21	54.39
202.2	88.87	65.17	54.38
202.4	89.13	65.16	54.37
202.6	89.53	65.23	54.36
202.8	90.09	65.37	54.34
203.0	90.72	65.57	54.33
203.2	91.39	65.81	54.31
203.4	92.09	66.1	54.31
203.6	92.81	66.49	54.32
203.8	93.5	66.89	54.33
204.0	94.16	67.28	54.34
204.2	94.74	67.65	54.36
204.4	95.21	67.96	54.37
204.6	95.57	68.19	54.39
204.8	95.8	68.35	54.4
205.0	95.88	68.42	54.41
205.2	95.74	68.35	54.43
205.4	95.35	68.1	54.44
205.6	94.84	67.78	54.45
205.8	94.26	67.42	54.47
206.0	93.65	67.04	54.48
206.2	93.1	66.72	54.49
206.4	92.59	66.42	54.51
206.6	92.14	66.15	54.52
206.8	91.78	65.93	54.53
207.0	91.62	65.79	54.55
207.2	91.65	65.74	54.56
207.4	91.76	65.73	54.57
207.6	91.92	65.75	54.59
207.8	92.11	65.8	54.6
208.0	92.27	65.91	54.61
208.2	92.4	66.0	54.62
208.4	92.48	66.05	54.64
208.6	92.49	66.03	54.65
208.8	92.32	65.8	54.66
209.0	92.0	65.41	54.68
209.2	91.61	64.97	54.69
209.4	91.18	64.52	54.7
209.6	90.73	64.12	54.72
209.8	90.29	63.88	54.73
210.0	89.86	63.69	54.74
210.2	89.45	63.55	54.76
210.4	89.08	63.45	54.77
210.6	88.76	63.39	54.78
210.8	88.49	63.35	54.79
211.0	88.32	63.36	54.81
211.2	88.24	63.41	54.82
211.4	88.32	63.51	54.83
211.6	88.68	63.68	54.84
211.8	89.13	63.88	54.85
212.0	89.61	64.1	54.86
212.2	90.08	64.34	54.86
212.4	90.42	64.6	54.87
212.6	90.68	64.86	54.88
212.8	90.86	65.08	54.89
213.0	90.95	65.25	54.9
213.2	90.86	65.28	54.91
213.4	90.6	65.18	54.92
213.6	90.28	65.03	54.93
213.8	89.95	64.84	54.93
214.0	89.63	64.64	54.94
214.2	89.41	64.45	54.95
214.4	89.27	64.28	54.96
214.6	89.2	64.15	54.97
214.8	89.24	64.08	54.98
215.0	89.48	64.16	54.98
215.2	89.9	64.36	54.99
215.4	90.38	64.63	54.99
215.6	90.91	64.94	55.0
215.8	91.43	65.28	55.0
216.0	91.89	65.64	55.01
216.2	92.31	66.0	55.01
216.4	92.66	66.32	55.02
216.6	92.92	66.58	55.02
216.8	92.93	66.65	55.02
217.0	92.82	66.64	55.03
217.2	92.65	66.59	55.03
217.4	92.42	66.51	55.04
217.6	92.18	66.44	55.04
217.8	91.93	66.4	55.04
218.0	91.7	66.37	55.05
218.2	91.5	66.36	55.05
218.4	91.36	66.38	55.05
218.6	91.33	66.43	55.06
218.8	91.37	66.52	55.06
219.0	91.51	66.66	55.07
219.2	91.74	66.87	55.07
219.4	92.14	67.22	55.07
219.6	92.69	67.69	55.08
219.8	93.3	68.17	55.08
220.0	93.94	68.62	55.09
220.2	94.57	68.97	55.09
220.4	95.16	69.07	55.09
220.6	95.7	69.11	55.1
220.8	96.14	69.08	55.1
221.0	96.48	69.03	55.11
221.2	96.54	69.06	55.11
221.4	96.45	69.08	55.11
221.6	96.26	69.08	55.12
221.8	96.0	69.02	55.12
222.0	95.67	68.86	55.13
222.2	95.31	68.55	55.13
222.4	94.94	68.21	55.13
222.6	94.59	67.84	55.14
222.8	94.28	67.48	55.14
223.0	94.18	67.21	55.15
223.2	94.16	66.98	55.15
223.4	94.17	66.78	55.15
223.6	94.19	66.58	55.16
223.8	94.17	66.37	55.16
224.0	94.02	66.13	55.17
224.2	93.86	65.9	55.17
224.4	93.67	65.68	55.17
224.6	93.47	65.48	55.18
224.8	93.32	65.35	55.18
225.0	93.17	65.25	55.19
225.2	93.01	65.15	55.19
225.4	92.82	65.05	55.19
225.6	92.58	64.92	55.2
225.8	92.17	64.67	55.2
226.0	91.74	64.41	55.21
226.2	91.31	64.15	55.21
226.4	90.9	63.92	55.21
226.6	90.58	63.74	55.22
226.8	90.36	63.66	55.22
227.0	90.23	63.62	55.22
227.2	90.17	63.63	55.23
227.4	90.21	63.67	55.23
227.6	90.41	63.77	55.24
227.8	90.73	63.91	55.24
228.0	91.1	64.08	55.24
228.2	91.49	64.27	55.25
228.4	91.89	64.49	55.25
228.6	92.26	64.74	55.26
228.8	92.59	64.99	55.26
229.0	92.84	65.21	55.26
229.2	93.01	65.41	55.27
229.4	92.94	65.49	55.27
229.6	92.67	65.48	55.28
229.8	92.34	65.44	55.28
230.0	92.0	65.38	55.28
230.2	91.67	65.31	55.29
230.4	91.52	65.28	55.29
230.6	91.46	65.27	55.3
230.8	91.46	65.28	55.3
231.0	91.54	65.31	55.3
231.2	91.71	65.39	55.31
231.4	92.02	65.52	55.31
231.6	92.38	65.69	55.31
231.8	92.75	65.88	55.31
232.0	93.12	66.1	55.31
232.2	93.45	66.41	55.3
232.4	93.72	66.73	55.28
232.6	93.92	67.01	55.26
232.8	94.03	67.21	55.24
233.0	94.0	67.24	55.21
233.2	93.67	66.88	55.19
233.4	93.25	66.42	55.16
233.6	92.77	65.9	55.13
233.8	92.26	65.38	55.1
234.0	91.81	64.99	55.07
234.2	91.44	64.77	55.04
234.4	91.12	64.62	55.02
234.6	90.87	64.51	54.99
234.8	90.71	64.45	54.96
235.0	90.77	64.43	54.93
235.2	90.96	64.44	54.91
235.4	91.18	64.47	54.88
235.6	91.39	64.49	54.85
235.8	91.54	64.49	54.82
236.0	91.5	64.43	54.79
236.2	91.39	64.36	54.77
236.4	91.21	64.27	54.74
236.6	90.98	64.19	54.71
236.8	90.64	64.12	54.68
237.0	90.23	64.06	54.66
237.2	89.81	64.0	54.63
237.4	89.41	63.95	54.6
237.6	89.05	63.89	54.57
237.8	88.84	63.74	54.54
238.0	88.74	63.59	54.51
238.2	88.72	63.5	54.48
238.4	88.8	63.5	54.46
238.6	89.02	63.7	54.44
238.8	89.46	64.24	54.42
239.0	89.95	64.86	54.42
239.2	90.44	65.49	54.41
239.4	90.89	66.08	54.42
239.6	91.11	66.41	54.43
239.8	91.21	66.58	54.44
240.0	91.23	66.66	54.46
240.2	91.19	66.64	54.48
240.4	91.07	66.52	54.51
240.6	90.87	66.25	54.52
240.8	90.65	65.94	54.54
241.0	90.43	65.62	54.56
241.2	90.24	65.33	54.57
241.4	90.15	65.18	54.59
241.6	90.16	65.16	54.61
241.8	90.24	65.2	54.62
242.0	90.38	65.29	54.63
242.2	90.58	65.44	54.64
242.4	91.0	65.73	54.64
242.6	91.45	66.03	54.64
242.8	91.87	66.31	54.63
243.0	92.2	66.53	54.62
243.2	92.28	66.58	54.61
243.4	92.06	66.42	54.59
243.6	91.71	66.17	54.57
243.8	91.27	65.87	54.54
244.0	90.77	65.52	54.52
244.2	90.22	65.14	54.5
244.4	89.66	64.76	54.48
244.6	89.16	64.42	54.46
244.8	88.75	64.16	54.43
245.0	88.47	64.01	54.41
245.2	88.62	64.21	54.39
245.4	88.93	64.54	54.37
245.6	89.34	64.94	54.35
245.8	89.83	65.38	54.33
246.0	90.37	65.84	54.31
246.2	90.92	66.26	54.29
246.4	91.44	66.65	54.26
246.6	91.88	66.95	54.24
246.8	92.2	67.15	54.22
247.0	92.1	67.04	54.2
247.2	91.86	66.8	54.18
247.4	91.55	66.49	54.16
247.6	91.21	66.14	54.14
247.8	90.94	65.81	54.12
248.0	90.78	65.52	54.09
248.2	90.71	65.29	54.07
248.4	90.73	65.13	54.05
248.6	90.88	65.06	54.03
248.8	91.34	65.21	54.01
249.0	91.92	65.47	53.98
249.2	92.58	65.82	53.96
249.4	93.25	66.22	53.94
249.6	93.93	66.72	53.93
249.8	94.55	67.27	53.92
250.0	95.07	67.78	53.92
250.2	95.45	68.21	53.91
250.4	95.59	68.47	53.91
250.6	95.24	68.32	53.91
250.8	94.74	68.06	53.9
251.0	94.16	67.76	53.9
251.2	93.55	67.47	53.9
251.4	93.08	67.41	53.9
251.6	92.71	67.47	53.89
251.8	92.43	67.58	53.89
252.0	92.27	67.74	53.89
252.2	92.32	67.95	53.88
252.4	92.63	68.18	53.88
252.6	93.02	68.41	53.88
252.8	93.44	68.61	53.88
253.0	93.83	68.75	53.87
253.2	94.1	68.78	53.87
253.4	94.27	68.75	53.86
253.6	94.33	68.64	53.85
253.8	94.24	68.48	53.84
254.0	93.77	68.2	53.84
254.2	93.15	67.86	53.83
254.4	92.47	67.49	53.82
254.6	91.79	67.1	53.81
254.8	91.23	66.7	53.8
255.0	90.81	66.31	53.79
255.2	90.48	65.97	53.79
255.4	90.26	65.71	53.78
255.6	90.18	65.59	53.77
255.8	90.3	65.71	53.76
256.0	90.52	65.93	53.75
256.2	90.82	66.19	53.75
256.4	91.18	66.48	53.74
256.6	91.56	66.71	53.73
256.8	91.96	66.93	53.72
257.0	92.36	67.11	53.71
257.2	92.74	67.26	53.7
257.4	93.07	67.31	53.7
257.6	93.34	67.3	53.69
257.8	93.55	67.26	53.68
258.0	93.68	67.17	53.67
258.2	93.69	67.11	53.66
258.4	93.6	67.04	53.66
258.6	93.43	66.91	53.65
258.8	93.2	66.7	53.64
259.0	92.91	66.32	53.63
259.2	92.54	65.71	53.62
259.4	92.17	65.04	53.61
259.6	91.83	64.36	53.61
259.8	91.54	63.71	53.6
260.0	91.39	63.24	53.59
260.2	91.35	62.87	53.58
260.4	91.41	62.62	53.57
260.6	91.59	62.49	53.56
260.8	92.03	62.57	53.56
261.0	92.67	62.85	53.57
261.2	93.35	63.2	53.57
261.4	94.01	63.58	53.58
261.6	94.53	63.93	53.59
261.8	94.78	64.15	53.6
262.0	94.88	64.3	53.61
262.2	94.81	64.39	53.63
262.4	94.58	64.39	53.64
262.6	93.99	64.21	53.65
262.8	93.24	63.92	53.66
263.0	92.4	63.59	53.67
263.2	91.55	63.23	53.69
263.4	90.75	62.86	53.7
263.6	90.08	62.5	53.71
263.8	89.53	62.19	53.72
264.0	89.15	61.98	53.73
264.2	88.97	61.88	53.74
264.4	89.25	62.08	53.75
264.6	89.78	62.45	53.77
264.8	90.46	62.92	53.78
265.0	91.25	63.47	53.79
265.2	92.11	64.09	53.8
265.4	92.98	64.75	53.81
265.6	93.82	65.39	53.82
265.8	94.56	65.97	53.84
266.0	95.14	66.42	53.85
266.2	95.35	66.58	53.86
266.4	95.42	66.65	53.87
266.6	95.37	66.63	53.88
266.8	95.22	66.57	53.9
267.0	94.96	66.53	53.91
267.2	94.66	66.48	53.92
267.4	94.36	66.43	53.93
267.6	94.1	66.37	53.94
267.8	93.98	66.3	53.95
268.0	94.04	66.23	53.96
268.2	94.18	66.18	53.98
268.4	94.39	66.16	53.99
268.6	94.67	66.17	54.0
268.8	95.06	66.28	54.01
269.0	95.47	66.42	54.02
269.2	95.88	66.58	54.03
269.4	96.27	66.73	54.05
269.6	96.53	66.87	54.06
269.8	96.72	66.98	54.07
270.0	96.84	67.03	54.08
270.2	96.88	67.01	54.09
270.4	96.88	66.82	54.11
270.6	96.82	66.48	54.12
270.8	96.64	66.06	54.13
271.0	96.35	65.6	54.14
271.2	95.85	65.13	54.15
271.4	95.0	64.74	54.17
271.6	94.06	64.33	54.18
271.8	93.08	63.9	54.19
272.0	92.12	63.42	54.2
272.2	91.36	62.73	54.21
272.4	90.75	61.96	54.23
272.6	90.26	61.24	54.24
272.8	89.88	60.62	54.25
273.0	89.65	60.22	54.26
273.2	89.65	60.32	54.27
273.4	89.75	60.56	54.28
273.6	89.91	60.9	54.29
273.8	90.08	61.28	54.31
274.0	90.22	61.6	54.32
274.2	90.3	61.87	54.33
274.4	90.32	62.07	54.34
274.6	90.25	62.19	54.35
274.8	89.99	62.14	54.37
275.0	89.43	61.8	54.38
275.2	88.79	61.39	54.39
275.4	88.11	60.95	54.4
275.6	87.43	60.51	54.41
275.8	86.83	60.2	54.43
276.0	86.33	60.0	54.44
276.2	85.93	59.87	54.45
276.4	85.64	59.83	54.46
276.6	85.5	59.89	54.47
276.8	85.65	60.12	54.48
277.0	85.93	60.44	54.49
277.2	86.34	60.83	54.5
277.4	86.84	61.28	54.51
277.6	87.48	61.81	54.52
277.8	88.19	62.37	54.53
278.0	88.9	62.94	54.54
278.2	89.55	63.47	54.56
278.4	90.05	63.92	54.57
278.6	90.24	64.24	54.58
278.8	90.33	64.47	54.59
279.0	90.33	64.62	54.6
279.2	90.27	64.66	54.61
279.4	90.15	64.47	54.62
279.6	90.02	64.18	54.63
279.8	89.91	63.88	54.64
280.0	89.85	63.64	54.65
280.2	89.94	63.59	54.66
280.4	90.27	63.89	54.66
280.6	90.67	64.27	54.67
280.8	91.1	64.7	54.68
281.0	91.53	65.14	54.69
281.2	91.87	65.46	54.7
281.4	92.16	65.72	54.72
281.6	92.41	65.94	54.73
281.8	92.61	66.09	54.74
282.0	92.7	66.09	54.75
282.2	92.7	65.95	54.76
282.4	92.67	65.81	54.77
282.6	92.62	65.7	54.78
282.8	92.57	65.7	54.79
283.0	92.58	66.02	54.8
283.2	92.61	66.41	54.81
283.4	92.65	66.85	54.82
283.6	92.7	67.31	54.83
283.8	92.85	67.77	54.83
284.0	93.01	68.18	54.84
284.2	93.11	68.5	54.85
284.4	93.11	68.68	54.86
284.6	92.9	68.57	54.87
284.8	92.43	68.13	54.88
285.0	91.84	67.54	54.89
285.2	91.13	66.87	54.9
285.4	90.32	66.17	54.91
285.6	89.36	65.51	54.92
285.8	88.41	64.87	54.93
286.0	87.53	64.29	54.95
286.2	86.79	63.78	54.96
286.4	86.47	63.43	54.97
286.6	86.33	63.19	54.97
286.8	86.35	63.08	54.98
287.0	86.5	63.11	54.99
287.2	86.81	63.45	55.0
287.4	87.22	63.95	55.02
287.6	87.68	64.5	55.03
287.8	88.13	65.01	55.04
