0.2	100.38	44.5	32.69
0.4	101.07	44.99	32.73
0.6	101.57	45.25	32.77
0.8	101.92	45.33	32.81
1.0	102.17	45.26	32.85
1.2	102.35	45.11	32.89
1.4	102.51	44.9	32.93
1.6	102.68	44.69	32.98
1.8	102.92	44.51	33.02
2.0	103.52	44.58	33.07
2.2	104.23	44.75	33.12
2.4	104.89	44.96	33.16
2.6	105.42	45.16	33.21
2.8	105.43	45.29	33.26
3.0	105.18	45.36	33.31
3.2	104.78	45.37	33.36
3.4	104.29	45.33	33.41
3.6	103.81	45.12	33.45
3.8	103.37	44.81	33.49
4.0	102.95	44.48	33.54
4.2	102.56	44.16	33.58
4.4	102.26	43.92	33.62
4.6	102.19	43.88	33.67
4.8	102.13	43.89	33.72
5.0	102.05	43.94	33.76
5.2	101.89	44.01	33.81
5.4	101.37	44.03	33.86
5.6	100.76	44.05	33.9
5.8	100.11	44.08	33.94
6.0	99.48	44.13	33.98
6.2	99.0	44.24	34.03
6.4	98.67	44.4	34.07
6.6	98.42	44.56	34.12
6.8	98.21	44.72	34.17
7.0	98.07	44.82	34.21
7.2	97.97	44.83	34.26
7.4	97.89	44.84	34.31
7.6	97.82	44.86	34.35
7.8	97.72	44.91	34.4
8.0	97.54	45.12	34.44
8.2	97.34	45.33	34.48
8.4	97.13	45.51	34.52
8.6	96.92	45.63	34.57
8.8	96.67	45.46	34.61
9.0	96.44	45.2	34.66
9.2	96.28	44.96	34.71
9.4	96.22	44.78	34.75
9.6	96.49	44.97	34.79
9.8	96.9	45.32	34.82
10.0	97.34	45.7	34.85
10.2	97.75	46.06	34.88
10.4	97.83	46.16	34.91
10.6	97.72	46.1	34.93
10.8	97.61	46.02	34.96
11.0	97.55	45.97	34.99
11.2	97.82	46.12	35.02
11.4	98.37	46.44	35.05
11.6	98.95	46.79	35.08
11.8	99.49	47.12	35.11
12.0	99.77	47.29	35.14
12.2	99.82	47.33	35.17
12.4	99.77	47.32	35.2
12.6	99.65	47.27	35.23
12.8	99.43	47.23	35.26
13.0	99.18	47.2	35.29
13.2	99.0	47.17	35.31
13.4	98.94	47.17	35.34
13.6	99.22	47.23	35.37
13.8	99.88	47.36	35.4
14.0	100.63	47.49	35.43
14.2	101.39	47.63	35.46
14.4	102.0	47.75	35.49
14.6	102.41	47.83	35.52
14.8	102.7	47.87	35.55
15.0	102.85	47.88	35.58
15.2	102.79	47.82	35.61
15.4	102.54	47.71	35.64
15.6	102.17	47.54	35.67
15.8	101.72	47.33	35.7
16.0	101.18	47.03	35.73
16.2	100.59	46.62	35.76
16.4	99.99	46.2	35.79
16.6	99.44	45.83	35.81
16.8	98.98	45.53	35.84
17.0	98.89	45.52	35.87
17.2	98.89	45.62	35.9
17.4	98.9	45.76	35.94
17.6	98.88	45.92	35.97
17.8	98.61	46.05	36.0
18.0	98.2	46.13	36.02
18.2	97.72	46.17	36.05
18.4	97.17	46.13	36.08
18.6	96.52	45.92	36.11
18.8	95.79	45.5	36.14
19.0	95.09	45.04	36.16
19.2	94.48	44.63	36.19
19.4	94.04	44.32	36.22
19.6	94.08	44.35	36.25
19.8	94.23	44.49	36.28
20.0	94.41	44.7	36.31
20.2	94.55	44.94	36.34
20.4	94.32	45.21	36.37
20.6	93.98	45.45	36.4
20.8	93.57	45.64	36.43
21.0	93.11	45.76	36.46
21.2	92.6	45.59	36.49
21.4	92.07	45.2	36.52
21.6	91.61	44.8	36.54
21.8	91.28	44.44	36.57
22.0	91.23	44.28	36.6
22.2	91.63	44.52	36.63
22.4	92.13	44.85	36.66
22.6	92.66	45.2	36.69
22.8	93.09	45.5	36.72
23.0	93.15	45.58	36.75
23.2	93.11	45.59	36.78
23.4	92.97	45.55	36.81
23.6	92.75	45.46	36.84
23.8	92.34	45.29	36.87
24.0	91.93	45.09	36.89
24.2	91.58	44.9	36.92
24.4	91.39	44.74	36.95
24.6	91.7	44.72	36.98
24.8	92.34	44.78	37.0
25.0	93.06	44.86	37.03
25.2	93.77	44.93	37.06
25.4	94.2	44.93	37.08
25.6	94.38	44.87	37.1
25.8	94.44	44.77	37.13
26.0	94.4	44.64	37.15
26.2	94.25	44.47	37.17
26.4	93.99	44.25	37.19
26.6	93.72	44.04	37.22
26.8	93.47	43.85	37.24
27.0	93.27	43.69	37.26
27.2	93.36	43.69	37.28
27.4	93.54	43.73	37.3
27.6	93.76	43.82	37.32
27.8	94.0	43.94	37.34
28.0	94.22	44.09	37.36
28.2	94.4	44.24	37.39
28.4	94.56	44.41	37.41
28.6	94.66	44.57	37.43
28.8	94.66	44.72	37.46
29.0	94.55	44.85	37.48
29.2	94.4	44.96	37.5
29.4	94.21	45.04	37.52
29.6	93.98	45.09	37.54
29.8	93.72	45.05	37.56
30.0	93.46	45.0	37.58
30.2	93.25	44.96	37.6
30.4	93.11	44.94	37.63
30.6	93.24	45.06	37.65
30.8	93.44	45.21	37.67
31.0	93.64	45.37	37.7
31.2	93.81	45.51	37.72
31.4	93.81	45.58	37.74
31.6	93.69	45.6	37.76
31.8	93.5	45.6	37.78
32.0	93.24	45.58	37.8
32.2	92.82	45.52	37.82
32.4	92.22	45.41	37.84
32.6	91.69	45.35	37.87
32.8	91.32	45.36	37.89
33.0	91.3	45.53	37.91
33.2	91.91	45.99	37.93
33.4	92.73	46.52	37.94
33.6	93.69	47.04	37.96
33.8	94.68	47.47	37.98
34.0	95.58	47.67	38.0
34.2	96.47	47.83	38.01
34.4	97.33	47.95	38.03
34.6	98.15	48.13	38.04
34.8	98.89	48.42	38.06
35.0	99.56	48.69	38.07
35.2	100.13	48.89	38.09
35.4	100.56	48.97	38.11
35.6	100.73	48.77	38.12
35.8	100.82	48.49	38.14
36.0	100.89	48.16	38.15
36.2	100.99	47.82	38.17
36.4	101.38	47.59	38.18
36.6	101.8	47.38	38.2
36.8	102.18	47.19	38.22
37.0	102.5	46.99	38.23
37.2	102.55	46.75	38.25
37.4	102.48	46.52	38.27
37.6	102.32	46.33	38.28
37.8	102.08	46.19	38.3
38.0	101.71	46.24	38.31
38.2	101.27	46.39	38.33
38.4	100.81	46.58	38.34
38.6	100.36	46.77	38.36
38.8	99.98	46.89	38.37
39.0	99.73	46.87	38.39
39.2	99.55	46.81	38.4
39.4	99.45	46.74	38.41
39.6	99.43	46.68	38.43
39.8	99.66	46.73	38.45
40.0	99.93	46.78	38.46
40.2	100.16	46.81	38.48
40.4	100.29	46.82	38.49
40.6	99.98	46.68	38.51
40.8	99.55	46.51	38.53
41.0	99.04	46.33	38.54
41.2	98.5	46.17	38.56
41.4	98.11	46.15	38.57
41.6	97.79	46.18	38.59
41.8	97.48	46.23	38.6
42.0	97.18	46.28	38.62
42.2	96.8	46.26	38.63
42.4	96.34	46.16	38.65
42.6	95.93	46.06	38.66
42.8	95.61	45.97	38.68
43.0	95.49	45.95	38.69
43.2	95.73	46.02	38.7
43.4	96.07	46.14	38.71
43.6	96.45	46.31	38.72
43.8	96.77	46.53	38.72
44.0	96.94	46.82	38.72
44.2	97.04	47.12	38.72
44.4	97.06	47.41	38.72
44.6	96.99	47.64	38.71
44.8	96.8	47.79	38.71
45.0	96.55	47.88	38.71
45.2	96.24	47.89	38.71
45.4	95.86	47.78	38.7
45.6	95.37	47.49	38.7
45.8	94.94	47.19	38.7
46.0	94.63	46.91	38.7
46.2	94.65	46.8	38.69
46.4	95.12	46.96	38.69
46.6	95.71	47.15	38.69
46.8	96.3	47.33	38.68
47.0	96.69	47.3	38.68
47.2	96.85	47.11	38.68
47.4	96.9	46.88	38.68
47.6	96.82	46.69	38.67
47.8	96.58	46.76	38.67
48.0	96.22	46.93	38.67
48.2	95.79	47.11	38.67
48.4	95.33	47.21	38.66
48.6	94.82	46.97	38.66
48.8	94.33	46.54	38.66
49.0	93.93	46.09	38.66
49.2	93.65	45.7	38.65
49.4	93.82	45.67	38.65
49.6	94.22	45.84	38.65
49.8	94.64	46.03	38.64
50.0	94.97	46.17	38.64
50.2	94.78	45.92	38.64
50.4	94.36	45.53	38.64
50.6	93.81	45.12	38.63
50.8	93.19	44.74	38.63
51.0	92.54	44.63	38.63
51.2	91.91	44.65	38.63
51.4	91.37	44.75	38.62
51.6	90.96	44.89	38.62
51.8	90.85	45.03	38.62
52.0	91.04	45.16	38.62
52.2	91.39	45.31	38.61
52.4	91.85	45.5	38.61
52.6	92.4	45.77	38.61
52.8	93.02	46.1	38.61
53.0	93.66	46.41	38.6
53.2	94.28	46.69	38.6
53.4	94.75	46.81	38.6
53.6	95.13	46.83	38.59
53.8	95.49	46.82	38.59
54.0	95.83	46.81	38.59
54.2	96.16	46.94	38.59
54.4	96.52	47.13	38.58
54.6	96.94	47.31	38.58
54.8	97.42	47.46	38.58
55.0	98.17	47.49	38.58
55.2	99.03	47.44	38.57
55.4	99.87	47.34	38.57
55.6	100.63	47.2	38.57
55.8	101.1	47.0	38.57
56.0	101.4	46.78	38.56
56.2	101.52	46.54	38.56
56.4	101.46	46.3	38.56
56.6	101.09	46.08	38.55
56.8	100.58	45.87	38.55
57.0	99.95	45.7	38.55
57.2	99.27	45.56	38.55
57.4	98.56	45.49	38.54
57.6	97.88	45.47	38.54
57.8	97.24	45.5	38.54
58.0	96.69	45.57	38.54
58.2	96.39	45.74	38.53
58.4	96.35	46.01	38.54
58.6	96.37	46.27	38.54
58.8	96.4	46.49	38.54
59.0	96.32	46.56	38.55
59.2	96.06	46.41	38.56
59.4	95.72	46.2	38.57
59.6	95.3	45.96	38.58
59.8	94.81	45.74	38.59
60.0	94.21	45.62	38.6
60.2	93.57	45.53	38.61
60.4	92.92	45.48	38.61
60.6	92.29	45.45	38.62
60.8	91.68	45.41	38.63
61.0	91.14	45.4	38.64
61.2	90.71	45.46	38.65
61.4	90.42	45.61	38.66
61.6	90.4	45.91	38.66
61.8	90.69	46.41	38.67
62.0	91.11	46.95	38.68
62.2	91.63	47.5	38.69
62.4	92.2	47.95	38.7
62.6	92.77	48.28	38.71
62.8	93.36	48.58	38.72
63.0	93.95	48.86	38.73
63.2	94.49	49.15	38.74
63.4	94.99	49.46	38.75
63.6	95.49	49.8	38.75
63.8	96.02	50.18	38.76
64.0	96.62	50.71	38.77
64.2	97.27	51.3	38.78
64.4	97.92	51.87	38.79
64.6	98.57	52.38	38.8
64.8	99.16	52.68	38.81
65.0	99.73	52.88	38.82
65.2	100.29	52.99	38.83
65.4	100.9	53.05	38.83
65.6	101.63	53.08	38.84
65.8	102.27	53.03	38.84
66.0	102.73	52.85	38.84
66.2	102.73	52.45	38.84
66.4	102.33	51.86	38.84
66.6	101.74	51.19	38.83
66.8	101.05	50.48	38.83
67.0	100.45	49.81	38.82
67.2	99.91	49.19	38.82
67.4	99.37	48.63	38.82
67.6	98.83	48.14	38.81
67.8	98.26	47.8	38.81
68.0	97.66	47.68	38.8
68.2	97.1	47.62	38.8
68.4	96.6	47.58	38.8
68.6	96.2	47.51	38.79
68.8	96.15	47.28	38.79
69.0	96.14	47.0	38.78
69.2	96.1	46.68	38.78
69.4	95.95	46.32	38.77
69.6	95.38	45.89	38.77
69.8	94.69	45.46	38.77
70.0	93.93	45.05	38.76
70.2	93.14	44.68	38.76
70.4	92.38	44.45	38.75
70.6	91.67	44.31	38.75
70.8	91.06	44.24	38.74
71.0	90.57	44.26	38.74
71.2	90.37	44.38	38.74
71.4	90.47	44.6	38.73
71.6	90.67	44.87	38.73
71.8	90.92	45.17	38.72
72.0	91.11	45.46	38.72
72.2	91.18	45.72	38.72
72.4	91.21	45.99	38.71
72.6	91.19	46.27	38.71
72.8	91.08	46.6	38.71
73.0	90.87	47.01	38.71
73.2	90.62	47.4	38.71
73.4	90.35	47.73	38.71
73.6	90.08	47.96	38.71
73.8	89.86	47.75	38.71
74.0	89.66	47.47	38.71
74.2	89.49	47.2	38.71
74.4	89.37	47.01	38.71
74.6	89.29	47.17	38.71
74.8	89.26	47.57	38.71
75.0	89.3	48.1	38.71
75.2	89.41	48.73	38.71
75.4	89.63	49.49	38.71
75.6	89.95	50.32	38.71
75.8	90.33	51.1	38.71
76.0	90.76	51.76	38.71
76.2	91.22	52.06	38.71
76.4	91.72	51.95	38.71
76.6	92.23	51.71	38.71
76.8	92.75	51.4	38.71
77.0	93.29	51.15	38.71
77.2	93.88	51.13	38.71
77.4	94.42	51.14	38.71
77.6	94.9	51.17	38.71
77.8	95.27	51.21	38.71
78.0	95.36	51.21	38.71
78.2	95.31	51.18	38.71
78.4	95.19	51.12	38.71
78.6	95.04	51.01	38.71
78.8	94.89	50.75	38.71
79.0	94.79	50.36	38.71
79.2	94.72	49.98	38.71
79.4	94.7	49.67	38.71
79.6	94.77	49.49	38.71
79.8	95.14	49.76	38.71
80.0	95.52	50.12	38.72
80.2	95.81	50.51	38.74
80.4	95.96	50.86	38.76
80.6	95.4	50.94	38.79
80.8	94.66	50.92	38.84
81.0	93.93	50.86	38.88
81.2	93.33	50.76	38.94
81.4	93.4	50.67	38.98
81.6	93.87	50.61	39.03
81.8	94.47	50.56	39.08
82.0	95.12	50.56	39.13
82.2	95.53	50.72	39.18
82.4	95.76	50.97	39.22
82.6	95.93	51.21	39.27
82.8	96.08	51.39	39.32
83.0	96.33	51.29	39.37
83.2	96.65	50.92	39.42
83.4	96.91	50.53	39.47
83.6	97.04	50.2	39.52
83.8	96.94	50.08	39.57
84.0	96.35	50.54	39.61
84.2	95.62	51.1	39.66
84.4	94.8	51.68	39.7
84.6	93.96	52.19	39.75
84.8	93.23	52.29	39.79
85.0	92.6	52.15	39.84
85.2	92.08	51.93	39.88
85.4	91.68	51.69	39.93
85.6	91.55	51.49	39.97
85.8	91.7	51.41	40.0
86.0	91.94	51.36	40.03
86.2	92.2	51.37	40.06
86.4	92.36	51.47	40.09
86.6	92.29	51.7	40.11
86.8	92.17	51.95	40.13
87.0	92.03	52.18	40.15
87.2	91.88	52.36	40.17
87.4	91.63	52.17	40.19
87.6	91.44	51.93	40.21
87.8	91.39	51.72	40.24
88.0	91.53	51.61	40.26
88.2	92.24	51.91	40.28
88.4	93.25	52.42	40.3
88.6	94.34	52.97	40.32
88.8	95.39	53.49	40.35
89.0	96.06	53.74	40.37
89.2	96.53	53.85	40.4
89.4	96.88	53.88	40.42
89.6	97.12	53.83	40.44
89.8	97.32	53.77	40.47
90.0	97.45	53.68	40.49
90.2	97.52	53.54	40.51
90.4	97.52	53.37	40.54
90.6	97.46	53.17	40.56
90.8	97.35	52.93	40.58
91.0	97.19	52.68	40.6
91.2	96.98	52.4	40.62
91.4	96.72	52.09	40.64
91.6	96.34	51.73	40.67
91.8	95.97	51.37	40.69
92.0	95.66	51.06	40.71
92.2	95.44	50.81	40.73
92.4	95.56	50.82	40.74
92.6	95.79	50.89	40.75
92.8	96.06	50.93	40.75
93.0	96.33	50.89	40.74
93.2	96.52	50.49	40.71
93.4	96.64	50.01	40.67
93.6	96.68	49.52	40.63
93.8	96.59	49.07	40.58
94.0	96.27	48.91	40.54
94.2	95.79	48.88	40.49
94.4	95.18	48.92	40.45
94.6	94.46	48.98	40.4
94.8	93.59	49.03	40.36
95.0	92.53	49.0	40.31
95.2	91.48	48.96	40.27
95.4	90.51	48.91	40.22
95.6	89.68	48.85	40.18
95.8	89.42	48.73	40.13
96.0	89.35	48.62	40.09
96.2	89.38	48.54	40.04
96.4	89.43	48.53	40.0
96.6	89.29	48.73	39.95
96.8	89.03	49.05	39.91
97.0	88.72	49.39	39.86
97.2	88.35	49.72	39.82
97.4	87.83	49.91	39.77
97.6	87.16	49.93	39.73
97.8	86.56	49.92	39.68
98.0	86.09	49.93	39.64
98.2	85.89	49.99	39.59
98.4	86.45	50.31	39.55
98.6	87.17	50.67	39.5
98.8	87.95	51.02	39.46
99.0	88.66	51.34	39.41
99.2	88.92	51.47	39.37
99.4	89.03	51.54	39.32
99.6	89.01	51.57	39.28
99.8	88.88	51.58	39.23
100.0	88.61	51.62	39.19
100.2	88.25	51.67	39.14
100.4	87.82	51.69	39.1
100.6	87.33	51.71	39.05
100.8	86.77	51.68	39.01
101.0	86.14	51.58	38.96
101.2	85.57	51.5	38.92
101.4	85.1	51.44	38.87
101.6	84.81	51.43	38.83
101.8	85.07	51.57	38.78
102.0	85.48	51.77	38.73
102.2	85.96	52.02	38.68
102.4	86.43	52.3	38.65
102.6	86.33	52.61	38.63
102.8	86.22	52.94	38.62
103.0	86.26	53.26	38.62
103.2	86.54	53.57	38.62
103.4	87.78	53.82	38.63
103.6	89.58	54.03	38.63
103.8	91.52	54.2	38.63
104.0	93.43	54.34	38.63
104.2	94.81	54.32	38.63
104.4	95.42	54.11	38.63
104.6	95.97	54.04	38.63
104.8	96.61	54.26	38.63
105.0	98.13	55.45	38.63
105.2	100.89	57.9	38.63
105.4	102.85	59.87	38.63
105.6	103.32	60.75	38.63
105.8	100.08	58.8	38.63
106.0	95.85	55.99	38.64
106.2	93.69	54.33	38.64
106.4	93.96	54.08	38.64
106.6	95.23	54.39	38.64
106.8	97.04	55.0	38.64
107.0	98.86	55.64	38.64
107.2	98.95	55.32	38.64
107.4	98.2	54.55	38.64
107.6	97.25	53.71	38.64
107.8	96.22	52.86	38.64
108.0	95.62	52.36	38.64
108.2	95.13	51.97	38.64
108.4	94.69	51.66	38.65
108.6	94.27	51.39	38.65
108.8	93.85	51.14	38.65
109.0	93.28	50.87	38.65
109.2	92.69	50.59	38.65
109.4	92.08	50.28	38.65
109.6	91.46	49.95	38.65
109.8	90.83	49.51	38.65
110.0	90.19	48.94	38.65
110.2	89.56	48.38	38.65
110.4	88.92	47.87	38.65
110.6	88.29	47.46	38.65
110.8	87.69	47.36	38.65
111.0	87.09	47.34	38.65
111.2	86.48	47.37	38.65
111.4	85.84	47.42	38.66
111.6	85.04	47.36	38.65
111.8	84.17	47.23	38.65
112.0	83.34	47.09	38.65
112.2	82.63	46.96	38.65
112.4	82.13	46.83	38.66
112.6	82.08	46.71	38.7
112.8	82.16	46.64	38.73
113.0	82.34	46.62	38.78
113.2	82.55	46.68	38.83
113.4	82.6	46.94	38.88
113.6	82.61	47.29	38.92
113.8	82.61	47.69	38.98
114.0	82.59	48.11	39.03
114.2	82.51	48.48	39.07
114.4	82.31	48.73	39.12
114.6	82.18	48.98	39.17
114.8	82.2	49.23	39.21
115.0	82.44	49.5	39.26
115.2	83.31	49.87	39.31
115.4	84.42	50.27	39.36
115.6	85.63	50.68	39.42
115.8	86.85	51.09	39.47
116.0	87.76	51.45	39.52
116.2	88.59	51.8	39.57
116.4	89.38	52.13	39.63
116.6	90.14	52.45	39.68
116.8	91.0	52.79	39.73
117.0	91.85	53.1	39.77
117.2	92.64	53.37	39.82
117.4	93.37	53.59	39.87
117.6	94.04	53.72	39.92
117.8	94.58	53.77	39.97
118.0	94.93	53.73	40.02
118.2	95.01	53.6	40.08
118.4	94.62	53.33	40.13
118.6	94.07	52.98	40.19
118.8	93.42	52.58	40.24
119.0	92.84	52.14	40.3
119.2	92.41	51.69	40.35
119.4	91.98	51.22	40.41
119.6	91.56	50.73	40.46
119.8	91.1	50.24	40.52
120.0	90.6	49.74	40.58
120.2	90.08	49.25	40.64
120.4	89.53	48.79	40.69
120.6	88.95	48.38	40.75
120.8	88.34	48.07	40.8
121.0	87.71	47.77	40.86
121.2	87.05	47.48	40.91
121.4	86.37	47.17	40.96
121.6	85.66	46.71	41.01
121.8	84.94	46.16	41.06
122.0	84.2	45.62	41.11
122.2	83.46	45.14	41.16
122.4	82.72	44.74	41.21
122.6	81.85	44.61	41.26
122.8	81.01	44.61	41.31
123.0	80.29	44.71	41.36
123.2	79.73	44.9	41.4
123.4	79.46	45.15	41.44
123.6	79.57	45.45	41.47
123.8	79.91	45.81	41.5
124.0	80.43	46.21	41.53
124.2	81.17	46.66	41.54
124.4	82.22	47.18	41.55
124.6	83.31	47.71	41.54
124.8	84.35	48.21	41.54
125.0	85.2	48.66	41.53
125.2	85.53	48.96	41.53
125.4	85.69	49.2	41.53
125.6	85.71	49.38	41.53
125.8	85.64	49.51	41.52
126.0	85.52	49.58	41.52
126.2	85.4	49.62	41.52
126.4	85.31	49.65	41.51
126.6	85.29	49.67	41.51
126.8	85.6	49.75	41.51
127.0	86.07	49.85	41.5
127.2	86.56	49.94	41.5
127.4	87.02	50.03	41.5
127.6	87.28	50.11	41.5
127.8	87.39	50.18	41.49
128.0	87.42	50.2	41.49
128.2	87.37	50.17	41.49
128.4	87.26	50.0	41.48
128.6	87.1	49.72	41.48
128.8	86.9	49.41	41.48
129.0	86.67	49.1	41.47
129.2	86.41	48.83	41.47
129.4	86.19	48.81	41.47
129.6	85.95	48.84	41.47
129.8	85.68	48.88	41.46
130.0	85.38	48.92	41.46
130.2	84.94	48.84	41.46
130.4	84.35	48.62	41.45
130.6	83.81	48.39	41.45
130.8	83.37	48.19	41.45
131.0	83.1	48.05	41.44
131.2	83.47	48.15	41.45
131.4	84.01	48.31	41.45
131.6	84.59	48.5	41.45
131.8	85.09	48.68	41.44
132.0	85.12	48.69	41.4
132.2	84.89	48.63	41.36
132.4	84.54	48.56	41.31
132.6	84.12	48.51	41.25
132.8	83.73	48.57	41.19
133.0	83.39	48.73	41.13
133.2	83.06	48.91	41.07
133.4	82.75	49.09	41.01
133.6	82.48	49.24	40.95
133.8	82.17	49.21	40.89
134.0	81.96	49.16	40.83
134.2	81.87	49.12	40.77
134.4	81.95	49.13	40.71
134.6	82.49	49.31	40.65
134.8	83.3	49.6	40.59
135.0	84.14	49.9	40.53
135.2	84.91	50.18	40.47
135.4	85.25	50.3	40.41
135.6	85.24	50.3	40.35
135.8	85.07	50.27	40.29
136.0	84.76	50.21	40.23
136.2	84.36	50.17	40.17
136.4	83.88	50.18	40.11
136.6	83.4	50.21	40.05
136.8	82.98	50.26	39.99
137.0	82.67	50.36	39.93
137.2	82.77	50.59	39.87
137.4	82.98	50.83	39.81
137.6	83.24	51.04	39.75
137.8	83.51	51.19	39.69
138.0	83.69	51.07	39.62
138.2	83.81	50.87	39.57
138.4	83.88	50.66	39.51
138.6	83.89	50.46	39.47
138.8	83.69	50.5	39.46
139.0	83.43	50.6	39.45
139.2	83.15	50.72	39.46
139.4	82.88	50.84	39.47
139.6	82.7	50.92	39.47
139.8	82.6	50.93	39.47
140.0	82.58	50.9	39.47
140.2	82.65	50.81	39.47
140.4	82.88	50.62	39.47
140.6	83.33	50.3	39.47
140.8	83.78	49.95	39.47
141.0	84.16	49.62	39.47
141.2	84.26	49.39	39.47
141.4	83.92	49.32	39.47
141.6	83.47	49.31	39.47
141.8	83.0	49.31	39.47
142.0	82.57	49.31	39.47
142.2	82.47	49.17	39.47
142.4	82.49	49.02	39.47
142.6	82.63	48.87	39.47
142.8	82.87	48.74	39.47
143.0	83.32	48.72	39.47
143.2	83.89	48.75	39.47
143.4	84.45	48.78	39.47
143.6	84.93	48.77	39.47
143.8	85.08	48.62	39.47
144.0	85.0	48.37	39.47
144.2	84.8	48.08	39.47
144.4	84.55	47.78	39.47
144.6	84.28	47.53	39.47
144.8	84.04	47.34	39.47
145.0	83.84	47.18	39.46
145.2	83.7	47.04	39.47
145.4	83.65	46.91	39.47
145.6	83.98	46.78	39.48
145.8	84.35	46.68	39.5
146.0	84.69	46.59	39.52
146.2	84.95	46.53	39.55
146.4	84.83	46.5	39.59
146.6	84.55	46.5	39.64
146.8	84.17	46.54	39.69
147.0	83.7	46.64	39.75
147.2	83.19	46.84	39.79
147.4	82.64	47.11	39.84
147.6	82.11	47.4	39.88
147.8	81.62	47.7	39.93
148.0	81.23	47.97	39.97
148.2	81.05	48.16	40.01
148.4	80.95	48.32	40.06
148.6	80.93	48.44	40.1
148.8	80.96	48.51	40.15
149.0	81.12	48.51	40.2
149.2	81.3	48.46	40.25
149.4	81.44	48.37	40.3
149.6	81.51	48.22	40.35
149.8	81.25	47.95	40.4
150.0	80.81	47.63	40.44
150.2	80.3	47.32	40.49
150.4	79.76	47.06	40.54
150.6	79.23	46.93	40.58
150.8	78.75	47.03	40.62
151.0	78.37	47.21	40.66
151.2	78.14	47.47	40.7
151.4	78.11	47.79	40.75
151.6	78.6	48.18	40.79
151.8	79.3	48.6	40.84
152.0	80.09	49.01	40.89
152.2	80.88	49.38	40.93
152.4	81.39	49.55	40.98
152.6	81.8	49.66	41.03
152.8	82.18	49.78	41.08
153.0	82.53	49.92	41.13
153.2	82.96	50.29	41.17
153.4	83.39	50.74	41.22
153.6	83.83	51.18	41.26
153.8	84.27	51.6	41.31
154.0	84.69	51.83	41.35
154.2	85.1	51.98	41.39
154.4	85.52	52.08	41.44
154.6	85.95	52.17	41.48
154.8	86.36	52.31	41.53
155.0	86.78	52.48	41.58
155.2	87.26	52.64	41.63
155.4	87.8	52.8	41.67
155.6	88.48	52.97	41.71
155.8	89.27	53.13	41.74
156.0	90.16	53.24	41.77
156.2	91.19	53.28	41.78
156.4	92.55	53.24	41.78
156.6	93.89	53.11	41.77
156.8	95.08	52.86	41.75
157.0	95.76	52.38	41.72
157.2	95.87	51.68	41.69
157.4	95.76	50.92	41.65
157.6	95.52	50.16	41.61
157.8	95.36	49.57	41.58
158.0	95.38	49.22	41.54
158.2	95.42	48.96	41.5
158.4	95.48	48.78	41.47
158.6	95.54	48.64	41.43
158.8	95.7	48.5	41.4
159.0	95.83	48.4	41.36
159.2	95.88	48.32	41.33
159.4	95.8	48.26	41.29
159.6	95.44	48.27	41.26
159.8	94.86	48.31	41.22
160.0	94.13	48.32	41.19
160.2	93.27	48.27	41.15
160.4	92.26	47.97	41.12
160.6	91.15	47.51	41.08
160.8	89.99	47.02	41.04
161.0	88.84	46.56	41.01
161.2	87.74	46.2	40.97
161.4	86.85	46.23	40.94
161.6	86.04	46.35	40.9
161.8	85.3	46.54	40.87
162.0	84.63	46.77	40.83
162.2	84.02	46.95	40.8
162.4	83.47	47.09	40.76
162.6	82.98	47.24	40.72
162.8	82.54	47.39	40.69
163.0	82.14	47.59	40.66
163.2	81.8	47.83	40.65
163.4	81.47	48.05	40.63
163.6	81.15	48.24	40.63
163.8	80.82	48.31	40.63
164.0	80.45	48.24	40.63
164.2	80.07	48.13	40.64
164.4	79.68	48.03	40.65
164.6	79.22	47.98	40.66
164.8	78.57	48.05	40.67
165.0	78.03	48.17	40.68
165.2	77.7	48.32	40.68
165.4	77.79	48.51	40.69
165.6	78.63	48.72	40.7
165.8	79.69	48.96	40.71
166.0	80.82	49.22	40.72
166.2	81.81	49.55	40.73
166.4	82.55	49.93	40.73
166.6	83.16	50.27	40.74
166.8	83.62	50.5	40.75
167.0	83.83	50.36	40.76
167.2	83.85	50.01	40.77
167.4	83.76	49.64	40.78
167.6	83.58	49.33	40.78
167.8	83.29	49.5	40.79
168.0	83.0	49.86	40.8
168.2	82.76	50.26	40.81
168.4	82.64	50.6	40.82
168.6	82.9	50.48	40.82
168.8	83.36	50.22	40.83
169.0	83.92	49.97	40.84
169.2	84.54	49.86	40.85
169.4	85.18	50.3	40.86
169.6	85.78	50.78	40.86
169.8	86.29	51.18	40.87
170.0	86.6	51.15	40.88
170.2	86.66	50.59	40.89
170.4	86.61	49.91	40.9
170.6	86.5	49.21	40.91
170.8	86.42	48.81	40.92
171.0	86.35	48.63	40.92
171.2	86.27	48.56	40.93
171.4	86.19	48.58	40.94
171.6	86.06	48.68	40.95
171.8	85.94	48.84	40.96
172.0	85.89	49.03	40.96
172.2	85.95	49.25	40.97
172.4	86.36	49.48	40.98
172.6	86.88	49.69	40.98
172.8	87.4	49.84	41.0
173.0	87.8	49.88	41.01
173.2	87.91	49.72	41.04
173.4	87.94	49.49	41.07
173.6	87.91	49.25	41.1
173.8	87.95	49.1	41.12
174.0	88.02	49.02	41.15
174.2	88.05	48.95	41.17
174.4	88.03	48.86	41.2
174.6	87.88	48.68	41.22
174.8	87.61	48.42	41.25
175.0	87.29	48.17	41.27
175.2	86.91	47.96	41.3
175.4	86.53	47.88	41.32
175.6	86.15	47.96	41.35
175.8	85.75	48.07	41.37
176.0	85.33	48.19	41.39
176.2	84.83	48.26	41.42
176.4	84.13	48.15	41.44
176.6	83.52	48.05	41.47
176.8	83.07	47.97	41.49
177.0	82.94	47.97	41.5
177.2	83.61	48.19	41.52
177.4	84.44	48.45	41.52
177.6	85.28	48.72	41.53
177.8	85.83	48.93	41.53
178.0	85.89	49.02	41.53
178.2	85.78	49.08	41.53
178.4	85.56	49.13	41.53
178.6	85.32	49.18	41.53
178.8	85.08	49.25	41.52
179.0	84.83	49.32	41.52
179.2	84.59	49.39	41.52
179.4	84.3	49.45	41.52
179.6	84.06	49.51	41.52
179.8	83.96	49.58	41.52
180.0	84.08	49.68	41.52
180.2	84.84	49.88	41.51
180.4	85.84	50.1	41.51
180.6	86.87	50.28	41.51
180.8	87.64	50.37	41.51
181.0	87.91	50.28	41.51
181.2	88.02	50.14	41.51
181.4	88.05	50.0	41.51
181.6	88.21	49.99	41.5
181.8	88.47	50.07	41.5
182.0	88.66	50.14	41.5
182.2	88.71	50.13	41.5
182.4	88.37	49.8	41.5
182.6	87.78	49.31	41.5
182.8	87.12	48.84	41.5
183.0	86.49	48.51	41.49
183.2	86.01	48.73	41.49
183.4	85.7	49.14	41.49
183.6	85.61	49.64	41.49
183.8	85.86	50.18	41.49
184.0	86.75	50.63	41.49
184.2	87.8	51.03	41.49
184.4	88.88	51.39	41.48
184.6	89.72	51.62	41.49
184.8	90.31	51.76	41.49
185.0	90.75	51.82	41.49
185.2	91.02	51.81	41.49
185.4	91.07	51.76	41.5
185.6	90.98	51.65	41.5
185.8	90.74	51.46	41.5
186.0	90.34	51.17	41.51
186.2	89.71	50.72	41.51
186.4	89.06	50.23	41.51
186.6	88.46	49.74	41.52
186.8	88.01	49.29	41.52
187.0	87.98	48.95	41.52
187.2	88.08	48.69	41.52
187.4	88.29	48.52	41.53
187.6	88.56	48.47	41.53
187.8	88.92	48.67	41.53
188.0	89.23	48.92	41.54
188.2	89.43	49.13	41.54
188.4	89.34	49.16	41.54
188.6	88.85	48.9	41.55
188.8	88.22	48.57	41.55
189.0	87.5	48.22	41.55
189.2	86.78	47.95	41.56
189.4	86.13	47.84	41.56
189.6	85.56	47.81	41.56
189.8	85.12	47.87	41.56
190.0	84.86	48.03	41.57
190.2	84.99	48.37	41.57
190.4	85.29	48.78	41.57
190.6	85.75	49.2	41.58
190.8	86.33	49.59	41.58
191.0	87.03	49.83	41.58
191.2	87.79	50.06	41.59
191.4	88.57	50.31	41.59
191.6	89.34	50.68	41.59
191.8	90.05	51.2	41.59
192.0	90.72	51.68	41.6
192.2	91.34	52.06	41.6
192.4	91.93	52.11	41.6
192.6	92.44	51.9	41.61
192.8	92.86	51.6	41.61
193.0	93.16	51.25	41.61
193.2	93.21	50.97	41.62
193.4	93.1	50.75	41.62
193.6	92.91	50.58	41.62
193.8	92.69	50.49	41.63
194.0	92.48	50.59	41.63
194.2	92.31	50.8	41.63
194.4	92.23	51.04	41.63
194.6	92.28	51.3	41.64
194.8	92.79	51.52	41.64
195.0	93.45	51.68	41.64
195.2	94.07	51.78	41.64
195.4	94.49	51.79	41.64
195.6	94.16	51.58	41.63
195.8	93.6	51.28	41.61
196.0	92.89	50.92	41.59
196.2	92.12	50.56	41.57
196.4	91.49	50.28	41.55
196.6	90.89	50.0	41.53
196.8	90.36	49.74	41.51
197.0	89.91	49.48	41.49
197.2	89.74	49.25	41.47
197.4	89.71	49.03	41.45
197.6	89.7	48.79	41.43
197.8	89.67	48.53	41.41
198.0	89.44	48.17	41.39
198.2	89.04	47.73	41.37
198.4	88.56	47.3	41.35
198.6	88.04	46.91	41.33
198.8	87.54	46.61	41.31
199.0	87.11	46.5	41.28
199.2	86.65	46.44	41.26
199.4	86.13	46.43	41.24
199.6	85.53	46.44	41.22
199.8	84.43	46.32	41.2
200.0	83.27	46.2	41.18
200.2	82.27	46.17	41.16
200.4	81.57	46.25	41.14
200.6	81.82	46.76	41.12
200.8	82.65	47.48	41.1
201.0	83.65	48.17	41.08
201.2	84.63	48.72	41.07
201.4	85.05	48.6	41.07
201.6	85.23	48.22	41.08
201.8	85.23	47.8	41.09
202.0	85.09	47.43	41.11
202.2	84.67	47.65	41.12
202.4	84.19	47.97	41.12
202.6	83.72	48.34	41.13
202.8	83.33	48.68	41.14
203.0	83.31	48.62	41.15
203.2	83.45	48.49	41.16
203.4	83.7	48.4	41.17
203.6	84.04	48.42	41.18
203.8	84.52	48.94	41.19
204.0	85.0	49.59	41.19
204.2	85.43	50.23	41.2
204.4	85.7	50.7	41.21
204.6	85.61	50.71	41.22
204.8	85.36	50.57	41.23
205.0	85.0	50.33	41.24
205.2	84.53	50.05	41.25
205.4	83.99	49.81	41.26
205.6	83.41	49.58	41.27
205.8	82.82	49.39	41.28
206.0	82.25	49.26	41.29
206.2	81.72	49.3	41.3
206.4	81.27	49.43	41.31
206.6	80.94	49.64	41.32
206.8	80.77	49.92	41.32
207.0	80.86	50.32	41.33
207.2	81.2	50.81	41.34
207.4	81.73	51.31	41.35
207.6	82.42	51.79	41.36
207.8	83.33	52.19	41.37
208.0	84.42	52.49	41.39
208.2	85.54	52.71	41.4
208.4	86.63	52.83	41.42
208.6	87.61	52.78	41.43
208.8	88.43	52.62	41.45
209.0	89.02	52.36	41.46
209.2	89.32	52.04	41.48
209.4	88.85	51.6	41.49
209.6	88.0	51.13	41.51
209.8	86.96	50.67	41.52
210.0	85.85	50.27	41.54
210.2	84.96	50.07	41.55
210.4	84.36	50.09	41.56
210.6	83.85	50.16	41.58
210.8	83.42	50.26	41.59
211.0	83.03	50.31	41.6
211.2	82.57	50.14	41.62
211.4	82.23	49.97	41.63
211.6	82.05	49.83	41.64
211.8	82.1	49.78	41.66
212.0	82.76	50.03	41.67
212.2	83.54	50.34	41.68
212.4	84.33	50.67	41.7
212.6	84.93	50.97	41.71
212.8	85.08	51.17	41.73
213.0	85.08	51.3	41.75
213.2	84.97	51.35	41.76
213.4	84.83	51.22	41.78
213.6	84.68	50.87	41.79
213.8	84.51	50.48	41.81
214.0	84.31	50.09	41.82
214.2	84.09	49.81	41.84
214.4	83.8	49.81	41.85
214.6	83.56	49.9	41.86
214.8	83.4	50.06	41.88
215.0	83.36	50.3	41.89
215.2	83.7	50.66	41.9
215.4	84.22	51.04	41.91
215.6	84.8	51.38	41.93
215.8	85.39	51.62	41.94
216.0	85.89	51.55	41.96
216.2	86.28	51.28	41.97
216.4	86.55	50.93	41.99
216.6	86.67	50.55	42.0
216.8	86.38	50.24	42.02
217.0	85.92	49.98	42.03
217.2	85.38	49.79	42.05
217.4	84.84	49.67	42.06
217.6	84.48	49.74	42.08
217.8	84.24	49.93	42.09
218.0	84.1	50.19	42.1
218.2	84.07	50.51	42.12
218.4	84.23	50.87	42.13
218.6	84.61	51.26	42.14
218.8	85.05	51.63	42.16
219.0	85.49	51.95	42.17
219.2	85.85	52.17	42.18
219.4	86.04	52.21	42.2
219.6	86.14	52.17	42.22
219.8	86.12	52.06	42.23
220.0	85.93	51.85	42.25
220.2	85.53	51.54	42.26
220.4	85.06	51.24	42.28
220.6	84.56	50.96	42.29
220.8	84.08	50.79	42.3
221.0	83.72	50.87	42.32
221.2	83.43	51.03	42.33
221.4	83.23	51.24	42.34
221.6	83.14	51.48	42.36
221.8	83.37	51.74	42.37
222.0	83.71	51.99	42.38
222.2	84.07	52.18	42.4
222.4	84.38	52.3	42.41
222.6	84.37	52.14	42.43
222.8	84.25	51.89	42.44
223.0	84.07	51.61	42.46
223.2	83.86	51.34	42.47
223.4	83.79	51.32	42.49
223.6	83.73	51.36	42.5
223.8	83.66	51.43	42.52
224.0	83.56	51.49	42.53
224.2	83.35	51.44	42.54
224.4	83.07	51.32	42.56
224.6	82.77	51.19	42.57
224.8	82.47	51.07	42.59
225.0	82.1	51.02	42.6
225.2	81.71	51.03	42.61
225.4	81.45	51.1	42.63
225.6	81.42	51.24	42.64
225.8	81.82	51.45	42.65
226.0	82.81	51.77	42.66
226.2	84.01	52.14	42.67
226.4	85.33	52.54	42.68
226.6	86.68	53.02	42.68
226.8	87.96	53.53	42.67
227.0	89.11	53.97	42.66
227.2	90.07	54.27	42.65
227.4	90.52	54.14	42.63
227.6	90.67	53.79	42.6
227.8	90.58	53.33	42.58
228.0	90.32	52.83	42.55
228.2	89.93	52.48	42.53
228.4	89.44	52.16	42.5
228.6	88.89	51.87	42.48
228.8	88.3	51.62	42.45
229.0	87.69	51.4	42.43
229.2	87.13	51.23	42.4
229.4	86.66	51.12	42.38
229.6	86.33	51.07	42.35
229.8	86.43	51.19	42.33
230.0	86.83	51.41	42.3
230.2	87.26	51.62	42.28
230.4	87.6	51.77	42.25
230.6	87.56	51.68	42.23
230.8	87.21	51.4	42.2
231.0	86.69	51.03	42.18
231.2	86.05	50.59	42.15
231.4	85.3	50.14	42.13
231.6	84.48	49.68	42.1
231.8	83.63	49.22	42.08
232.0	82.77	48.77	42.06
232.2	81.98	48.38	42.03
232.4	81.3	48.06	42.01
232.6	80.67	47.81	41.98
232.8	80.07	47.63	41.96
233.0	79.51	47.53	41.93
233.2	78.83	47.61	41.91
233.4	78.19	47.8	41.88
233.6	77.68	48.05	41.86
233.8	77.36	48.35	41.83
234.0	77.37	48.67	41.81
234.2	77.82	48.96	41.78
234.4	78.48	49.29	41.76
234.6	79.28	49.68	41.73
234.8	80.19	50.15	41.71
235.0	81.14	50.78	41.69
235.2	82.11	51.42	41.67
235.4	83.05	52.05	41.65
235.6	83.91	52.59	41.63
235.8	84.65	53.01	41.62
236.0	85.27	53.34	41.61
236.2	85.76	53.57	41.6
236.4	86.05	53.65	41.59
236.6	86.12	53.57	41.58
236.8	86.09	53.4	41.56
237.0	85.99	53.19	41.55
237.2	85.82	52.94	41.54
237.4	85.63	52.69	41.53
237.6	85.52	52.47	41.52
237.8	85.56	52.31	41.51
238.0	86.01	52.38	41.49
238.2	86.85	52.64	41.48
238.4	87.74	52.86	41.47
238.6	88.57	52.93	41.46
238.8	89.06	52.48	41.45
239.0	89.28	51.73	41.43
239.2	89.28	50.87	41.42
239.4	89.06	50.01	41.41
239.6	88.45	49.44	41.4
239.8	87.66	48.95	41.39
240.0	86.79	48.51	41.38
240.2	85.88	48.12	41.36
240.4	85.22	47.69	41.35
240.6	84.63	47.3	41.34
240.8	84.08	46.97	41.33
241.0	83.54	46.71	41.32
241.2	82.94	46.58	41.3
241.4	82.23	46.61	41.29
241.6	81.59	46.71	41.28
241.8	81.08	46.87	41.27
242.0	80.75	47.05	41.26
242.2	80.96	47.16	41.24
242.4	81.35	47.28	41.23
242.6	81.84	47.44	41.23
242.8	82.36	47.64	41.22
243.0	82.75	48.0	41.23
243.2	83.07	48.38	41.25
243.4	83.32	48.74	41.27
243.6	83.45	49.03	41.28
243.8	83.29	49.03	41.3
244.0	83.04	48.97	41.31
244.2	82.76	48.88	41.33
244.4	82.49	48.8	41.34
244.6	82.3	48.88	41.36
244.8	82.21	48.99	41.37
245.0	82.23	49.12	41.38
245.2	82.4	49.27	41.4
245.4	82.92	49.34	41.41
245.6	83.6	49.44	41.43
245.8	84.37	49.6	41.44
246.0	85.19	49.86	41.45
246.2	86.04	50.42	41.47
246.4	86.85	51.0	41.49
246.6	87.57	51.49	41.5
246.8	88.08	51.7	41.52
247.0	88.33	51.49	41.53
247.2	88.41	51.15	41.55
247.4	88.34	50.73	41.56
247.6	88.1	50.37	41.58
247.8	87.71	50.11	41.59
248.0	87.24	49.88	41.61
248.2	86.72	49.69	41.62
248.4	86.21	49.56	41.64
248.6	85.72	49.49	41.65
248.8	85.3	49.47	41.67
249.0	85.0	49.49	41.68
249.2	84.89	49.56	41.69
249.4	85.19	49.67	41.71
249.6	85.61	49.82	41.72
249.8	86.1	50.0	41.73
250.0	86.6	50.23	41.73
250.2	87.04	50.57	41.73
250.4	87.41	50.88	41.73
250.6	87.66	51.1	41.72
250.8	87.69	51.09	41.71
251.0	87.41	50.75	41.7
251.2	86.99	50.3	41.68
251.4	86.47	49.81	41.66
251.6	85.89	49.39	41.65
251.8	85.3	49.11	41.63
252.0	84.69	48.89	41.62
252.2	84.07	48.74	41.6
252.4	83.44	48.65	41.59
252.6	82.73	48.63	41.57
252.8	82.12	48.69	41.56
253.0	81.65	48.83	41.54
253.2	81.39	49.07	41.53
253.4	81.68	49.52	41.51
253.6	82.25	50.04	41.49
253.8	82.93	50.58	41.47
254.0	83.65	51.07	41.46
254.2	84.23	51.39	41.47
254.4	84.75	51.61	41.49
254.6	85.17	51.73	41.51
254.8	85.45	51.74	41.53
255.0	85.51	51.58	41.55
255.2	85.46	51.37	41.57
255.4	85.3	51.13	41.6
255.6	85.06	50.93	41.62
255.8	84.75	50.81	41.64
256.0	84.39	50.72	41.66
256.2	84.01	50.68	41.67
256.4	83.58	50.72	41.69
256.6	83.12	50.85	41.71
256.8	82.72	51.01	41.73
257.0	82.46	51.2	41.75
257.2	82.42	51.38	41.76
257.4	82.83	51.5	41.78
257.6	83.38	51.62	41.8
257.8	84.02	51.77	41.82
258.0	84.68	52.01	41.83
258.2	85.3	52.41	41.85
258.4	85.84	52.78	41.87
258.6	86.24	53.03	41.89
258.8	86.29	52.95	41.91
259.0	86.05	52.56	41.94
259.2	85.65	52.04	41.96
259.4	85.17	51.42	41.98
259.6	84.76	50.84	42.0
259.8	84.35	50.27	42.02
260.0	83.93	49.7	42.04
260.2	83.49	49.14	42.06
260.4	83.03	48.63	42.08
260.6	82.54	48.16	42.1
260.8	82.03	47.74	42.12
261.0	81.51	47.39	42.14
261.2	80.99	47.11	42.15
261.4	80.44	47.01	42.17
261.6	79.9	46.98	42.19
261.8	79.36	47.01	42.21
262.0	78.84	47.05	42.23
262.2	78.28	47.02	42.25
262.4	77.66	46.86	42.27
262.6	77.16	46.76	42.28
262.8	76.85	46.78	42.3
263.0	76.79	46.97	42.31
263.2	77.39	47.68	42.32
263.4	78.25	48.55	42.33
263.6	79.29	49.48	42.33
263.8	80.45	50.43	42.33
264.0	81.69	51.21	42.31
264.2	82.91	51.91	42.29
264.4	84.04	52.51	42.26
264.6	84.96	52.95	42.24
264.8	85.42	53.19	42.21
265.0	85.72	53.29	42.18
265.2	85.9	53.3	42.15
265.4	86.06	53.22	42.11
265.6	86.27	53.08	42.08
265.8	86.43	52.89	42.05
266.0	86.53	52.68	42.02
266.2	86.56	52.48	41.99
266.4	86.45	52.34	41.96
266.6	86.29	52.23	41.93
266.8	86.08	52.15	41.9
267.0	85.84	52.11	41.87
267.2	85.56	52.16	41.84
267.4	85.26	52.28	41.81
267.6	85.0	52.41	41.78
267.8	84.8	52.52	41.75
268.0	84.76	52.58	41.72
268.2	84.97	52.53	41.69
268.4	85.21	52.45	41.66
268.6	85.44	52.36	41.63
268.8	85.57	52.26	41.6
269.0	85.46	52.18	41.57
269.2	85.25	52.1	41.54
269.4	84.94	52.03	41.51
269.6	84.52	51.95	41.48
269.8	83.94	51.85	41.45
270.0	83.33	51.77	41.42
270.2	82.74	51.7	41.39
270.4	82.21	51.65	41.36
270.6	81.96	51.65	41.33
270.8	81.83	51.67	41.3
271.0	81.77	51.72	41.27
271.2	81.76	51.79	41.24
271.4	81.79	51.89	41.21
271.6	81.82	52.02	41.19
271.8	81.84	52.14	41.16
272.0	81.83	52.25	41.13
272.2	81.65	52.29	41.1
272.4	81.37	52.28	41.07
272.6	81.06	52.26	41.04
272.8	80.77	52.27	41.01
273.0	80.52	52.33	40.98
273.2	80.35	52.47	40.95
273.4	80.29	52.65	40.92
273.6	80.37	52.88	40.89
273.8	80.62	53.15	40.86
274.0	81.29	53.51	40.83
274.2	82.1	53.89	40.8
274.4	82.99	54.26	40.77
274.6	83.9	54.58	40.74
274.8	84.71	54.8	40.71
275.0	85.49	54.96	40.68
275.2	86.22	55.05	40.65
275.4	86.87	55.06	40.62
275.6	87.4	54.94	40.6
275.8	87.85	54.78	40.57
276.0	88.22	54.59	40.54
276.2	88.49	54.44	40.51
276.4	88.62	54.41	40.48
276.6	88.7	54.37	40.45
276.8	88.78	54.29	40.42
277.0	88.88	54.11	40.39
277.2	89.09	53.7	40.36
277.4	89.35	53.24	40.33
277.6	89.67	52.78	40.3
277.8	90.07	52.39	40.27
278.0	90.7	52.29	40.25
278.2	91.28	52.17	40.22
278.4	91.72	51.94	40.19
278.6	91.82	51.39	40.15
278.8	91.41	50.37	40.09
279.0	90.79	49.25	40.03
279.2	90.02	48.11	39.97
279.4	89.2	47.21	39.91
279.6	88.37	46.61	39.84
279.8	87.52	46.13	39.78
280.0	86.67	45.75	39.71
280.2	85.84	45.44	39.65
280.4	85.04	45.07	39.58
280.6	84.34	44.8	39.51
280.8	83.77	44.65	39.45
281.0	83.38	44.66	39.38
281.2	83.43	45.08	39.32
281.4	83.76	45.73	39.25
281.6	84.18	46.42	39.19
281.8	84.63	47.06	39.12
282.0	84.92	47.39	39.06
282.2	85.05	47.42	38.99
282.4	85.09	47.36	38.93
282.6	85.02	47.22	38.86
282.8	84.77	47.09	38.8
283.0	84.38	46.98	38.73
283.2	83.92	46.87	38.67
283.4	83.45	46.77	38.6
283.6	83.01	46.71	38.53
283.8	82.7	46.71	38.47
284.0	82.43	46.73	38.4
284.2	82.23	46.78	38.34
284.4	82.08	46.85	38.27
284.6	82.11	46.96	38.21
284.8	82.18	47.07	38.14
285.0	82.25	47.17	38.08
285.2	82.29	47.23	38.01
285.4	82.13	47.18	37.95
285.6	81.88	47.07	37.88
285.8	81.59	46.93	37.82
286.0	81.27	46.78	37.75
286.2	80.95	46.64	37.68
286.4	80.67	46.52	37.62
286.6	80.4	46.44	37.55
286.8	80.15	46.41	37.49
287.0	79.94	46.45	37.42
287.2	79.69	46.64	37.36
287.4	79.5	46.93	37.29
287.6	79.42	47.28	37.22
287.8	79.47	47.67	37.16
