0.2	102.78	39.4	33.76
0.4	102.88	39.26	33.76
0.6	102.77	39.01	33.76
0.8	102.49	38.7	33.76
1.0	102.1	38.33	33.76
1.2	101.64	37.94	33.76
1.4	101.16	37.55	33.76
1.6	100.7	37.17	33.77
1.8	100.31	36.83	33.79
2.0	100.04	36.56	33.81
2.2	100.17	36.46	33.85
2.4	100.5	36.47	33.9
2.6	100.93	36.54	33.96
2.8	101.41	36.68	34.03
3.0	101.89	36.9	34.09
3.2	102.33	37.22	34.15
3.4	102.7	37.54	34.21
3.6	102.98	37.81	34.27
3.8	103.12	38.0	34.33
4.0	102.93	37.9	34.39
4.2	102.51	37.6	34.45
4.4	101.98	37.21	34.51
4.6	101.37	36.76	34.57
4.8	100.72	36.27	34.63
5.0	100.1	35.78	34.69
5.2	99.52	35.31	34.74
5.4	99.01	34.88	34.8
5.6	98.59	34.54	34.85
5.8	98.3	34.29	34.9
6.0	98.38	34.38	34.95
6.2	98.59	34.57	34.99
6.4	98.91	34.83	35.03
6.6	99.32	35.12	35.06
6.8	99.8	35.43	35.07
7.0	100.36	35.7	35.07
7.2	100.9	35.95	35.07
7.4	101.39	36.14	35.06
7.6	101.76	36.27	35.04
7.8	101.79	36.2	35.02
8.0	101.64	36.02	35.0
8.2	101.38	35.8	34.98
8.4	101.05	35.54	34.96
8.6	100.66	35.29	34.93
8.8	100.22	35.06	34.9
9.0	99.81	34.87	34.88
9.2	99.47	34.72	34.86
9.4	99.26	34.63	34.84
9.6	99.4	34.66	34.84
9.8	99.85	34.81	34.86
10.0	100.4	35.02	34.89
10.2	101.0	35.28	34.94
10.4	101.6	35.59	35.01
10.6	102.01	36.02	35.11
10.8	102.34	36.45	35.24
11.0	102.59	36.84	35.37
11.2	102.72	37.17	35.52
11.4	102.68	37.31	35.65
11.6	102.4	37.2	35.78
11.8	102.03	36.99	35.91
12.0	101.61	36.72	36.03
12.2	101.15	36.39	36.16
12.4	100.7	36.03	36.28
12.6	100.29	35.67	36.4
12.8	99.94	35.34	36.52
13.0	99.69	35.08	36.63
13.2	99.57	34.91	36.75
13.4	99.86	35.03	36.88
13.6	100.38	35.33	37.01
13.8	100.94	35.7	37.14
14.0	101.49	36.1	37.27
14.2	101.94	36.5	37.4
14.4	101.9	36.73	37.53
14.6	101.74	36.92	37.67
14.8	101.47	37.08	37.8
15.0	101.14	37.2	37.92
15.2	100.75	37.27	38.05
15.4	100.32	37.24	38.17
15.6	99.92	37.21	38.29
15.8	99.56	37.2	38.41
16.0	99.3	37.23	38.52
16.2	99.19	37.36	38.64
16.4	99.44	37.71	38.76
16.6	99.79	38.12	38.88
16.8	100.23	38.59	39.0
17.0	100.72	39.08	39.13
17.2	101.25	39.62	39.25
17.4	101.79	40.19	39.38
17.6	102.3	40.72	39.51
17.8	102.73	41.18	39.64
18.0	103.05	41.54	39.76
18.2	103.05	41.64	39.9
18.4	102.85	41.55	40.03
18.6	102.56	41.37	40.16
18.8	102.21	41.1	40.28
19.0	101.84	40.78	40.4
19.2	101.51	40.4	40.5
19.4	101.22	40.01	40.6
19.6	101.0	39.65	40.68
19.8	100.87	39.34	40.77
20.0	100.88	39.14	40.85
20.2	101.3	39.27	40.92
20.4	101.81	39.47	40.99
20.6	102.34	39.71	41.06
20.8	102.87	39.95	41.13
21.0	103.23	40.07	41.2
21.2	103.4	40.07	41.27
21.4	103.48	40.01	41.35
21.6	103.46	39.89	41.42
21.8	103.35	39.72	41.49
22.0	103.08	39.44	41.56
22.2	102.71	39.11	41.63
22.4	102.31	38.76	41.69
22.6	101.89	38.42	41.76
22.8	101.49	38.11	41.83
23.0	101.16	37.87	41.9
23.2	100.89	37.7	41.96
23.4	100.7	37.6	42.03
23.6	100.62	37.59	42.09
23.8	100.71	37.72	42.16
24.0	101.16	38.14	42.23
24.2	101.68	38.62	42.3
24.4	102.21	39.11	42.37
24.6	102.69	39.55	42.45
24.8	102.89	39.78	42.52
25.0	102.86	39.83	42.59
25.2	102.73	39.79	42.66
25.4	102.51	39.67	42.73
25.6	102.23	39.48	42.8
25.8	101.9	39.22	42.87
26.0	101.54	38.91	42.93
26.2	101.18	38.6	43.0
26.4	100.84	38.29	43.07
26.6	100.54	38.0	43.13
26.8	100.31	37.76	43.2
27.0	100.16	37.58	43.27
27.2	100.12	37.5	43.33
27.4	100.21	37.53	43.4
27.6	100.66	37.86	43.47
27.8	101.31	38.4	43.54
28.0	101.99	38.96	43.61
28.2	102.62	39.51	43.69
28.4	103.03	39.91	43.76
28.6	102.98	39.99	43.83
28.8	102.78	39.96	43.9
29.0	102.46	39.83	43.97
29.2	102.05	39.61	44.05
29.4	101.61	39.26	44.12
29.6	101.15	38.84	44.18
29.8	100.69	38.42	44.25
30.0	100.25	38.03	44.32
30.2	99.87	37.71	44.39
30.4	99.59	37.63	44.45
30.6	99.41	37.66	44.52
30.8	99.33	37.8	44.59
31.0	99.36	38.02	44.65
31.2	99.62	38.39	44.72
31.4	100.19	38.93	44.79
31.6	100.8	39.49	44.86
31.8	101.38	40.02	44.94
32.0	101.85	40.49	45.01
32.2	101.83	40.61	45.08
32.4	101.61	40.6	45.15
32.6	101.27	40.51	45.22
32.8	100.84	40.37	45.29
33.0	100.39	40.23	45.36
33.2	99.96	40.15	45.44
33.4	99.55	40.08	45.51
33.6	99.18	40.04	45.57
33.8	98.88	40.02	45.62
34.0	98.71	40.02	45.66
34.2	98.68	40.06	45.68
34.4	98.76	40.17	45.69
34.6	98.97	40.36	45.7
34.8	99.32	40.68	45.7
35.0	100.04	41.33	45.71
35.2	100.82	42.04	45.73
35.4	101.57	42.75	45.74
35.6	102.23	43.41	45.75
35.8	102.48	43.82	45.77
36.0	102.43	44.05	45.78
36.2	102.25	44.16	45.79
36.4	101.96	44.16	45.81
36.6	101.59	44.03	45.82
36.8	101.21	43.72	45.83
37.0	100.81	43.36	45.85
37.2	100.43	42.99	45.86
37.4	100.08	42.64	45.87
37.6	99.83	42.42	45.88
37.8	99.69	42.34	45.9
38.0	99.64	42.35	45.91
38.2	99.71	42.47	45.92
38.4	99.89	42.7	45.93
38.6	100.4	43.25	45.95
38.8	100.99	43.88	45.96
39.0	101.61	44.51	45.97
39.2	102.19	45.09	45.99
39.4	102.58	45.39	46.0
39.6	102.76	45.45	46.01
39.8	102.83	45.4	46.02
40.0	102.82	45.3	46.04
40.2	102.71	45.16	46.05
40.4	102.48	45.14	46.06
40.6	102.19	45.1	46.08
40.8	101.87	45.04	46.09
41.0	101.55	44.94	46.1
41.2	101.22	44.7	46.11
41.4	100.91	44.33	46.13
41.6	100.68	44.01	46.14
41.8	100.57	43.77	46.15
42.0	100.59	43.67	46.16
42.2	101.09	44.16	46.18
42.4	101.71	44.77	46.19
42.6	102.37	45.42	46.2
42.8	103.01	46.03	46.22
43.0	103.45	46.32	46.23
43.2	103.71	46.36	46.24
43.4	103.86	46.3	46.26
43.6	103.9	46.14	46.27
43.8	103.82	45.93	46.28
44.0	103.59	45.7	46.3
44.2	103.26	45.45	46.31
44.4	102.88	45.16	46.32
44.6	102.45	44.86	46.34
44.8	101.92	44.48	46.35
45.0	101.37	44.08	46.36
45.2	100.88	43.73	46.37
45.4	100.51	43.48	46.38
45.6	100.31	43.36	46.4
45.8	100.68	43.67	46.41
46.0	101.22	44.13	46.43
46.2	101.86	44.67	46.45
46.4	102.55	45.24	46.47
46.6	103.13	45.79	46.48
46.8	103.59	46.28	46.5
47.0	103.97	46.69	46.52
47.2	104.24	47.0	46.54
47.4	104.38	47.16	46.56
47.6	104.24	46.96	46.58
47.8	103.99	46.65	46.6
48.0	103.66	46.25	46.62
48.2	103.27	45.82	46.63
48.4	102.82	45.38	46.65
48.6	102.34	44.98	46.67
48.8	101.95	44.65	46.69
49.0	101.69	44.45	46.7
49.2	101.63	44.42	46.72
49.4	102.18	44.86	46.74
49.6	102.89	45.44	46.76
49.8	103.69	46.1	46.78
50.0	104.51	46.79	46.8
50.2	105.21	47.39	46.82
50.4	105.78	47.9	46.84
50.6	106.24	48.32	46.85
50.8	106.54	48.62	46.87
51.0	106.57	48.71	46.89
51.2	106.25	48.51	46.91
51.4	105.78	48.18	46.93
51.6	105.19	47.75	46.95
51.8	104.54	47.25	46.97
52.0	103.84	46.67	46.99
52.2	103.15	46.07	47.01
52.4	102.54	45.54	47.03
52.6	102.07	45.1	47.04
52.8	101.84	44.87	47.06
53.0	102.16	45.11	47.06
53.2	102.64	45.49	47.07
53.4	103.21	45.93	47.07
53.6	103.83	46.39	47.07
53.8	104.36	46.7	47.07
54.0	104.8	46.89	47.07
54.2	105.15	47.03	47.07
54.4	105.4	47.11	47.07
54.6	105.47	47.16	47.07
54.8	105.24	47.16	47.06
55.0	104.89	47.12	47.06
55.2	104.44	47.02	47.06
55.4	103.93	46.85	47.06
55.6	103.32	46.5	47.06
55.8	102.68	46.04	47.06
56.0	102.1	45.59	47.06
56.2	101.63	45.2	47.06
56.4	101.32	44.91	47.06
56.6	101.52	44.99	47.06
56.8	101.91	45.22	47.05
57.0	102.44	45.56	47.05
57.2	103.06	46.0	47.05
57.4	103.76	46.58	47.05
57.6	104.49	47.28	47.05
57.8	105.18	47.96	47.05
58.0	105.77	48.54	47.05
58.2	106.17	48.9	47.04
58.4	106.16	48.72	47.04
58.6	105.98	48.39	47.04
58.8	105.68	47.95	47.04
59.0	105.27	47.47	47.04
59.2	104.77	47.12	47.04
59.4	104.23	46.86	47.03
59.6	103.71	46.64	47.03
59.8	103.26	46.46	47.03
60.0	102.96	46.34	47.03
60.2	103.0	46.26	47.03
60.4	103.17	46.24	47.02
60.6	103.46	46.29	47.02
60.8	103.85	46.4	47.02
61.0	104.39	46.66	47.02
61.2	105.01	47.01	47.02
61.4	105.62	47.37	47.02
61.6	106.16	47.72	47.01
61.8	106.5	47.99	47.01
62.0	106.57	48.14	47.01
62.2	106.5	48.21	47.01
62.4	106.31	48.2	47.01
62.6	106.0	48.1	47.0
62.8	105.54	47.8	47.0
63.0	105.0	47.43	47.0
63.2	104.43	47.02	47.0
63.4	103.84	46.59	47.0
63.6	103.29	46.21	46.99
63.8	102.8	45.9	46.99
64.0	102.4	45.65	46.99
64.2	102.1	45.45	46.99
64.4	101.94	45.31	46.99
64.6	102.12	45.28	46.99
64.8	102.52	45.34	47.01
65.0	103.0	45.47	47.02
65.2	103.51	45.67	47.03
65.4	103.99	45.94	47.05
65.6	104.32	46.35	47.06
65.8	104.59	46.76	47.08
66.0	104.76	47.14	47.09
66.2	104.83	47.44	47.11
66.4	104.66	47.46	47.12
66.6	104.35	47.33	47.13
66.8	103.96	47.11	47.15
67.0	103.52	46.84	47.16
67.2	103.04	46.52	47.18
67.4	102.5	46.15	47.19
67.6	102.03	45.82	47.21
67.8	101.68	45.56	47.22
68.0	101.5	45.4	47.23
68.2	101.77	45.54	47.24
68.4	102.37	45.9	47.24
68.6	103.11	46.35	47.24
68.8	103.92	46.84	47.24
69.0	104.72	47.32	47.24
69.2	105.44	47.72	47.24
69.4	106.09	48.08	47.24
69.6	106.63	48.38	47.24
69.8	107.03	48.61	47.23
70.0	107.05	48.67	47.23
70.2	106.9	48.63	47.23
70.4	106.62	48.52	47.23
70.6	106.25	48.34	47.23
70.8	105.77	48.06	47.23
71.0	105.23	47.68	47.23
71.2	104.73	47.32	47.23
71.4	104.33	47.01	47.22
71.6	104.08	46.79	47.22
71.8	104.42	46.92	47.22
72.0	104.92	47.17	47.22
72.2	105.52	47.49	47.22
72.4	106.16	47.85	47.22
72.6	106.72	48.22	47.22
72.8	107.19	48.58	47.21
73.0	107.55	48.9	47.21
73.2	107.78	49.14	47.21
73.4	107.8	49.24	47.21
73.6	107.44	49.09	47.21
73.8	106.94	48.83	47.21
74.0	106.33	48.47	47.21
74.2	105.65	48.04	47.2
74.4	104.94	47.47	47.2
74.6	104.24	46.82	47.2
74.8	103.6	46.2	47.2
75.0	103.08	45.66	47.2
75.2	102.72	45.24	47.2
75.4	102.88	45.26	47.2
75.6	103.29	45.51	47.2
75.8	103.81	45.86	47.19
76.0	104.38	46.27	47.19
76.2	104.9	46.68	47.19
76.4	105.22	46.98	47.19
76.6	105.47	47.25	47.19
76.8	105.63	47.48	47.19
77.0	105.68	47.66	47.18
77.2	105.47	47.7	47.18
77.4	105.1	47.65	47.18
77.6	104.69	47.56	47.18
77.8	104.28	47.45	47.18
78.0	103.94	47.32	47.18
78.2	103.79	47.16	47.18
78.4	103.75	47.05	47.17
78.6	103.84	47.01	47.17
78.8	104.07	47.07	47.17
79.0	104.67	47.46	47.17
79.2	105.51	48.07	47.17
79.4	106.37	48.73	47.17
79.6	107.17	49.35	47.16
79.8	107.71	49.81	47.16
80.0	107.82	50.0	47.16
80.2	107.76	50.05	47.16
80.4	107.53	49.98	47.16
80.6	107.17	49.79	47.16
80.8	106.54	49.35	47.15
81.0	105.84	48.83	47.15
81.2	105.16	48.31	47.15
81.4	104.58	47.84	47.15
81.6	104.29	47.56	47.15
81.8	104.47	47.59	47.15
82.0	104.8	47.74	47.15
82.2	105.24	48.0	47.14
82.4	105.76	48.35	47.14
82.6	106.34	48.87	47.14
82.8	106.91	49.43	47.14
83.0	107.4	49.98	47.14
83.2	107.78	50.46	47.14
83.4	107.86	50.74	47.13
83.6	107.61	50.78	47.13
83.8	107.2	50.68	47.13
84.0	106.67	50.46	47.13
84.2	106.04	50.11	47.13
84.4	105.23	49.42	47.13
84.6	104.42	48.68	47.12
84.8	103.67	47.95	47.12
85.0	103.04	47.31	47.12
85.2	102.71	46.96	47.12
85.4	102.9	47.11	47.12
85.6	103.26	47.42	47.12
85.8	103.75	47.84	47.11
86.0	104.31	48.33	47.11
86.2	104.89	48.8	47.11
86.4	105.44	49.24	47.11
86.6	105.93	49.64	47.11
86.8	106.29	49.97	47.11
87.0	106.39	50.16	47.11
87.2	106.13	50.18	47.11
87.4	105.72	50.09	47.12
87.6	105.21	49.9	47.12
87.8	104.63	49.62	47.12
88.0	103.97	49.1	47.12
88.2	103.33	48.51	47.12
88.4	102.78	47.97	47.12
88.6	102.4	47.51	47.12
88.8	102.35	47.31	47.12
89.0	102.87	47.56	47.12
89.2	103.55	47.95	47.12
89.4	104.33	48.45	47.12
89.6	105.12	49.01	47.12
89.8	105.75	49.59	47.12
90.0	106.29	50.16	47.12
90.2	106.7	50.65	47.12
90.4	106.96	51.04	47.13
90.6	106.87	51.1	47.13
90.8	106.52	50.93	47.13
91.0	106.06	50.65	47.13
91.2	105.52	50.28	47.13
91.4	104.97	49.85	47.13
91.6	104.44	49.38	47.13
91.8	103.99	48.94	47.13
92.0	103.66	48.57	47.13
92.2	103.51	48.33	47.13
92.4	103.88	48.47	47.13
92.6	104.54	48.84	47.13
92.8	105.28	49.29	47.13
93.0	106.02	49.76	47.14
93.2	106.57	50.14	47.14
93.4	106.84	50.38	47.14
93.6	106.96	50.54	47.14
93.8	106.94	50.59	47.14
94.0	106.75	50.53	47.14
94.2	106.18	50.19	47.14
94.4	105.54	49.77	47.14
94.6	104.89	49.3	47.14
94.8	104.33	48.83	47.14
95.0	104.09	48.41	47.14
95.2	104.15	48.07	47.14
95.4	104.36	47.83	47.14
95.6	104.71	47.73	47.15
95.8	105.23	47.86	47.15
96.0	105.98	48.46	47.15
96.2	106.75	49.15	47.15
96.4	107.47	49.81	47.15
96.6	108.06	50.37	47.15
96.8	108.15	50.36	47.15
97.0	108.04	50.17	47.15
97.2	107.77	49.85	47.15
97.4	107.36	49.43	47.15
97.6	106.75	48.93	47.15
97.8	106.03	48.39	47.15
98.0	105.32	47.88	47.15
98.2	104.7	47.45	47.16
98.4	104.31	47.16	47.16
98.6	104.45	47.21	47.16
98.8	104.76	47.38	47.16
99.0	105.2	47.65	47.16
99.2	105.71	47.98	47.16
99.4	106.3	48.38	47.16
99.6	106.87	48.8	47.16
99.8	107.36	49.18	47.16
100.0	107.71	49.49	47.16
100.2	107.68	49.61	47.16
100.4	107.28	49.53	47.16
100.6	106.72	49.33	47.17
100.8	106.05	49.04	47.17
101.0	105.32	48.63	47.17
101.2	104.54	47.96	47.17
101.4	103.8	47.29	47.17
101.6	103.18	46.69	47.17
101.8	102.73	46.25	47.17
102.0	102.73	46.26	47.17
102.2	103.18	46.75	47.18
102.4	103.78	47.38	47.18
102.6	104.44	48.06	47.19
102.8	105.06	48.71	47.19
103.0	105.44	49.1	47.2
103.2	105.72	49.4	47.2
103.4	105.88	49.59	47.21
103.6	105.91	49.68	47.21
103.8	105.6	49.54	47.22
104.0	105.12	49.28	47.23
104.2	104.59	48.95	47.23
104.4	104.06	48.6	47.24
104.6	103.66	48.27	47.24
104.8	103.49	48.0	47.25
105.0	103.45	47.8	47.25
105.2	103.54	47.7	47.25
105.4	103.77	47.74	47.26
105.6	104.39	48.16	47.27
105.8	105.14	48.75	47.27
106.0	105.89	49.38	47.28
106.2	106.55	50.01	47.28
106.4	106.85	50.51	47.29
106.6	106.81	50.85	47.29
106.8	106.59	51.06	47.3
107.0	106.21	51.1	47.3
107.2	105.7	50.91	47.31
107.4	104.94	50.19	47.31
107.6	104.17	49.36	47.32
107.8	103.46	48.54	47.32
108.0	102.87	47.8	47.33
108.2	102.72	47.52	47.33
108.4	102.92	47.61	47.34
108.6	103.3	47.85	47.34
108.8	103.8	48.21	47.35
109.0	104.43	48.64	47.35
109.2	105.2	49.11	47.36
109.4	105.94	49.58	47.36
109.6	106.57	50.0	47.37
109.8	107.01	50.33	47.37
110.0	106.82	50.41	47.38
110.2	106.42	50.37	47.38
110.4	105.86	50.2	47.39
110.6	105.19	49.93	47.4
110.8	104.38	49.38	47.4
111.0	103.56	48.7	47.41
111.2	102.82	48.05	47.41
111.4	102.23	47.49	47.42
111.6	102.0	47.2	47.42
111.8	102.39	47.43	47.42
112.0	102.98	47.83	47.43
112.2	103.71	48.34	47.43
112.4	104.49	48.93	47.43
112.6	105.21	49.55	47.43
112.8	105.87	50.15	47.43
113.0	106.4	50.66	47.43
113.2	106.77	51.04	47.42
113.4	106.66	50.98	47.42
113.6	106.24	50.64	47.42
113.8	105.71	50.2	47.42
114.0	105.13	49.72	47.41
114.2	104.63	49.3	47.41
114.4	104.29	49.02	47.41
114.6	104.09	48.83	47.4
114.8	104.06	48.77	47.4
115.0	104.29	48.87	47.4
115.2	105.18	49.39	47.4
115.4	106.17	49.99	47.39
115.6	107.16	50.59	47.39
115.8	108.01	51.12	47.39
116.0	108.21	51.24	47.38
116.2	108.18	51.23	47.38
116.4	107.94	51.09	47.38
116.6	107.53	50.85	47.37
116.8	106.81	50.42	47.37
117.0	105.98	49.91	47.37
117.2	105.15	49.41	47.37
117.4	104.4	48.95	47.36
117.6	103.97	48.66	47.36
117.8	104.03	48.63	47.36
118.0	104.26	48.72	47.35
118.2	104.62	48.91	47.35
118.4	105.07	49.2	47.35
118.6	105.65	49.72	47.35
118.8	106.21	50.28	47.35
119.0	106.69	50.77	47.35
119.2	107.03	51.14	47.35
119.4	106.86	51.05	47.35
119.6	106.34	50.62	47.35
119.8	105.69	50.07	47.35
120.0	105.0	49.46	47.36
120.2	104.36	48.87	47.36
120.4	103.89	48.39	47.36
120.6	103.54	48.01	47.36
120.8	103.36	47.74	47.36
121.0	103.39	47.63	47.36
121.2	104.07	48.0	47.37
121.4	104.87	48.49	47.37
121.6	105.69	49.01	47.37
121.8	106.41	49.5	47.37
122.0	106.59	49.72	47.37
122.2	106.52	49.8	47.37
122.4	106.27	49.77	47.38
122.6	105.87	49.62	47.38
122.8	105.22	49.24	47.38
123.0	104.45	48.73	47.38
123.2	103.7	48.2	47.38
123.4	103.06	47.71	47.38
123.6	102.74	47.41	47.39
123.8	102.88	47.37	47.39
124.0	103.21	47.46	47.39
124.2	103.68	47.68	47.39
124.4	104.28	48.04	47.39
124.6	105.05	48.67	47.39
124.8	105.8	49.32	47.4
125.0	106.46	49.92	47.4
125.2	106.93	50.4	47.4
125.4	106.84	50.39	47.4
125.6	106.53	50.21	47.4
125.8	106.03	49.9	47.41
126.0	105.37	49.48	47.41
126.2	104.49	48.93	47.41
126.4	103.53	48.34	47.41
126.6	102.6	47.78	47.42
126.8	101.77	47.3	47.42
127.0	101.25	47.05	47.42
127.2	101.16	47.12	47.42
127.4	101.26	47.33	47.42
127.6	101.52	47.63	47.42
127.8	101.9	48.01	47.43
128.0	102.38	48.39	47.43
128.2	102.92	48.8	47.43
128.4	103.51	49.23	47.43
128.6	104.11	49.69	47.43
128.8	104.76	50.22	47.44
129.0	105.35	50.72	47.44
129.2	105.82	51.16	47.44
129.4	106.12	51.48	47.44
129.6	105.91	51.45	47.45
129.8	105.48	51.27	47.45
130.0	104.91	51.01	47.45
130.2	104.26	50.72	47.45
130.4	103.73	50.55	47.45
130.6	103.28	50.47	47.46
130.8	102.83	50.41	47.46
131.0	102.38	50.36	47.46
131.2	101.92	50.29	47.46
131.4	101.39	50.19	47.46
131.6	100.86	50.06	47.47
131.8	100.33	49.9	47.47
132.0	99.83	49.68	47.47
132.2	99.31	49.29	47.47
132.4	98.77	48.68	47.47
132.6	98.33	48.11	47.48
132.8	98.03	47.67	47.48
133.0	97.91	47.42	47.48
133.2	98.34	47.89	47.48
133.4	99.04	48.7	47.48
133.6	99.81	49.6	47.48
133.8	100.55	50.47	47.48
134.0	101.04	51.01	47.48
134.2	101.17	51.09	47.47
134.4	101.15	51.02	47.46
134.6	100.98	50.84	47.46
134.8	100.66	50.6	47.45
135.0	100.03	50.39	47.44
135.2	99.35	50.17	47.44
135.4	98.66	49.96	47.43
135.6	98.05	49.78	47.42
135.8	97.7	49.67	47.42
136.0	97.6	49.62	47.41
136.2	97.68	49.66	47.4
136.4	97.94	49.81	47.4
136.6	98.45	50.15	47.39
136.8	99.33	50.81	47.39
137.0	100.28	51.51	47.38
137.2	101.2	52.17	47.37
137.4	101.98	52.66	47.37
137.6	102.29	52.73	47.36
137.8	102.44	52.64	47.35
138.0	102.43	52.42	47.35
138.2	102.3	52.09	47.34
138.4	102.02	51.66	47.33
138.6	101.66	51.18	47.33
138.8	101.27	50.68	47.32
139.0	100.88	50.19	47.31
139.2	100.55	49.81	47.31
139.4	100.29	49.54	47.3
139.6	100.14	49.32	47.29
139.8	100.1	49.15	47.29
140.0	100.3	49.06	47.28
140.2	100.92	49.06	47.28
140.4	101.6	49.08	47.27
140.6	102.26	49.09	47.27
140.8	102.8	49.08	47.26
141.0	102.84	48.95	47.26
141.2	102.66	48.77	47.26
141.4	102.32	48.52	47.26
141.6	101.83	48.21	47.26
141.8	101.16	47.75	47.26
142.0	100.32	47.15	47.26
142.2	99.46	46.56	47.26
142.4	98.65	46.02	47.26
142.6	97.93	45.6	47.26
142.8	97.6	45.56	47.26
143.0	97.49	45.73	47.26
143.2	97.53	46.03	47.26
143.4	97.7	46.43	47.26
143.6	98.0	46.92	47.26
143.8	98.47	47.46	47.27
144.0	98.99	48.03	47.27
144.2	99.53	48.58	47.27
144.4	100.04	49.1	47.27
144.6	100.44	49.51	47.27
144.8	100.73	49.83	47.27
145.0	100.93	50.05	47.27
145.2	101.02	50.16	47.27
145.4	100.92	50.1	47.27
145.6	100.64	49.87	47.27
145.8	100.25	49.54	47.27
146.0	99.78	49.14	47.27
146.2	99.26	48.68	47.27
146.4	98.63	48.16	47.27
146.6	97.99	47.63	47.27
146.8	97.41	47.14	47.27
147.0	96.93	46.74	47.27
147.2	96.6	46.48	47.27
147.4	96.66	46.53	47.27
147.6	96.87	46.71	47.28
147.8	97.23	47.03	47.29
148.0	97.73	47.46	47.3
148.2	98.42	48.08	47.32
148.4	99.25	48.83	47.34
148.6	100.09	49.59	47.37
148.8	100.9	50.3	47.39
149.0	101.56	50.82	47.42
149.2	101.93	51.02	47.44
149.4	102.18	51.09	47.47
149.6	102.3	51.03	47.49
149.8	102.31	50.88	47.51
150.0	102.16	50.63	47.54
150.2	101.92	50.32	47.56
150.4	101.61	49.97	47.59
150.6	101.26	49.6	47.61
150.8	100.81	49.2	47.63
151.0	100.33	48.81	47.66
151.2	99.93	48.49	47.68
151.4	99.68	48.27	47.7
151.6	99.67	48.2	47.72
151.8	100.33	48.52	47.73
152.0	101.14	48.94	47.73
152.2	102.03	49.42	47.73
152.4	102.91	49.89	47.72
152.6	103.51	50.21	47.71
152.8	103.95	50.45	47.7
153.0	104.26	50.61	47.68
153.2	104.43	50.69	47.66
153.4	104.37	50.65	47.64
153.6	104.1	50.49	47.63
153.8	103.72	50.24	47.61
154.0	103.27	49.91	47.59
154.2	102.76	49.47	47.58
154.4	102.16	48.78	47.56
154.6	101.62	48.11	47.55
154.8	101.2	47.54	47.53
155.0	100.97	47.13	47.51
155.2	101.32	47.32	47.5
155.4	102.04	47.88	47.48
155.6	102.88	48.56	47.46
155.8	103.74	49.29	47.45
156.0	104.46	49.88	47.44
156.2	104.94	50.26	47.43
156.4	105.3	50.53	47.42
156.6	105.5	50.67	47.42
156.8	105.52	50.62	47.41
157.0	105.21	50.27	47.4
157.2	104.79	49.8	47.4
157.4	104.28	49.27	47.39
157.6	103.75	48.72	47.39
157.8	103.24	48.23	47.38
158.0	102.78	47.81	47.37
158.2	102.44	47.47	47.37
158.4	102.26	47.23	47.36
158.6	102.43	47.21	47.35
158.8	103.09	47.47	47.35
159.0	103.86	47.82	47.34
159.2	104.63	48.2	47.33
159.4	105.3	48.55	47.33
159.6	105.49	48.7	47.32
159.8	105.51	48.78	47.32
160.0	105.39	48.8	47.31
160.2	105.14	48.74	47.3
160.4	104.69	48.52	47.3
160.6	104.14	48.22	47.29
160.8	103.54	47.89	47.28
161.0	102.96	47.58	47.28
161.2	102.43	47.33	47.27
161.4	102.04	47.22	47.26
161.6	101.78	47.19	47.26
161.8	101.67	47.23	47.25
162.0	101.77	47.35	47.25
162.2	102.35	47.61	47.24
162.4	103.18	47.95	47.24
162.6	104.1	48.36	47.24
162.8	105.01	48.82	47.23
163.0	105.73	49.38	47.23
163.2	106.22	50.0	47.24
163.4	106.58	50.57	47.24
163.6	106.78	51.02	47.24
163.8	106.77	51.24	47.25
164.0	106.52	51.08	47.25
164.2	106.13	50.78	47.25
164.4	105.63	50.35	47.26
164.6	105.03	49.84	47.26
164.8	104.16	49.19	47.26
165.0	103.34	48.56	47.27
165.2	102.65	48.01	47.27
165.4	102.2	47.59	47.27
165.6	102.49	47.6	47.27
165.8	103.24	47.89	47.28
166.0	104.17	48.31	47.28
166.2	105.2	48.8	47.28
166.4	106.16	49.33	47.29
166.6	106.98	49.82	47.29
166.8	107.67	50.26	47.29
167.0	108.16	50.59	47.3
167.2	108.23	50.65	47.3
167.4	107.9	50.46	47.3
167.6	107.36	50.14	47.3
167.8	106.66	49.75	47.31
168.0	105.78	49.29	47.31
168.2	104.75	48.81	47.31
168.4	103.77	48.36	47.32
168.6	102.92	47.99	47.32
168.8	102.34	47.76	47.32
169.0	102.45	47.9	47.33
169.2	102.83	48.16	47.33
169.4	103.42	48.51	47.33
169.6	104.18	48.93	47.33
169.8	105.16	49.37	47.33
170.0	106.18	49.81	47.34
170.2	107.16	50.22	47.34
170.4	108.01	50.58	47.34
170.6	108.38	50.82	47.34
170.8	108.48	50.95	47.34
171.0	108.39	50.97	47.34
171.2	108.12	50.85	47.34
171.4	107.73	50.48	47.35
171.6	107.23	49.94	47.35
171.8	106.62	49.32	47.35
172.0	105.92	48.66	47.35
172.2	105.04	48.01	47.35
172.4	104.01	47.39	47.35
172.6	103.07	46.87	47.35
172.8	102.29	46.47	47.36
173.0	101.84	46.28	47.36
173.2	102.13	46.49	47.36
173.4	102.69	46.87	47.36
173.6	103.44	47.38	47.36
173.8	104.34	47.97	47.36
174.0	105.35	48.65	47.36
174.2	106.34	49.33	47.36
174.4	107.23	49.95	47.36
174.6	107.93	50.47	47.36
174.8	108.01	50.65	47.36
175.0	107.85	50.68	47.36
175.2	107.49	50.58	47.36
175.4	106.97	50.35	47.36
175.6	106.28	49.92	47.35
175.8	105.53	49.42	47.35
176.0	104.81	48.92	47.35
176.2	104.18	48.48	47.35
176.4	103.85	48.3	47.35
176.6	103.77	48.33	47.35
176.8	103.87	48.46	47.35
177.0	104.14	48.67	47.35
177.2	104.66	48.94	47.35
177.4	105.45	49.26	47.35
177.6	106.27	49.57	47.35
177.8	107.03	49.85	47.34
178.0	107.53	50.04	47.34
178.2	107.6	50.06	47.34
178.4	107.47	50.01	47.34
178.6	107.17	49.89	47.34
178.8	106.71	49.7	47.34
179.0	106.05	49.45	47.34
179.2	105.31	49.15	47.34
179.4	104.55	48.81	47.34
179.6	103.82	48.45	47.34
179.8	103.24	48.01	47.34
180.0	102.81	47.56	47.34
180.2	102.54	47.16	47.33
180.4	102.45	46.86	47.33
180.6	102.69	46.76	47.33
180.8	103.41	46.99	47.33
181.0	104.22	47.31	47.33
181.2	105.0	47.66	47.33
181.4	105.6	47.98	47.33
181.6	105.67	48.16	47.33
181.8	105.54	48.26	47.32
182.0	105.22	48.26	47.32
182.2	104.75	48.17	47.32
182.4	103.97	47.75	47.31
182.6	103.11	47.23	47.31
182.8	102.25	46.7	47.31
183.0	101.49	46.21	47.3
183.2	101.01	45.93	47.3
183.4	100.89	45.9	47.3
183.6	100.99	46.01	47.3
183.8	101.29	46.24	47.29
184.0	101.86	46.64	47.29
184.2	102.89	47.3	47.29
184.4	103.99	48.01	47.28
184.6	105.05	48.68	47.28
184.8	105.93	49.23	47.28
185.0	106.21	49.41	47.27
185.2	106.28	49.44	47.27
185.4	106.15	49.33	47.27
185.6	105.86	49.09	47.27
185.8	105.34	48.6	47.26
186.0	104.74	48.05	47.26
186.2	104.12	47.5	47.26
186.4	103.55	47.01	47.25
186.6	103.13	46.78	47.25
186.8	102.88	46.73	47.25
187.0	102.82	46.79	47.25
187.2	102.97	46.95	47.24
187.4	103.64	47.25	47.24
187.6	104.69	47.66	47.24
187.8	105.81	48.09	47.24
188.0	106.87	48.52	47.23
188.2	107.55	48.89	47.23
188.4	107.84	49.16	47.23
188.6	107.93	49.35	47.24
188.8	107.82	49.43	47.24
189.0	107.49	49.34	47.24
189.2	106.98	49.07	47.24
189.4	106.36	48.7	47.24
189.6	105.68	48.25	47.24
189.8	104.95	47.7	47.24
190.0	104.18	47.03	47.24
190.2	103.52	46.41	47.24
190.4	103.04	45.9	47.24
190.6	102.81	45.58	47.24
190.8	103.43	45.91	47.25
191.0	104.27	46.44	47.25
191.2	105.21	47.07	47.25
191.4	106.11	47.72	47.25
191.6	106.6	48.2	47.25
191.8	106.82	48.56	47.25
192.0	106.86	48.8	47.25
192.2	106.72	48.9	47.25
192.4	106.33	48.71	47.25
192.6	105.72	48.28	47.25
192.8	104.98	47.75	47.25
193.0	104.17	47.15	47.26
193.2	103.29	46.54	47.26
193.4	102.28	45.96	47.26
193.6	101.38	45.47	47.26
193.8	100.67	45.1	47.26
194.0	100.24	44.9	47.26
194.2	100.63	45.16	47.26
194.4	101.48	45.68	47.26
194.6	102.52	46.33	47.26
194.8	103.64	47.06	47.26
195.0	104.64	47.81	47.26
195.2	105.46	48.54	47.25
195.4	106.14	49.17	47.24
195.6	106.61	49.66	47.24
195.8	106.74	49.82	47.23
196.0	106.46	49.6	47.23
196.2	105.97	49.22	47.22
196.4	105.31	48.74	47.21
196.6	104.48	48.23	47.21
196.8	103.43	47.77	47.2
197.0	102.43	47.35	47.2
197.2	101.59	47.02	47.19
197.4	101.03	46.8	47.18
197.6	101.36	46.87	47.18
197.8	102.04	47.08	47.17
198.0	102.94	47.43	47.17
198.2	103.98	47.89	47.16
198.4	105.09	48.62	47.15
198.6	106.19	49.42	47.15
198.8	107.16	50.16	47.14
199.0	107.92	50.76	47.14
199.2	108.08	50.83	47.13
199.4	107.86	50.59	47.12
199.6	107.4	50.2	47.12
199.8	106.77	49.73	47.11
200.0	106.0	49.29	47.11
200.2	105.15	48.9	47.1
200.4	104.32	48.55	47.09
200.6	103.58	48.26	47.09
200.8	103.04	48.07	47.08
201.0	102.9	48.06	47.08
201.2	102.95	48.14	47.07
201.4	103.19	48.29	47.06
201.6	103.63	48.51	47.06
201.8	104.47	48.83	47.05
202.0	105.42	49.18	47.05
202.2	106.36	49.52	47.04
202.4	107.21	49.82	47.04
202.6	107.63	49.97	47.04
202.8	107.78	50.03	47.04
203.0	107.74	50.01	47.04
203.2	107.51	49.9	47.04
203.4	107.08	49.7	47.04
203.6	106.47	49.43	47.04
203.8	105.76	49.08	47.04
204.0	104.97	48.66	47.04
204.2	104.08	48.13	47.04
204.4	103.07	47.41	47.04
204.6	102.17	46.74	47.04
204.8	101.5	46.18	47.04
205.0	101.15	45.81	47.04
205.2	101.83	46.1	47.04
205.4	102.86	46.61	47.04
205.6	104.07	47.25	47.04
205.8	105.33	47.95	47.04
206.0	106.35	48.54	47.04
206.2	107.19	49.05	47.04
206.4	107.83	49.48	47.03
206.6	108.23	49.78	47.03
206.8	108.11	49.84	47.03
207.0	107.65	49.71	47.03
207.2	106.99	49.45	47.02
207.4	106.18	49.07	47.02
207.6	105.21	48.47	47.02
207.8	104.19	47.74	47.02
208.0	103.29	47.05	47.01
208.2	102.62	46.46	47.01
208.4	102.53	46.2	47.01
208.6	103.16	46.37	47.01
208.8	104.05	46.7	47.0
209.0	105.09	47.13	47.0
209.2	106.16	47.6	47.0
209.4	107.13	48.02	47.0
209.6	107.99	48.42	46.99
209.8	108.66	48.76	46.99
210.0	109.04	48.98	46.99
210.2	108.78	49.0	46.99
210.4	108.28	48.9	46.98
210.6	107.58	48.68	46.98
210.8	106.76	48.35	46.98
211.0	105.81	47.75	46.98
211.2	104.87	47.08	46.97
211.4	104.03	46.42	46.97
211.6	103.37	45.86	46.97
211.8	103.19	45.6	46.97
212.0	103.6	45.72	46.96
212.2	104.21	45.99	46.96
212.4	104.93	46.37	46.96
212.6	105.68	46.82	46.95
212.8	106.32	47.32	46.95
213.0	106.86	47.81	46.95
213.2	107.25	48.23	46.94
213.4	107.43	48.53	46.94
213.6	107.07	48.49	46.93
213.8	106.45	48.27	46.93
214.0	105.68	47.94	46.92
214.2	104.8	47.51	46.92
214.4	103.8	46.92	46.91
214.6	102.76	46.25	46.91
214.8	101.85	45.63	46.9
215.0	101.16	45.14	46.9
215.2	100.83	44.87	46.89
215.4	101.49	45.27	46.89
215.6	102.4	45.83	46.88
215.8	103.42	46.47	46.88
216.0	104.43	47.1	46.87
216.2	105.01	47.43	46.87
216.4	105.36	47.63	46.86
216.6	105.55	47.73	46.86
216.8	105.56	47.74	46.85
217.0	105.26	47.67	46.85
217.2	104.74	47.52	46.84
217.4	104.12	47.31	46.84
217.6	103.48	47.05	46.84
217.8	102.84	46.69	46.83
218.0	102.26	46.21	46.83
218.2	101.85	45.78	46.82
218.4	101.65	45.46	46.82
218.6	101.79	45.35	46.81
218.8	102.86	45.84	46.81
219.0	104.1	46.48	46.8
219.2	105.38	47.18	46.8
219.4	106.53	47.87	46.79
219.6	106.94	48.3	46.78
219.8	107.08	48.61	46.78
220.0	106.98	48.8	46.77
220.2	106.67	48.87	46.77
220.4	106.0	48.63	46.76
220.6	105.18	48.26	46.76
220.8	104.31	47.85	46.75
221.0	103.47	47.44	46.74
221.2	102.83	47.19	46.74
221.4	102.44	47.11	46.73
221.6	102.23	47.13	46.73
221.8	102.24	47.24	46.72
222.0	102.55	47.46	46.72
222.2	103.48	47.89	46.71
222.4	104.52	48.37	46.7
222.6	105.57	48.83	46.7
222.8	106.5	49.23	46.69
223.0	106.83	49.35	46.69
223.2	106.93	49.36	46.68
223.4	106.81	49.29	46.67
223.6	106.48	49.16	46.67
223.8	105.89	49.0	46.66
224.0	105.12	48.8	46.66
224.2	104.26	48.55	46.65
224.4	103.34	48.24	46.65
224.6	102.35	47.77	46.64
224.8	101.35	47.15	46.63
225.0	100.51	46.57	46.63
225.2	99.9	46.08	46.62
225.4	99.63	45.77	46.62
225.6	100.42	46.03	46.61
225.8	101.46	46.45	46.6
226.0	102.63	46.97	46.6
226.2	103.79	47.54	46.59
226.4	104.54	48.02	46.59
226.6	105.04	48.43	46.59
226.8	105.34	48.77	46.59
227.0	105.42	49.0	46.6
227.2	105.09	48.99	46.6
227.4	104.47	48.82	46.6
227.6	103.7	48.52	46.6
227.8	102.83	48.12	46.6
228.0	101.87	47.55	46.6
228.2	100.87	46.81	46.6
228.4	100.0	46.11	46.6
228.6	99.37	45.52	46.6
228.8	99.09	45.15	46.6
229.0	99.91	45.51	46.61
229.2	100.98	46.04	46.61
229.4	102.18	46.67	46.61
229.6	103.37	47.32	46.61
229.8	104.1	47.75	46.61
230.0	104.6	48.08	46.61
230.2	104.89	48.29	46.61
230.4	104.94	48.38	46.61
230.6	104.55	48.19	46.61
230.8	103.88	47.83	46.61
231.0	103.04	47.38	46.61
231.2	102.1	46.85	46.62
231.4	101.04	46.25	46.62
231.6	99.94	45.63	46.62
231.8	98.96	45.06	46.62
232.0	98.19	44.61	46.62
232.2	97.77	44.35	46.62
232.4	98.27	44.6	46.62
232.6	99.06	45.01	46.62
232.8	100.03	45.53	46.62
233.0	101.09	46.1	46.62
233.2	102.06	46.64	46.63
233.4	102.94	47.12	46.63
233.6	103.66	47.53	46.63
233.8	104.16	47.81	46.63
234.0	104.16	47.78	46.63
234.2	103.72	47.49	46.63
234.4	103.06	47.08	46.64
234.6	102.23	46.6	46.64
234.8	101.27	46.09	46.64
235.0	100.18	45.59	46.64
235.2	99.17	45.14	46.64
235.4	98.35	44.8	46.64
235.6	97.85	44.61	46.64
235.8	98.35	44.84	46.65
236.0	99.23	45.26	46.65
236.2	100.32	45.78	46.65
236.4	101.5	46.37	46.65
236.6	102.57	46.97	46.65
236.8	103.5	47.53	46.65
237.0	104.28	48.05	46.65
237.2	104.84	48.49	46.66
237.4	104.93	48.73	46.66
237.6	104.59	48.79	46.66
237.8	104.03	48.73	46.66
238.0	103.32	48.55	46.66
238.2	102.48	48.2	46.66
238.4	101.54	47.64	46.66
238.6	100.69	47.06	46.67
238.8	100.02	46.55	46.67
239.0	99.64	46.18	46.67
239.2	100.24	46.37	46.67
239.4	101.11	46.71	46.67
239.6	102.15	47.13	46.67
239.8	103.24	47.59	46.67
240.0	104.15	47.94	46.68
240.2	104.91	48.23	46.68
240.4	105.52	48.45	46.68
240.6	105.9	48.59	46.68
240.8	105.82	48.57	46.68
241.0	105.38	48.43	46.68
241.2	104.75	48.19	46.69
241.4	103.97	47.88	46.69
241.6	103.07	47.46	46.69
241.8	102.05	46.92	46.69
242.0	101.12	46.39	46.69
242.2	100.39	45.94	46.69
242.4	99.97	45.62	46.69
242.6	100.6	45.77	46.7
242.8	101.58	46.08	46.7
243.0	102.71	46.49	46.7
243.2	103.86	46.93	46.7
243.4	104.71	47.33	46.7
243.6	105.29	47.68	46.7
243.8	105.69	47.94	46.7
244.0	105.86	48.08	46.71
244.2	105.66	47.97	46.71
244.4	105.08	47.59	46.71
244.6	104.34	47.09	46.71
244.8	103.49	46.5	46.71
245.0	102.6	45.83	46.71
245.2	101.67	45.04	46.71
245.4	100.85	44.31	46.72
245.6	100.25	43.71	46.72
245.8	99.94	43.32	46.72
246.0	100.53	43.58	46.72
246.2	101.59	44.21	46.72
246.4	102.79	44.97	46.72
246.6	103.97	45.76	46.72
246.8	104.73	46.37	46.72
247.0	105.03	46.74	46.73
247.2	105.1	46.99	46.73
247.4	104.94	47.1	46.73
247.6	104.5	46.99	46.73
247.8	103.64	46.54	46.73
248.0	102.71	46.0	46.73
248.2	101.8	45.46	46.73
248.4	101.03	44.97	46.73
248.6	100.83	44.78	46.73
248.8	100.92	44.77	46.73
249.0	101.23	44.91	46.73
249.2	101.73	45.18	46.74
249.4	102.56	45.75	46.74
249.6	103.62	46.55	46.74
249.8	104.67	47.36	46.74
250.0	105.6	48.09	46.74
250.2	106.12	48.51	46.74
250.4	106.02	48.46	46.74
250.6	105.67	48.24	46.74
250.8	105.15	47.89	46.74
251.0	104.49	47.48	46.74
251.2	103.63	47.03	46.75
251.4	102.82	46.61	46.75
251.6	102.15	46.26	46.75
251.8	101.75	46.03	46.75
252.0	102.19	46.2	46.77
252.2	103.09	46.57	46.79
252.4	104.17	47.05	46.8
252.6	105.3	47.57	46.77
252.8	106.24	48.06	46.69
253.0	106.94	48.48	46.54
253.2	107.47	48.83	46.36
253.4	107.78	49.08	46.16
253.6	107.71	49.13	45.93
253.8	107.2	48.93	45.69
254.0	106.5	48.62	45.44
254.2	105.67	48.21	45.17
254.4	104.79	47.74	44.91
254.6	103.85	47.11	44.65
254.8	103.01	46.5	44.4
255.0	102.35	46.0	44.14
255.2	101.95	45.66	43.89
255.4	102.31	45.83	43.64
255.6	103.34	46.45	43.38
255.8	104.5	47.18	43.13
256.0	105.64	47.93	42.87
256.2	106.47	48.52	42.62
256.4	106.51	48.67	42.37
256.6	106.28	48.67	42.11
256.8	105.82	48.53	41.86
257.0	105.15	48.25	41.6
257.2	104.12	47.68	41.35
257.4	102.97	47.0	41.09
257.6	101.86	46.33	40.84
257.8	100.93	45.73	40.59
258.0	100.45	45.37	40.33
258.2	100.81	45.45	40.08
258.4	101.42	45.68	39.82
258.6	102.17	46.03	39.57
258.8	102.99	46.47	39.32
259.0	103.69	47.02	39.06
259.2	104.29	47.58	38.81
259.4	104.75	48.08	38.55
259.6	105.02	48.47	38.3
259.8	104.79	48.48	38.05
260.0	104.15	48.16	37.79
260.2	103.36	47.73	37.54
260.4	102.5	47.24	37.28
260.6	101.68	46.75	37.03
260.8	101.04	46.38	36.77
261.0	100.56	46.08	36.52
261.2	100.29	45.9	36.26
261.4	100.27	45.86	36.01
261.6	100.97	46.22	35.75
261.8	102.14	46.85	35.49
262.0	103.39	47.53	35.25
262.2	104.56	48.17	35.03
262.4	105.29	48.6	34.85
262.6	105.35	48.7	34.74
262.8	105.15	48.64	34.65
263.0	104.74	48.44	34.58
263.2	104.13	48.09	34.52
263.4	103.18	47.49	34.43
263.6	102.23	46.82	34.34
263.8	101.39	46.15	34.25
264.0	100.78	45.54	34.16
264.2	100.99	45.2	34.07
264.4	101.73	45.06	33.99
264.6	102.71	45.02	33.9
264.8	103.81	45.05	33.81
265.0	104.93	45.16	33.72
265.2	105.96	45.34	33.63
265.4	106.87	45.5	33.54
265.6	107.57	45.61	33.45
265.8	107.87	45.58	33.36
266.0	107.53	45.34	33.28
266.2	106.95	44.97	33.19
266.4	106.2	44.46	33.1
266.6	105.35	43.81	33.01
266.8	104.44	42.74	32.92
267.0	103.59	41.6	32.83
267.2	102.92	40.49	32.74
267.4	102.5	39.51	32.66
267.6	102.8	39.03	32.56
267.8	103.85	39.09	32.47
268.0	105.03	39.27	32.37
268.2	106.19	39.48	32.29
268.4	107.03	39.55	32.22
268.6	107.04	39.21	32.17
268.8	106.78	38.75	32.14
269.0	106.29	38.18	32.11
269.2	105.63	37.53	32.09
269.4	104.68	36.72	32.07
269.6	103.66	35.88	32.05
269.8	102.72	35.07	32.03
270.0	101.95	34.35	32.02
270.2	101.7	33.85	32.0
270.4	102.19	33.67	31.98
270.6	102.87	33.62	31.96
270.8	103.62	33.66	31.94
271.0	104.33	33.79	31.93
271.2	104.64	34.04	31.91
271.4	104.8	34.28	31.89
271.6	104.8	34.47	31.87
271.8	104.61	34.54	31.85
272.0	104.0	34.18	31.83
272.2	103.17	33.6	31.82
272.4	102.27	32.94	31.8
272.6	101.39	32.26	31.78
272.8	100.66	31.66	31.76
273.0	100.19	31.23	31.74
273.2	99.91	30.91	31.72
273.4	99.82	30.72	31.7
273.6	99.98	30.69	31.69
273.8	100.81	31.06	31.69
274.0	101.76	31.54	31.69
274.2	102.66	32.07	31.69
274.4	103.4	32.59	31.7
274.6	103.36	32.95	31.71
274.8	102.97	33.2	31.72
275.0	102.35	33.34	31.73
275.2	101.55	33.33	31.74
275.4	100.53	32.94	31.75
275.6	99.42	32.3	31.76
275.8	98.38	31.63	31.77
276.0	97.55	31.04	31.78
276.2	97.2	30.72	31.79
276.4	97.66	30.95	31.8
276.6	98.38	31.32	31.81
276.8	99.24	31.77	31.82
277.0	100.14	32.24	31.83
277.2	100.87	32.59	31.84
277.4	101.48	32.88	31.85
277.6	101.93	33.11	31.86
277.8	102.15	33.25	31.87
278.0	101.76	33.23	31.88
278.2	101.12	33.1	31.89
278.4	100.29	32.85	31.9
278.6	99.36	32.47	31.91
278.8	98.29	31.76	31.92
279.0	97.22	30.89	31.93
279.2	96.31	30.08	31.94
279.4	95.65	29.41	31.95
279.6	95.7	29.22	31.96
279.8	96.46	29.56	31.97
280.0	97.42	30.08	31.98
280.2	98.42	30.69	31.99
280.4	99.18	31.29	32.0
280.6	99.55	31.78	32.01
280.8	99.73	32.2	32.02
281.0	99.71	32.51	32.03
281.2	99.41	32.59	32.04
281.4	98.79	32.39	32.05
281.6	98.04	32.07	32.06
281.8	97.23	31.66	32.07
282.0	96.39	31.18	32.08
282.2	95.56	30.63	32.09
282.4	94.87	30.13	32.1
282.6	94.42	29.75	32.11
282.8	94.33	29.58	32.12
283.0	95.13	29.97	32.12
283.2	96.16	30.48	32.13
283.4	97.26	31.05	32.13
283.6	98.27	31.56	32.13
283.8	98.82	31.79	32.13
284.0	99.18	31.9	32.13
284.2	99.32	31.89	32.13
284.4	99.18	31.74	32.13
284.6	98.55	31.34	32.13
284.8	97.78	30.85	32.13
285.0	96.94	30.33	32.13
285.2	96.14	29.8	32.13
285.4	95.54	29.29	32.13
285.6	95.1	28.89	32.13
285.8	94.9	28.64	32.13
286.0	95.03	28.64	32.13
286.2	95.9	29.22	32.13
286.4	96.95	29.93	32.13
286.6	98.03	30.67	32.13
286.8	98.92	31.26	32.13
287.0	99.35	31.47	32.13
287.2	99.56	31.54	32.13
287.4	99.55	31.47	32.13
287.6	99.26	31.27	32.13
287.8	98.63	30.93	32.13
