0.2	101.36	43.94	40.68
0.4	101.09	44.4	40.7
0.6	101.13	44.83	40.71
0.8	101.42	45.23	40.71
1.0	101.92	45.6	40.7
1.2	102.57	45.91	40.68
1.4	103.31	46.17	40.64
1.6	104.08	46.37	40.6
1.8	104.83	46.49	40.54
2.0	105.51	46.54	40.47
2.2	105.97	46.47	40.39
2.4	106.01	46.27	40.28
2.6	105.91	45.98	40.17
2.8	105.72	45.62	40.05
3.0	105.47	45.21	39.93
3.2	105.21	44.69	39.81
3.4	105.02	44.06	39.69
3.6	104.83	43.43	39.58
3.8	104.65	42.86	39.46
4.0	104.5	42.4	39.35
4.2	104.41	42.14	39.23
4.4	104.52	42.43	39.08
4.6	104.63	42.82	38.95
4.8	104.71	43.27	38.83
5.0	104.71	43.7	38.73
5.2	104.6	44.06	38.66
5.4	104.01	43.96	38.66
5.6	103.36	43.78	38.69
5.8	102.7	43.56	38.74
6.0	102.11	43.31	38.81
6.2	101.71	43.09	38.89
6.4	101.58	42.93	38.98
6.6	101.61	42.83	39.07
6.8	101.78	42.8	39.17
7.0	102.11	42.88	39.28
7.2	102.81	43.32	39.38
7.4	103.58	43.81	39.48
7.6	104.34	44.29	39.58
7.8	105.02	44.68	39.68
8.0	105.29	44.7	39.78
8.2	105.27	44.46	39.89
8.4	105.13	44.11	39.99
8.6	104.91	43.69	40.1
8.8	104.69	43.26	40.2
9.0	104.62	42.93	40.3
9.2	104.53	42.6	40.39
9.4	104.39	42.28	40.49
9.6	104.2	41.98	40.58
9.8	103.85	41.68	40.68
10.0	103.31	41.39	40.78
10.2	102.73	41.15	40.88
10.4	102.12	40.95	40.97
10.6	101.5	40.82	41.07
10.8	100.9	40.76	41.17
11.0	100.34	40.79	41.26
11.2	99.88	40.93	41.36
11.4	99.56	41.2	41.45
11.6	99.41	41.63	41.54
11.8	99.7	42.49	41.64
12.0	100.22	43.51	41.74
12.2	100.87	44.57	41.83
12.4	101.64	45.62	41.93
12.6	102.45	46.52	42.03
12.8	103.23	47.07	42.14
13.0	104.04	47.49	42.24
13.2	104.84	47.79	42.35
13.4	105.62	47.97	42.45
13.6	106.34	48.04	42.56
13.8	107.0	48.0	42.66
14.0	107.61	47.86	42.76
14.2	108.15	47.65	42.85
14.4	108.63	47.35	42.95
14.6	109.02	46.97	43.05
14.8	109.32	46.51	43.15
15.0	109.55	46.01	43.24
15.2	109.71	45.49	43.34
15.4	109.78	44.98	43.44
15.6	109.75	44.51	43.54
15.8	109.59	44.1	43.64
16.0	109.39	43.74	43.73
16.2	109.15	43.43	43.83
16.4	108.9	43.18	43.93
16.6	108.66	43.02	44.02
16.8	108.44	42.94	44.11
17.0	108.28	42.96	44.2
17.2	108.18	43.07	44.29
17.4	108.18	43.28	44.38
17.6	108.32	43.6	44.47
17.8	108.76	44.21	44.57
18.0	109.3	44.87	44.68
18.2	109.91	45.54	44.79
18.4	110.55	46.18	44.9
18.6	111.21	46.69	45.02
18.8	111.86	46.99	45.15
19.0	112.46	47.19	45.29
19.2	112.97	47.3	45.42
19.4	113.38	47.33	45.56
19.6	113.51	47.25	45.69
19.8	113.39	47.07	45.82
20.0	113.16	46.84	45.96
20.2	112.82	46.57	46.09
20.4	112.4	46.28	46.22
20.6	111.98	46.0	46.35
20.8	111.55	45.74	46.47
21.0	111.09	45.5	46.6
21.2	110.62	45.27	46.72
21.4	110.15	45.06	46.84
21.6	109.65	44.87	46.97
21.8	109.11	44.67	47.1
22.0	108.6	44.53	47.23
22.2	108.17	44.47	47.35
22.4	107.82	44.48	47.45
22.6	107.58	44.6	47.54
22.8	107.75	45.02	47.58
23.0	108.02	45.52	47.6
23.2	108.34	46.09	47.62
23.4	108.67	46.67	47.62
23.6	108.94	47.25	47.63
23.8	109.0	47.74	47.64
24.0	109.0	48.18	47.66
24.2	108.94	48.58	47.68
24.4	108.82	48.9	47.7
24.6	108.64	49.1	47.72
24.8	108.41	49.12	47.74
25.0	108.12	49.09	47.75
25.2	107.8	49.02	47.77
25.4	107.46	48.93	47.79
25.6	107.08	48.88	47.81
25.8	106.69	48.97	47.82
26.0	106.28	49.07	47.84
26.2	105.88	49.18	47.86
26.4	105.48	49.28	47.87
26.6	105.1	49.36	47.89
26.8	104.63	49.22	47.91
27.0	104.22	49.12	47.92
27.2	103.92	49.09	47.94
27.4	103.77	49.17	47.96
27.6	103.86	49.48	47.98
27.8	104.49	50.34	48.0
28.0	105.26	51.32	48.02
28.2	106.11	52.34	48.04
28.4	106.97	53.35	48.06
28.6	107.68	54.18	48.09
28.8	108.19	54.76	48.11
29.0	108.63	55.22	48.14
29.2	108.99	55.54	48.16
29.4	109.27	55.72	48.18
29.6	109.48	55.62	48.21
29.8	109.62	55.36	48.23
30.0	109.69	55.0	48.25
30.2	109.71	54.58	48.27
30.4	109.68	54.15	48.3
30.6	109.61	53.83	48.32
30.8	109.51	53.59	48.34
31.0	109.36	53.36	48.36
31.2	109.17	53.15	48.38
31.4	108.93	52.95	48.41
31.6	108.58	52.74	48.43
31.8	108.16	52.54	48.45
32.0	107.73	52.36	48.47
32.2	107.33	52.21	48.49
32.4	106.98	52.1	48.51
32.6	106.72	52.03	48.53
32.8	106.57	52.01	48.55
33.0	106.54	52.06	48.57
33.2	106.64	52.2	48.59
33.4	106.89	52.44	48.61
33.6	107.56	52.95	48.61
33.8	108.44	53.61	48.62
34.0	109.36	54.29	48.61
34.2	110.22	54.94	48.61
34.4	110.92	55.48	48.6
34.6	111.05	55.67	48.58
34.8	111.02	55.75	48.56
35.0	110.88	55.73	48.54
35.2	110.66	55.63	48.52
35.4	110.46	55.46	48.5
35.6	110.36	55.24	48.48
35.8	110.24	55.0	48.46
36.0	110.11	54.76	48.44
36.2	109.96	54.54	48.42
36.4	109.77	54.38	48.4
36.6	109.47	54.4	48.38
36.8	109.17	54.46	48.36
37.0	108.87	54.56	48.34
37.2	108.59	54.68	48.32
37.4	108.35	54.81	48.3
37.6	108.03	54.77	48.28
37.8	107.8	54.76	48.26
38.0	107.71	54.83	48.24
38.2	107.81	55.0	48.22
38.4	108.15	55.31	48.2
38.6	109.22	56.14	48.18
38.8	110.47	57.07	48.16
39.0	111.82	58.05	48.14
39.2	113.19	59.0	48.13
39.4	114.39	59.76	48.11
39.6	115.31	60.26	48.1
39.8	116.12	60.65	48.08
40.0	116.82	60.93	48.07
40.2	117.41	61.12	48.05
40.4	117.81	61.19	48.04
40.6	118.1	61.17	48.03
40.8	118.32	61.1	48.01
41.0	118.49	61.01	48.0
41.2	118.65	60.91	47.98
41.4	119.0	60.93	47.96
41.6	119.39	60.99	47.94
41.8	119.73	61.06	47.92
42.0	119.98	61.11	47.91
42.2	120.11	61.15	47.91
42.4	119.83	61.08	47.93
42.6	119.39	60.98	47.96
42.8	118.87	60.87	48.0
43.0	118.33	60.77	48.04
43.2	117.82	60.71	48.09
43.4	117.43	60.71	48.15
43.6	117.1	60.73	48.21
43.8	116.85	60.77	48.27
44.0	116.71	60.8	48.34
44.2	116.95	60.89	48.4
44.4	117.26	60.95	48.46
44.6	117.52	60.95	48.52
44.8	117.67	60.87	48.59
45.0	117.34	60.53	48.65
45.2	116.63	59.99	48.72
45.4	115.77	59.41	48.78
45.6	114.8	58.82	48.85
45.8	113.82	58.31	48.92
46.0	113.02	58.14	48.98
46.2	112.23	58.02	49.04
46.4	111.43	57.94	49.1
46.6	110.62	57.85	49.16
46.8	109.76	57.68	49.22
47.0	108.8	57.26	49.28
47.2	107.84	56.81	49.34
47.4	106.9	56.35	49.4
47.6	105.99	55.92	49.46
47.8	105.14	55.52	49.52
48.0	104.32	55.17	49.58
48.2	103.61	54.93	49.64
48.4	103.06	54.82	49.7
48.6	102.69	54.9	49.75
48.8	102.6	55.25	49.79
49.0	102.97	56.14	49.83
49.2	103.53	57.17	49.86
49.4	104.25	58.28	49.89
49.6	105.08	59.39	49.9
49.8	106.01	60.28	49.91
50.0	106.97	60.98	49.91
50.2	107.92	61.58	49.9
50.4	108.83	62.09	49.89
50.6	109.64	62.52	49.87
50.8	110.11	62.86	49.86
51.0	110.47	63.12	49.85
51.2	110.73	63.28	49.83
51.4	110.91	63.36	49.82
51.6	111.05	63.3	49.8
51.8	111.19	63.08	49.79
52.0	111.28	62.79	49.78
52.2	111.32	62.47	49.76
52.4	111.31	62.16	49.75
52.6	111.18	61.89	49.73
52.8	110.87	61.75	49.72
53.0	110.56	61.66	49.71
53.2	110.29	61.63	49.69
53.4	110.1	61.67	49.68
53.6	110.1	61.78	49.66
53.8	110.4	61.97	49.65
54.0	110.85	62.23	49.63
54.2	111.44	62.59	49.62
54.4	112.17	63.03	49.61
54.6	113.16	63.72	49.59
54.8	114.34	64.59	49.58
55.0	115.53	65.44	49.56
55.2	116.63	66.21	49.55
55.4	117.58	66.81	49.54
55.6	117.87	66.81	49.52
55.8	117.94	66.58	49.51
56.0	117.82	66.16	49.5
56.2	117.58	65.61	49.49
56.4	117.26	64.93	49.47
56.6	117.06	64.17	49.46
56.8	116.8	63.36	49.45
57.0	116.49	62.57	49.43
57.2	116.11	61.82	49.42
57.4	115.67	61.16	49.41
57.6	115.08	60.92	49.39
57.8	114.39	60.89	49.38
58.0	113.67	60.94	49.36
58.2	112.94	61.03	49.35
58.4	112.22	61.13	49.34
58.6	111.53	61.12	49.33
58.8	110.88	60.76	49.34
59.0	110.31	60.38	49.34
59.2	109.85	60.03	49.35
59.4	109.51	59.75	49.37
59.6	109.33	59.57	49.38
59.8	109.62	59.85	49.4
60.0	110.12	60.33	49.42
60.2	110.7	60.87	49.44
60.4	111.28	61.41	49.46
60.6	111.8	61.91	49.49
60.8	111.97	62.11	49.51
61.0	111.96	62.15	49.53
61.2	111.84	62.11	49.56
61.4	111.64	62.01	49.58
61.6	111.36	61.86	49.6
61.8	111.06	61.67	49.63
62.0	110.72	61.47	49.65
62.2	110.34	61.26	49.67
62.4	109.94	61.07	49.69
62.6	109.54	60.9	49.72
62.8	109.15	60.85	49.74
63.0	108.78	60.92	49.76
63.2	108.43	61.02	49.78
63.4	108.08	61.15	49.8
63.6	107.75	61.29	49.82
63.8	107.43	61.43	49.85
64.0	107.02	61.37	49.87
64.2	106.64	61.3	49.89
64.4	106.32	61.26	49.91
64.6	106.09	61.28	49.92
64.8	105.98	61.39	49.94
65.0	106.06	61.68	49.96
65.2	106.38	62.21	49.98
65.4	106.86	62.85	50.0
65.6	107.47	63.57	50.01
65.8	108.22	64.35	50.02
66.0	109.16	65.23	50.03
66.2	110.36	66.21	50.03
66.4	111.59	67.16	50.02
66.6	112.79	68.04	50.01
66.8	113.91	68.78	50.0
67.0	114.67	69.16	49.98
67.2	115.16	69.24	49.95
67.4	115.51	69.17	49.92
67.6	115.74	68.97	49.88
67.8	115.88	68.67	49.85
68.0	115.97	68.24	49.82
68.2	116.01	67.77	49.79
68.4	116.02	67.3	49.75
68.6	116.03	66.88	49.72
68.8	116.04	66.55	49.69
69.0	116.26	66.66	49.66
69.2	116.54	66.96	49.62
69.4	116.78	67.31	49.58
69.6	116.95	67.66	49.56
69.8	116.99	67.95	49.53
70.0	116.57	67.83	49.52
70.2	115.96	67.55	49.53
70.4	115.31	67.25	49.53
70.6	114.71	66.97	49.55
70.8	114.25	66.81	49.57
71.0	114.17	66.93	49.59
71.2	114.24	67.15	49.62
71.4	114.47	67.44	49.64
71.6	114.85	67.79	49.67
71.8	115.68	68.28	49.7
72.0	116.61	68.78	49.73
72.2	117.46	69.19	49.75
72.4	118.11	69.46	49.78
72.6	118.09	69.32	49.81
72.8	117.37	68.78	49.84
73.0	116.4	68.08	49.87
73.2	115.27	67.3	49.9
73.4	114.08	66.52	49.93
73.6	113.28	66.02	49.96
73.8	112.49	65.56	49.99
74.0	111.72	65.15	50.02
74.2	110.95	64.78	50.04
74.4	110.16	64.45	50.07
74.6	109.21	64.15	50.1
74.8	108.24	63.87	50.12
75.0	107.28	63.63	50.15
75.2	106.36	63.42	50.17
75.4	105.5	63.24	50.2
75.6	104.72	63.0	50.23
75.8	104.03	62.75	50.25
76.0	103.48	62.57	50.28
76.2	103.09	62.5	50.3
76.4	102.88	62.55	50.32
76.6	102.99	62.87	50.33
76.8	103.49	63.53	50.34
77.0	104.13	64.3	50.34
77.2	104.88	65.13	50.34
77.4	105.69	65.97	50.33
77.6	106.44	66.69	50.33
77.8	107.12	67.3	50.32
78.0	107.76	67.86	50.31
78.2	108.35	68.37	50.31
78.4	108.86	68.82	50.3
78.6	109.16	69.19	50.29
78.8	109.34	69.5	50.29
79.0	109.47	69.75	50.28
79.2	109.55	69.96	50.27
79.4	109.61	70.13	50.27
79.6	109.8	70.27	50.26
79.8	110.01	70.37	50.25
80.0	110.21	70.44	50.25
80.2	110.37	70.48	50.24
80.4	110.48	70.48	50.23
80.6	110.41	70.45	50.23
80.8	110.18	70.38	50.22
81.0	109.93	70.3	50.21
81.2	109.67	70.22	50.21
81.4	109.45	70.16	50.2
81.6	109.32	70.09	50.19
81.8	109.29	70.03	50.18
82.0	109.38	70.02	50.18
82.2	109.6	70.1	50.17
82.4	109.97	70.28	50.16
82.6	110.62	70.68	50.16
82.8	111.62	71.38	50.16
83.0	112.72	72.14	50.16
83.2	113.87	72.92	50.16
83.4	114.99	73.65	50.17
83.6	115.92	74.16	50.17
83.8	116.68	74.5	50.17
84.0	117.34	74.74	50.18
84.2	117.89	74.87	50.18
84.4	118.31	74.9	50.18
84.6	118.52	74.76	50.18
84.8	118.6	74.54	50.19
85.0	118.59	74.25	50.19
85.2	118.48	73.9	50.19
85.4	118.31	73.52	50.19
85.6	118.14	73.15	50.2
85.8	117.94	72.78	50.2
86.0	117.68	72.4	50.2
86.2	117.36	72.02	50.2
86.4	116.98	71.65	50.21
86.6	116.48	71.3	50.21
86.8	115.86	70.96	50.21
87.0	115.2	70.65	50.21
87.2	114.54	70.37	50.22
87.4	113.91	70.13	50.22
87.6	113.31	69.93	50.22
87.8	112.83	69.75	50.22
88.0	112.43	69.64	50.23
88.2	112.14	69.59	50.23
88.4	111.96	69.63	50.23
88.6	111.91	69.77	50.23
88.8	112.27	70.25	50.23
89.0	112.74	70.8	50.23
89.2	113.24	71.33	50.23
89.4	113.72	71.8	50.22
89.6	114.07	72.09	50.22
89.8	114.07	71.91	50.21
90.0	113.96	71.6	50.2
90.2	113.75	71.21	50.2
90.4	113.46	70.77	50.19
90.6	113.09	70.38	50.18
90.8	112.68	70.11	50.17
91.0	112.21	69.85	50.16
91.2	111.71	69.61	50.16
91.4	111.19	69.39	50.15
91.6	110.66	69.17	50.14
91.8	110.13	68.94	50.13
92.0	109.61	68.74	50.12
92.2	109.12	68.58	50.12
92.4	108.65	68.46	50.11
92.6	108.23	68.41	50.1
92.8	107.76	68.44	50.09
93.0	107.36	68.54	50.07
93.2	107.09	68.73	50.06
93.4	106.98	69.0	50.06
93.6	107.06	69.37	50.06
93.8	107.65	69.92	50.07
94.0	108.49	70.57	50.09
94.2	109.45	71.29	50.11
94.4	110.48	72.05	50.13
94.6	111.49	72.84	50.16
94.8	112.38	73.68	50.19
95.0	113.19	74.49	50.23
95.2	113.9	75.22	50.26
95.4	114.49	75.83	50.29
95.6	114.8	76.11	50.33
95.8	114.85	76.11	50.36
96.0	114.78	75.97	50.39
96.2	114.63	75.74	50.42
96.4	114.42	75.46	50.45
96.6	114.31	75.26	50.48
96.8	114.28	75.15	50.51
97.0	114.23	75.02	50.54
97.2	114.13	74.87	50.57
97.4	113.99	74.71	50.6
97.6	113.71	74.46	50.63
97.8	113.23	74.11	50.66
98.0	112.72	73.74	50.69
98.2	112.19	73.39	50.72
98.4	111.68	73.08	50.75
98.6	111.2	72.81	50.78
98.8	110.76	72.58	50.81
99.0	110.42	72.47	50.84
99.2	110.24	72.48	50.87
99.4	110.26	72.65	50.9
99.6	110.54	73.04	50.92
99.8	111.57	74.05	50.92
100.0	112.74	75.15	50.93
100.2	113.95	76.26	50.93
100.4	115.1	77.28	50.92
100.6	115.9	77.94	50.92
100.8	116.21	78.11	50.9
101.0	116.34	78.08	50.89
101.2	116.31	77.87	50.87
101.4	116.16	77.51	50.85
101.6	115.96	77.03	50.83
101.8	115.7	76.45	50.82
102.0	115.38	75.79	50.8
102.2	114.99	75.08	50.78
102.4	114.55	74.34	50.77
102.6	114.08	73.59	50.75
102.8	113.59	72.87	50.73
103.0	113.07	72.19	50.72
103.2	112.53	71.57	50.7
103.4	111.96	71.02	50.68
103.6	111.37	70.57	50.67
103.8	110.68	70.48	50.65
104.0	109.99	70.48	50.63
104.2	109.33	70.55	50.62
104.4	108.72	70.65	50.6
104.6	108.19	70.76	50.58
104.8	107.71	70.63	50.57
105.0	107.33	70.32	50.55
105.2	107.11	70.07	50.53
105.4	107.08	69.94	50.51
105.6	107.27	69.98	50.5
105.8	107.97	70.54	50.49
106.0	109.17	71.62	50.48
106.2	110.48	72.81	50.48
106.4	111.82	74.04	50.48
106.6	113.09	75.22	50.48
106.8	113.88	75.99	50.48
107.0	114.33	76.46	50.49
107.2	114.61	76.77	50.5
107.4	114.71	76.94	50.51
107.6	114.67	76.96	50.52
107.8	114.42	76.72	50.53
108.0	114.05	76.34	50.54
108.2	113.61	75.9	50.55
108.4	113.12	75.45	50.55
108.6	112.64	75.04	50.56
108.8	112.23	74.77	50.57
109.0	111.98	74.89	50.58
109.2	111.82	75.09	50.59
109.4	111.73	75.38	50.59
109.6	111.74	75.72	50.6
109.8	111.86	76.1	50.61
110.0	112.2	76.51	50.61
110.2	112.76	76.92	50.62
110.4	113.36	77.3	50.62
110.6	113.96	77.63	50.63
110.8	114.52	77.89	50.64
111.0	114.91	77.99	50.64
111.2	115.06	77.9	50.65
111.4	115.11	77.71	50.65
111.6	115.06	77.46	50.66
111.8	114.94	77.14	50.66
112.0	114.74	76.78	50.67
112.2	114.47	76.4	50.68
112.4	114.15	76.0	50.68
112.6	113.78	75.59	50.69
112.8	113.37	75.2	50.69
113.0	112.93	74.84	50.7
113.2	112.46	74.56	50.71
113.4	111.99	74.31	50.71
113.6	111.52	74.11	50.72
113.8	111.08	73.94	50.72
114.0	110.68	73.82	50.73
114.2	110.29	73.73	50.73
114.4	109.97	73.69	50.73
114.6	109.74	73.69	50.74
114.8	109.63	73.75	50.74
115.0	109.66	73.87	50.75
115.2	110.04	74.09	50.77
115.4	110.62	74.39	50.79
115.6	111.29	74.72	50.81
115.8	112.0	75.06	50.84
116.0	112.69	75.41	50.86
116.2	113.22	75.76	50.89
116.4	113.69	76.07	50.92
116.6	114.08	76.35	50.95
116.8	114.4	76.57	50.98
117.0	114.6	76.67	51.01
117.2	114.65	76.6	51.04
117.4	114.62	76.47	51.07
117.6	114.51	76.29	51.1
117.8	114.35	76.07	51.13
118.0	114.16	75.86	51.16
118.2	113.96	75.69	51.19
118.4	113.73	75.52	51.22
118.6	113.46	75.34	51.24
118.8	113.16	75.17	51.27
119.0	112.81	75.0	51.3
119.2	112.34	74.8	51.33
119.4	111.87	74.62	51.36
119.6	111.41	74.46	51.38
119.8	111.0	74.32	51.41
120.0	110.66	74.22	51.43
120.2	110.42	74.11	51.46
120.4	110.3	74.05	51.49
120.6	110.31	74.07	51.51
120.8	110.48	74.19	51.53
121.0	110.81	74.43	51.55
121.2	111.68	75.12	51.56
121.4	112.65	75.87	51.56
121.6	113.66	76.6	51.55
121.8	114.61	77.26	51.54
122.0	115.3	77.62	51.53
122.2	115.61	77.56	51.51
122.4	115.77	77.37	51.48
122.6	115.79	77.06	51.45
122.8	115.69	76.69	51.42
123.0	115.42	76.35	51.39
123.2	115.04	76.05	51.36
123.4	114.61	75.76	51.34
123.6	114.2	75.47	51.31
123.8	113.82	75.2	51.28
124.0	113.63	74.93	51.25
124.2	113.72	74.65	51.23
124.4	113.89	74.44	51.2
124.6	114.14	74.31	51.17
124.8	114.43	74.29	51.15
125.0	114.76	74.42	51.12
125.2	115.1	75.01	51.09
125.4	115.43	75.68	51.06
125.6	115.74	76.37	51.04
125.8	116.0	77.02	51.01
126.0	116.18	77.53	50.98
126.2	116.24	77.68	50.95
126.4	116.22	77.7	50.92
126.6	116.09	77.61	50.89
126.8	115.87	77.42	50.87
127.0	115.43	77.12	50.86
127.2	114.81	76.73	50.85
127.4	114.17	76.31	50.85
127.6	113.53	75.88	50.86
127.8	112.96	75.48	50.86
128.0	112.58	75.11	50.86
128.2	112.34	74.84	50.87
128.4	112.25	74.67	50.87
128.6	112.35	74.65	50.88
128.8	112.86	75.0	50.88
129.0	113.7	75.67	50.88
129.2	114.59	76.38	50.89
129.4	115.43	77.04	50.89
129.6	116.02	77.48	50.9
129.8	116.1	77.45	50.9
130.0	115.99	77.25	50.9
130.2	115.72	76.91	50.91
130.4	115.31	76.47	50.91
130.6	114.83	75.96	50.92
130.8	114.26	75.4	50.92
131.0	113.64	74.81	50.93
131.2	112.98	74.23	50.93
131.4	112.3	73.68	50.93
131.6	111.75	73.32	50.94
131.8	111.2	73.01	50.94
132.0	110.63	72.74	50.95
132.2	110.03	72.5	50.95
132.4	109.4	72.27	50.95
132.6	108.6	71.94	50.96
132.8	107.72	71.58	50.96
133.0	106.84	71.28	50.96
133.2	105.98	71.05	50.97
133.4	105.17	70.93	50.97
133.6	104.42	71.0	50.97
133.8	103.76	71.32	50.97
134.0	103.23	71.76	50.97
134.2	102.87	72.32	50.97
134.4	102.71	72.96	50.97
134.6	102.87	73.7	50.97
134.8	103.63	74.57	50.97
135.0	104.54	75.46	50.97
135.2	105.54	76.33	50.98
135.4	106.54	77.14	50.98
135.6	107.32	77.77	50.98
135.8	107.83	78.18	50.98
136.0	108.24	78.51	50.98
136.2	108.57	78.76	50.98
136.4	108.83	78.95	50.98
136.6	109.06	79.2	50.98
136.8	109.23	79.43	50.98
137.0	109.35	79.6	50.98
137.2	109.42	79.7	50.98
137.4	109.45	79.71	50.98
137.6	109.42	79.5	50.98
137.8	109.36	79.17	50.98
138.0	109.26	78.78	50.98
138.2	109.13	78.35	50.98
138.4	108.97	77.92	50.98
138.6	108.74	77.52	50.99
138.8	108.47	77.16	50.99
139.0	108.22	76.87	50.99
139.2	108.02	76.66	50.99
139.4	107.88	76.56	50.99
139.6	107.84	76.71	50.99
139.8	107.92	77.11	50.99
140.0	108.13	77.58	50.99
140.2	108.49	78.09	50.99
140.4	109.02	78.6	50.99
140.6	109.98	78.98	50.99
140.8	111.19	79.27	50.99
141.0	112.45	79.51	50.99
141.2	113.66	79.68	50.99
141.4	114.71	79.79	50.98
141.6	115.26	79.85	50.97
141.8	115.63	79.83	50.95
142.0	115.84	79.73	50.94
142.2	115.91	79.55	50.92
142.4	115.88	79.23	50.9
142.6	115.77	78.79	50.89
142.8	115.55	78.26	50.87
143.0	115.23	77.65	50.86
143.2	114.82	76.99	50.84
143.4	114.26	76.23	50.83
143.6	113.58	75.4	50.81
143.8	112.85	74.58	50.8
144.0	112.11	73.8	50.78
144.2	111.37	73.1	50.77
144.4	110.69	72.56	50.75
144.6	110.07	72.26	50.74
144.8	109.56	72.09	50.72
145.0	109.16	72.06	50.71
145.2	108.9	72.18	50.69
145.4	108.82	72.45	50.68
145.6	109.24	73.1	50.67
145.8	109.78	73.83	50.66
146.0	110.4	74.57	50.65
146.2	111.03	75.29	50.64
146.4	111.6	75.85	50.65
146.6	111.98	76.12	50.66
146.8	112.29	76.25	50.68
147.0	112.5	76.25	50.7
147.2	112.61	76.13	50.72
147.4	112.54	75.8	50.74
147.6	112.3	75.3	50.76
147.8	111.98	74.73	50.77
148.0	111.6	74.1	50.79
148.2	111.19	73.46	50.81
148.4	110.78	72.88	50.82
148.6	110.43	72.4	50.84
148.8	110.08	71.97	50.86
149.0	109.75	71.62	50.87
149.2	109.44	71.35	50.89
149.4	109.16	71.19	50.9
149.6	108.81	71.18	50.92
149.8	108.53	71.29	50.94
150.0	108.37	71.51	50.95
150.2	108.35	71.85	50.96
150.4	108.51	72.3	50.97
150.6	109.19	73.02	50.97
150.8	110.06	73.83	50.97
151.0	111.03	74.68	50.97
151.2	112.04	75.53	50.97
151.4	113.01	76.32	50.96
151.6	113.81	76.98	50.94
151.8	114.53	77.56	50.92
152.0	115.16	78.03	50.9
152.2	115.68	78.39	50.88
152.4	115.98	78.51	50.86
152.6	116.11	78.46	50.84
152.8	116.12	78.31	50.82
153.0	116.05	78.07	50.8
153.2	115.9	77.78	50.78
153.4	115.72	77.46	50.76
153.6	115.51	77.14	50.75
153.8	115.26	76.83	50.73
154.0	115.01	76.56	50.71
154.2	114.74	76.34	50.69
154.4	114.48	76.25	50.67
154.6	114.19	76.35	50.65
154.8	113.96	76.54	50.63
155.0	113.79	76.82	50.61
155.2	113.71	77.16	50.59
155.4	113.76	77.57	50.58
155.6	114.19	78.14	50.55
155.8	114.73	78.73	50.53
156.0	115.3	79.3	50.51
156.2	115.86	79.8	50.49
156.4	116.35	80.17	50.49
156.6	116.66	80.28	50.49
156.8	116.87	80.28	50.51
157.0	116.99	80.18	50.53
157.2	116.99	79.99	50.55
157.4	116.75	79.7	50.57
157.6	116.32	79.33	50.58
157.8	115.82	78.93	50.6
158.0	115.31	78.52	50.62
158.2	114.82	78.13	50.63
158.4	114.55	77.86	50.65
158.6	114.59	77.77	50.66
158.8	114.68	77.72	50.68
159.0	114.79	77.7	50.69
159.2	114.89	77.71	50.71
159.4	114.94	77.72	50.72
159.6	114.75	77.67	50.73
159.8	114.48	77.63	50.75
160.0	114.15	77.58	50.76
160.2	113.76	77.52	50.77
160.4	113.29	77.44	50.78
160.6	112.58	77.3	50.8
160.8	111.91	77.17	50.81
161.0	111.36	77.09	50.82
161.2	110.99	77.08	50.83
161.4	111.13	77.23	50.85
161.6	111.69	77.52	50.86
161.8	112.43	77.88	50.87
162.0	113.27	78.28	50.88
162.2	114.16	78.71	50.9
162.4	115.02	79.16	50.91
162.6	115.8	79.58	50.93
162.8	116.44	79.94	50.94
163.0	116.89	80.22	50.95
163.2	116.77	80.28	50.97
163.4	116.38	80.21	50.98
163.6	115.81	80.04	51.0
163.8	115.11	79.76	51.01
164.0	114.39	79.37	51.03
164.2	113.79	78.84	51.04
164.4	113.16	78.26	51.05
164.6	112.5	77.67	51.07
164.8	111.82	77.08	51.08
165.0	111.11	76.55	51.09
165.2	110.31	76.27	51.11
165.4	109.51	76.06	51.12
165.6	108.71	75.9	51.13
165.8	107.94	75.77	51.15
166.0	107.21	75.68	51.16
166.2	106.5	75.49	51.17
166.4	105.84	75.29	51.18
166.6	105.31	75.14	51.19
166.8	104.92	75.05	51.19
167.0	104.7	75.06	51.2
167.2	104.81	75.24	51.2
167.4	105.26	75.61	51.2
167.6	105.86	76.08	51.2
167.8	106.6	76.62	51.19
168.0	107.45	77.24	51.19
168.2	108.4	77.98	51.18
168.4	109.39	78.77	51.17
168.6	110.35	79.52	51.16
168.8	111.25	80.21	51.15
169.0	112.01	80.73	51.14
169.2	112.38	80.85	51.13
169.4	112.62	80.85	51.12
169.6	112.76	80.77	51.11
169.8	112.82	80.66	51.1
170.0	112.87	80.61	51.09
170.2	112.97	80.74	51.08
170.4	113.03	80.88	51.07
170.6	113.04	81.01	51.07
170.8	113.0	81.1	51.06
171.0	112.86	81.12	51.05
171.2	112.54	80.96	51.04
171.4	112.18	80.75	51.03
171.6	111.8	80.51	51.02
171.8	111.44	80.26	51.01
172.0	111.12	80.0	51.0
172.2	110.76	79.61	50.99
172.4	110.52	79.3	50.98
172.6	110.47	79.12	50.97
172.8	110.65	79.13	50.96
173.0	111.24	79.5	50.95
173.2	112.61	80.6	50.94
173.4	114.16	81.85	50.93
173.6	115.8	83.14	50.92
173.8	117.4	84.38	50.92
174.0	118.65	85.24	50.91
174.2	119.58	85.78	50.91
174.4	120.33	86.12	50.92
174.6	120.87	86.26	50.92
174.8	121.18	86.18	50.92
175.0	121.13	85.76	50.92
175.2	120.91	85.18	50.92
175.4	120.56	84.49	50.92
175.6	120.11	83.72	50.93
175.8	119.64	82.95	50.93
176.0	119.3	82.3	50.93
176.2	118.94	81.66	50.93
176.4	118.55	81.05	50.93
176.6	118.14	80.47	50.93
176.8	117.7	79.92	50.93
177.0	117.07	79.39	50.93
177.2	116.43	78.92	50.93
177.4	115.84	78.53	50.93
177.6	115.31	78.24	50.93
177.8	114.9	78.08	50.94
178.0	114.81	78.22	50.94
178.2	114.95	78.55	50.94
178.4	115.18	78.95	50.95
178.6	115.48	79.39	50.95
178.8	115.8	79.83	50.96
179.0	116.09	80.14	50.97
179.2	116.36	80.38	50.98
179.4	116.58	80.56	50.99
179.6	116.72	80.68	51.0
179.8	116.74	80.69	51.01
180.0	116.53	80.57	51.02
180.2	116.22	80.37	51.03
180.4	115.83	80.12	51.04
180.6	115.38	79.82	51.05
180.8	114.88	79.48	51.06
181.0	114.36	79.12	51.07
181.2	113.81	78.75	51.08
181.4	113.26	78.4	51.09
181.6	112.72	78.09	51.1
181.8	112.2	77.83	51.11
182.0	111.71	77.75	51.12
182.2	111.27	77.74	51.13
182.4	110.89	77.78	51.14
182.6	110.58	77.88	51.15
182.8	110.37	78.02	51.16
183.0	110.28	78.19	51.16
183.2	110.31	78.38	51.16
183.4	110.46	78.61	51.16
183.6	110.73	78.87	51.16
183.8	111.13	79.15	51.16
184.0	111.83	79.49	51.16
184.2	112.67	79.85	51.17
184.4	113.54	80.21	51.17
184.6	114.37	80.56	51.17
184.8	115.06	80.89	51.17
185.0	115.4	81.21	51.17
185.2	115.6	81.47	51.17
185.4	115.69	81.66	51.17
185.6	115.67	81.75	51.17
185.8	115.53	81.63	51.17
186.0	115.29	81.24	51.17
186.2	114.99	80.76	51.17
186.4	114.66	80.25	51.17
186.6	114.31	79.72	51.18
186.8	113.97	79.24	51.18
187.0	113.67	78.86	51.17
187.2	113.43	78.57	51.17
187.4	113.27	78.4	51.17
187.6	113.21	78.37	51.18
187.8	113.4	78.64	51.18
188.0	113.86	79.25	51.19
188.2	114.39	79.95	51.2
188.4	114.95	80.68	51.22
188.6	115.5	81.38	51.23
188.8	115.9	81.9	51.25
189.0	116.2	82.28	51.26
189.2	116.41	82.52	51.28
189.4	116.5	82.62	51.29
189.6	116.42	82.46	51.31
189.8	116.12	81.95	51.33
190.0	115.7	81.31	51.34
190.2	115.18	80.62	51.36
190.4	114.59	79.91	51.38
190.6	113.96	79.42	51.39
190.8	113.33	79.18	51.41
191.0	112.66	79.0	51.42
191.2	111.96	78.86	51.44
191.4	111.24	78.73	51.45
191.6	110.48	78.58	51.47
191.8	109.63	78.19	51.48
192.0	108.79	77.78	51.5
192.2	107.97	77.41	51.51
192.4	107.21	77.08	51.52
192.6	106.53	76.84	51.54
192.8	106.0	76.78	51.55
193.0	105.64	76.91	51.56
193.2	105.39	77.15	51.58
193.4	105.25	77.49	51.59
193.6	105.21	77.92	51.6
193.8	105.31	78.46	51.61
194.0	105.64	79.22	51.62
194.2	106.01	79.99	51.62
194.4	106.4	80.7	51.63
194.6	106.75	81.32	51.64
194.8	106.93	81.63	51.65
195.0	106.87	81.56	51.65
195.2	106.74	81.35	51.66
195.4	106.55	81.06	51.67
195.6	106.32	80.72	51.68
195.8	106.1	80.46	51.69
196.0	105.9	80.31	51.69
196.2	105.7	80.18	51.7
196.4	105.5	80.07	51.71
196.6	105.3	79.97	51.72
196.8	105.12	79.89	51.72
197.0	104.93	79.83	51.73
197.2	104.78	79.78	51.74
197.4	104.66	79.76	51.74
197.6	104.57	79.75	51.75
197.8	104.53	79.74	51.76
198.0	104.47	79.64	51.77
198.2	104.51	79.6	51.78
198.4	104.66	79.65	51.79
198.6	104.98	79.83	51.8
198.8	105.6	80.27	51.81
199.0	106.75	81.19	51.83
199.2	107.98	82.18	51.84
199.4	109.18	83.15	51.86
199.6	110.25	84.01	51.88
199.8	110.75	84.4	51.89
200.0	110.82	84.43	51.91
200.2	110.71	84.31	51.93
200.4	110.46	84.07	51.95
200.6	110.13	83.76	51.97
200.8	109.95	83.56	51.98
201.0	109.79	83.36	52.0
201.2	109.61	83.15	52.01
201.4	109.41	82.93	52.03
201.6	109.2	82.71	52.05
201.8	108.9	82.44	52.06
202.0	108.52	82.15	52.08
202.2	108.17	81.88	52.09
202.4	107.87	81.65	52.11
202.6	107.66	81.48	52.12
202.8	107.57	81.4	52.13
203.0	107.82	81.5	52.15
203.2	108.19	81.7	52.16
203.4	108.67	81.98	52.18
203.6	109.24	82.34	52.19
203.8	109.89	82.78	52.21
204.0	110.69	83.47	52.22
204.2	111.51	84.18	52.24
204.4	112.31	84.84	52.25
204.6	113.04	85.39	52.27
204.8	113.6	85.68	52.28
205.0	113.84	85.44	52.3
205.2	113.95	85.03	52.31
205.4	113.96	84.52	52.33
205.6	113.89	83.94	52.35
205.8	113.75	83.39	52.36
206.0	113.6	83.04	52.38
206.2	113.41	82.72	52.39
206.4	113.19	82.43	52.41
206.6	112.97	82.18	52.42
206.8	112.74	81.96	52.43
207.0	112.51	81.8	52.45
207.2	112.3	81.68	52.46
207.4	112.13	81.59	52.48
207.6	112.0	81.52	52.49
207.8	111.93	81.48	52.5
208.0	111.92	81.36	52.51
208.2	111.98	81.21	52.53
208.4	112.15	81.13	52.54
208.6	112.43	81.15	52.55
208.8	112.86	81.32	52.56
209.0	113.66	81.94	52.57
209.2	114.64	82.79	52.58
209.4	115.65	83.67	52.58
209.6	116.62	84.5	52.59
209.8	117.41	85.15	52.6
210.0	117.81	85.38	52.6
210.2	118.06	85.44	52.61
210.4	118.18	85.34	52.62
210.6	118.17	85.11	52.62
210.8	118.05	84.69	52.63
211.0	117.82	84.11	52.64
211.2	117.53	83.48	52.65
211.4	117.19	82.84	52.65
211.6	116.82	82.22	52.66
211.8	116.52	81.84	52.66
212.0	116.29	81.67	52.67
212.2	116.05	81.57	52.68
212.4	115.8	81.52	52.68
212.6	115.53	81.49	52.69
212.8	115.18	81.43	52.7
213.0	114.67	81.26	52.7
213.2	114.18	81.09	52.71
213.4	113.72	80.92	52.71
213.6	113.33	80.75	52.72
213.8	113.09	80.59	52.72
214.0	113.13	80.39	52.73
214.2	113.27	80.24	52.74
214.4	113.48	80.15	52.74
214.6	113.74	80.17	52.74
214.8	114.07	80.46	52.74
215.0	114.44	81.02	52.73
215.2	114.75	81.59	52.73
215.4	114.95	82.09	52.72
215.6	115.01	82.46	52.71
215.8	114.51	82.1	52.7
216.0	113.85	81.57	52.68
216.2	113.09	80.94	52.67
216.4	112.28	80.3	52.65
216.6	111.53	79.75	52.64
216.8	111.09	79.68	52.62
217.0	110.71	79.7	52.61
217.2	110.36	79.78	52.59
217.4	110.03	79.89	52.58
217.6	109.7	80.0	52.56
217.8	109.16	79.87	52.55
218.0	108.6	79.69	52.53
218.2	108.09	79.54	52.52
218.4	107.66	79.45	52.5
218.6	107.34	79.44	52.49
218.8	107.23	79.68	52.47
219.0	107.31	80.07	52.46
219.2	107.55	80.55	52.44
219.4	107.97	81.12	52.43
219.6	108.58	81.76	52.41
219.8	109.71	82.52	52.4
220.0	110.97	83.31	52.38
220.2	112.25	84.08	52.37
220.4	113.44	84.79	52.35
220.6	114.27	85.37	52.34
220.8	114.6	85.77	52.34
221.0	114.74	86.05	52.33
221.2	114.75	86.22	52.33
221.4	114.67	86.28	52.32
221.6	114.64	86.11	52.32
221.8	114.62	85.8	52.31
222.0	114.57	85.43	52.3
222.2	114.51	85.05	52.3
222.4	114.42	84.68	52.29
222.6	114.29	84.47	52.29
222.8	114.13	84.38	52.28
223.0	114.0	84.38	52.27
223.2	113.91	84.46	52.27
223.4	113.88	84.64	52.26
223.6	113.97	85.03	52.26
223.8	114.18	85.57	52.25
224.0	114.48	86.14	52.24
224.2	114.86	86.69	52.24
224.4	115.34	87.19	52.23
224.6	116.09	87.48	52.22
224.8	116.89	87.66	52.22
225.0	117.65	87.73	52.21
225.2	118.3	87.69	52.21
225.4	118.59	87.49	52.2
225.6	118.53	87.14	52.19
225.8	118.31	86.71	52.18
226.0	117.98	86.2	52.18
226.2	117.57	85.65	52.17
226.4	117.25	85.1	52.16
226.6	116.93	84.54	52.15
226.8	116.57	83.98	52.15
227.0	116.17	83.42	52.14
227.2	115.74	82.88	52.13
227.4	115.19	82.37	52.13
227.6	114.6	81.89	52.12
227.8	114.01	81.47	52.11
228.0	113.46	81.09	52.1
228.2	112.96	80.79	52.1
228.4	112.54	80.56	52.09
228.6	112.22	80.41	52.08
228.8	112.02	80.36	52.07
229.0	111.98	80.42	52.06
229.2	112.15	80.62	52.06
229.4	112.77	81.1	52.07
229.6	113.47	81.64	52.07
229.8	114.21	82.19	52.08
230.0	114.9	82.71	52.09
230.2	115.3	83.03	52.11
230.4	115.49	83.21	52.12
230.6	115.57	83.31	52.14
230.8	115.55	83.31	52.15
231.0	115.45	83.23	52.17
231.2	115.3	83.06	52.18
231.4	115.08	82.82	52.2
231.6	114.8	82.53	52.21
231.8	114.44	82.18	52.23
232.0	114.0	81.76	52.24
232.2	113.47	81.27	52.26
232.4	112.9	80.78	52.27
232.6	112.31	80.33	52.29
232.8	111.72	79.94	52.3
233.0	111.2	79.75	52.32
233.2	110.76	79.79	52.33
233.4	110.33	79.91	52.35
233.6	109.92	80.05	52.36
233.8	109.51	80.19	52.37
234.0	109.06	80.27	52.39
234.2	108.52	80.13	52.4
234.4	107.99	79.96	52.41
234.6	107.5	79.77	52.43
234.8	107.06	79.57	52.44
235.0	106.69	79.35	52.45
235.2	106.32	78.98	52.47
235.4	106.1	78.7	52.48
235.6	106.09	78.57	52.49
235.8	106.32	78.65	52.51
236.0	107.0	79.19	52.52
236.2	108.33	80.41	52.54
236.4	109.85	81.8	52.56
236.6	111.45	83.23	52.57
236.8	113.02	84.61	52.59
237.0	114.26	85.5	52.61
237.2	115.3	86.16	52.63
237.4	116.16	86.63	52.65
237.6	116.83	86.92	52.66
237.8	117.2	87.0	52.68
238.0	117.21	86.84	52.7
238.2	117.06	86.56	52.72
238.4	116.77	86.2	52.74
238.6	116.39	85.78	52.76
238.8	116.07	85.41	52.78
239.0	115.82	85.1	52.8
239.2	115.56	84.81	52.81
239.4	115.29	84.54	52.83
239.6	115.02	84.31	52.85
239.8	114.75	84.12	52.86
240.0	114.45	84.03	52.88
240.2	114.16	83.98	52.89
240.4	113.91	83.95	52.91
240.6	113.71	83.94	52.92
240.8	113.56	83.94	52.94
241.0	113.42	83.83	52.96
241.2	113.37	83.72	52.97
241.4	113.45	83.67	52.99
241.6	113.67	83.71	53.0
241.8	114.06	83.86	53.01
242.0	114.99	84.52	53.01
242.2	116.07	85.26	53.01
242.4	117.19	85.97	53.01
242.6	118.3	86.56	53.01
242.8	119.21	86.75	53.01
243.0	119.85	86.41	53.0
243.2	120.34	85.91	53.0
243.4	120.69	85.31	52.99
243.6	120.9	84.66	52.98
243.8	120.88	84.27	52.98
244.0	120.72	83.94	52.97
244.2	120.47	83.62	52.97
244.4	120.16	83.31	52.96
244.6	119.8	82.97	52.96
244.8	119.47	82.4	52.95
245.0	119.15	81.84	52.95
245.2	118.86	81.33	52.94
245.4	118.6	80.92	52.94
245.6	118.4	80.66	52.93
245.8	118.52	81.05	52.93
246.0	118.67	81.56	52.92
246.2	118.83	82.13	52.92
246.4	118.94	82.66	52.91
246.6	118.96	83.09	52.91
246.8	118.63	82.98	52.9
247.0	118.18	82.7	52.9
247.2	117.65	82.33	52.89
247.4	117.08	81.9	52.89
247.6	116.45	81.45	52.88
247.8	115.72	80.99	52.88
248.0	115.08	80.61	52.88
248.2	114.56	80.36	52.87
248.4	114.25	80.28	52.87
248.6	114.59	80.81	52.87
248.8	115.22	81.58	52.87
249.0	115.95	82.41	52.87
249.2	116.68	83.18	52.87
249.4	117.21	83.6	52.87
249.6	117.46	83.63	52.87
249.8	117.58	83.53	52.87
250.0	117.55	83.33	52.86
250.2	117.34	83.14	52.86
250.4	116.89	83.04	52.86
250.6	116.31	82.92	52.86
250.8	115.63	82.76	52.86
251.0	114.86	82.55	52.86
251.2	114.07	82.21	52.86
251.4	113.25	81.78	52.86
251.6	112.41	81.32	52.86
251.8	111.56	80.85	52.86
252.0	110.71	80.39	52.86
252.2	109.92	80.02	52.86
252.4	109.17	79.7	52.86
252.6	108.44	79.41	52.86
252.8	107.73	79.16	52.86
253.0	107.03	78.95	52.86
253.2	106.3	78.75	52.85
253.4	105.54	78.57	52.85
253.6	104.82	78.44	52.85
253.8	104.18	78.4	52.85
254.0	103.62	78.44	52.85
254.2	103.17	78.6	52.85
254.4	102.83	78.9	52.87
254.6	102.65	79.33	52.88
254.8	102.67	79.89	52.89
255.0	102.91	80.6	52.91
255.2	103.51	81.52	52.92
255.4	104.67	82.77	52.94
255.6	105.98	84.08	52.95
255.8	107.34	85.4	52.97
256.0	108.69	86.66	52.98
256.2	109.73	87.68	53.0
256.4	110.57	88.51	53.01
256.6	111.27	89.18	53.03
256.8	111.81	89.69	53.05
257.0	112.18	89.97	53.06
257.2	112.3	89.93	53.08
257.4	112.29	89.75	53.09
257.6	112.19	89.46	53.11
257.8	112.01	89.1	53.13
258.0	111.83	88.74	53.14
258.2	111.67	88.43	53.16
258.4	111.5	88.13	53.17
258.6	111.33	87.85	53.19
258.8	111.18	87.61	53.2
259.0	111.09	87.48	53.22
259.2	111.11	87.51	53.23
259.4	111.13	87.56	53.25
259.6	111.13	87.61	53.26
259.8	111.11	87.65	53.28
260.0	110.99	87.61	53.29
260.2	110.61	87.4	53.31
260.4	110.22	87.14	53.32
260.6	109.86	86.83	53.33
260.8	109.57	86.49	53.35
261.0	109.41	86.1	53.36
261.2	109.55	85.58	53.37
261.4	109.81	85.1	53.38
261.6	110.19	84.69	53.39
261.8	110.67	84.42	53.39
262.0	111.32	84.51	53.39
262.2	112.12	85.01	53.38
262.4	112.94	85.6	53.37
262.6	113.72	86.18	53.36
262.8	114.42	86.68	53.35
263.0	114.75	86.68	53.34
263.2	114.94	86.51	53.32
263.4	115.01	86.21	53.3
263.6	114.98	85.81	53.28
263.8	114.87	85.36	53.27
264.0	114.72	84.9	53.25
264.2	114.5	84.41	53.23
264.4	114.22	83.91	53.21
264.6	113.88	83.41	53.2
264.8	113.47	82.94	53.18
265.0	112.93	82.53	53.16
265.2	112.37	82.16	53.14
265.4	111.82	81.84	53.13
265.6	111.3	81.57	53.11
265.8	110.85	81.36	53.09
266.0	110.55	81.19	53.08
266.2	110.35	81.1	53.06
266.4	110.28	81.1	53.04
266.6	110.35	81.22	53.02
266.8	110.59	81.48	53.01
267.0	111.26	82.11	52.99
267.2	112.02	82.81	52.97
267.4	112.83	83.53	52.96
267.6	113.61	84.22	52.94
267.8	114.21	84.71	52.92
268.0	114.6	84.99	52.9
268.2	114.88	85.18	52.87
268.4	115.04	85.28	52.85
268.6	115.07	85.29	52.83
268.8	114.86	85.19	52.8
269.0	114.53	85.03	52.78
269.2	114.12	84.83	52.75
269.4	113.66	84.59	52.73
269.6	113.17	84.33	52.71
269.8	112.83	84.13	52.68
270.0	112.51	83.94	52.66
270.2	112.18	83.75	52.64
270.4	111.82	83.56	52.61
270.6	111.43	83.35	52.59
270.8	110.89	83.08	52.57
271.0	110.23	82.75	52.54
271.2	109.58	82.46	52.52
271.4	108.96	82.22	52.5
271.6	108.4	82.04	52.47
271.8	107.95	81.97	52.45
272.0	107.64	82.04	52.43
272.2	107.49	82.25	52.4
272.4	107.52	82.6	52.38
272.6	107.76	83.12	52.36
272.8	108.26	83.85	52.33
273.0	109.36	85.1	52.31
273.2	110.62	86.45	52.28
273.4	111.96	87.81	52.26
273.6	113.31	89.12	52.24
273.8	114.54	90.16	52.22
274.0	115.56	90.89	52.22
274.2	116.44	91.42	52.21
274.4	117.15	91.77	52.21
274.6	117.64	91.91	52.21
274.8	117.68	91.66	52.2
275.0	117.5	91.25	52.2
275.2	117.16	90.74	52.19
275.4	116.67	90.18	52.19
275.6	116.11	89.69	52.19
275.8	115.56	89.46	52.18
276.0	114.95	89.26	52.18
276.2	114.29	89.09	52.18
276.4	113.61	88.91	52.17
276.6	112.91	88.73	52.17
276.8	112.18	88.35	52.17
277.0	111.45	87.95	52.16
277.2	110.75	87.55	52.16
277.4	110.09	87.19	52.15
277.6	109.47	86.88	52.15
277.8	108.91	86.69	52.15
278.0	108.4	86.67	52.14
278.2	108.0	86.74	52.14
278.4	107.73	86.89	52.14
278.6	107.61	87.12	52.13
278.8	107.68	87.42	52.13
279.0	108.18	87.84	52.13
279.2	108.88	88.32	52.12
279.4	109.7	88.85	52.12
279.6	110.6	89.41	52.11
279.8	111.53	89.99	52.11
280.0	112.47	90.69	52.11
280.2	113.36	91.35	52.1
280.4	114.15	91.9	52.1
280.6	114.79	92.31	52.09
280.8	115.1	92.35	52.09
281.0	115.05	92.0	52.08
281.2	114.82	91.49	52.08
281.4	114.47	90.85	52.08
281.6	114.02	90.13	52.07
281.8	113.62	89.51	52.07
282.0	113.22	88.93	52.06
282.2	112.8	88.35	52.06
282.4	112.35	87.78	52.05
282.6	111.89	87.24	52.05
282.8	111.4	86.71	52.04
283.0	110.87	86.23	52.04
283.2	110.35	85.78	52.04
283.4	109.85	85.37	52.03
283.6	109.37	85.02	52.03
283.8	108.92	84.71	52.02
284.0	108.47	84.46	52.02
284.2	108.06	84.28	52.01
284.4	107.74	84.17	52.01
284.6	107.56	84.15	52.0
284.8	107.53	84.24	52.0
285.0	107.8	84.49	52.0
285.2	108.52	84.97	51.99
285.4	109.36	85.52	51.99
285.6	110.26	86.12	51.98
285.8	111.16	86.73	51.98
286.0	111.91	87.3	51.97
286.2	112.46	87.79	51.97
286.4	112.91	88.23	51.97
286.6	113.26	88.6	51.97
286.8	113.51	88.9	51.96
287.0	113.58	88.98	51.96
287.2	113.54	88.96	51.96
287.4	113.42	88.89	51.96
287.6	113.22	88.77	51.96
287.8	112.95	88.64	51.96
