0.2	90.13	49.28	28.3
0.4	90.21	49.53	28.3
0.6	90.08	49.73	28.3
0.8	89.8	49.9	28.3
1.0	89.4	50.03	28.3
1.2	88.95	50.13	28.3
1.4	88.48	50.2	28.3
1.6	88.05	50.24	28.3
1.8	87.69	50.27	28.3
2.0	87.56	50.24	28.3
2.2	87.62	50.18	28.31
2.4	87.81	50.16	28.31
2.6	88.11	50.21	28.3
2.8	88.64	50.58	28.28
3.0	89.24	51.05	28.25
3.2	89.8	51.48	28.22
3.4	90.24	51.8	28.18
3.6	90.22	51.6	28.15
3.8	89.99	51.18	28.12
4.0	89.62	50.65	28.09
4.2	89.16	50.05	28.06
4.4	88.68	49.51	28.02
4.6	88.19	49.01	27.99
4.8	87.67	48.57	27.96
5.0	87.14	48.19	27.93
5.2	86.58	47.92	27.9
5.4	85.99	47.8	27.87
5.6	85.46	47.8	27.83
5.8	85.01	47.93	27.8
6.0	84.7	48.19	27.77
6.2	84.76	48.72	27.74
6.4	84.96	49.36	27.71
6.6	85.23	50.08	27.68
6.8	85.53	50.86	27.64
7.0	85.78	51.7	27.61
7.2	85.98	52.53	27.58
7.4	86.12	53.3	27.55
7.6	86.17	53.94	27.52
7.8	86.05	54.31	27.49
8.0	85.73	54.36	27.46
8.2	85.33	54.28	27.42
8.4	84.87	54.09	27.39
8.6	84.4	53.85	27.36
8.8	83.97	53.62	27.33
9.0	83.55	53.38	27.3
9.2	83.13	53.16	27.27
9.4	82.73	52.96	27.23
9.6	82.26	52.84	27.2
9.8	81.82	52.8	27.17
10.0	81.46	52.84	27.14
10.2	81.24	52.98	27.11
10.4	81.24	53.24	27.07
10.6	81.66	53.66	27.02
10.8	82.23	54.2	26.97
11.0	82.92	54.87	26.95
11.2	83.68	55.68	26.95
11.4	84.49	56.92	27.03
11.6	85.3	58.2	27.14
11.8	86.06	59.4	27.27
12.0	86.73	60.42	27.42
12.2	87.12	60.75	27.56
12.4	87.36	60.74	27.71
12.6	87.53	60.54	27.86
12.8	87.66	60.2	28.02
13.0	87.86	59.85	28.17
13.2	88.07	59.47	28.32
13.4	88.26	59.07	28.47
13.6	88.42	58.66	28.62
13.8	88.49	58.3	28.77
14.0	88.49	57.99	28.93
14.2	88.48	57.73	29.08
14.4	88.47	57.55	29.24
14.6	88.47	57.45	29.39
14.8	88.5	57.46	29.53
15.0	88.58	57.57	29.67
15.2	88.76	57.78	29.82
15.4	89.13	58.15	29.97
15.6	89.83	58.77	30.12
15.8	90.55	59.41	30.28
16.0	91.19	60.0	30.44
16.2	91.62	60.4	30.6
16.4	91.49	60.39	30.75
16.6	91.17	60.2	30.9
16.8	90.71	59.86	31.06
17.0	90.17	59.41	31.21
17.2	89.58	58.82	31.36
17.4	89.0	58.17	31.52
17.6	88.47	57.48	31.67
17.8	88.03	56.81	31.82
18.0	87.94	56.22	31.97
18.2	88.21	55.76	32.12
18.4	88.51	55.36	32.27
18.6	88.77	55.02	32.42
18.8	88.88	54.73	32.57
19.0	88.03	54.36	32.71
19.2	87.1	54.09	32.85
19.4	86.22	53.95	32.99
19.6	85.52	54.0	33.13
19.8	85.63	54.45	33.27
20.0	86.39	55.25	33.41
20.2	87.3	56.17	33.55
20.4	88.22	57.14	33.69
20.6	88.81	58.04	33.85
20.8	88.93	58.81	34.01
21.0	88.9	59.48	34.17
21.2	88.76	60.01	34.34
21.4	88.56	60.27	34.49
21.6	88.32	60.24	34.64
21.8	88.12	60.1	34.79
22.0	88.01	59.9	34.93
22.2	88.09	59.73	35.07
22.4	88.53	59.7	35.21
22.6	89.11	59.72	35.36
22.8	89.78	59.83	35.5
23.0	90.53	60.03	35.64
23.2	91.31	60.48	35.78
23.4	92.09	60.99	35.93
23.6	92.84	61.51	36.07
23.8	93.5	62.02	36.22
24.0	94.04	62.44	36.37
24.2	94.44	62.77	36.52
24.4	94.68	62.99	36.67
24.6	94.65	62.98	36.82
24.8	94.28	62.69	36.98
25.0	93.82	62.32	37.13
25.2	93.36	61.91	37.29
25.4	93.09	61.57	37.44
25.6	93.04	61.32	37.59
25.8	93.12	61.18	37.73
26.0	93.34	61.15	37.88
26.2	93.88	61.41	38.02
26.4	94.6	61.86	38.17
26.6	95.31	62.38	38.3
26.8	95.92	62.91	38.42
27.0	96.07	63.36	38.49
27.2	95.99	63.72	38.54
27.4	95.76	63.98	38.58
27.6	95.41	64.11	38.61
27.8	95.03	63.94	38.65
28.0	94.59	63.64	38.7
28.2	94.13	63.25	38.74
28.4	93.67	62.82	38.79
28.6	93.34	62.46	38.83
28.8	93.02	62.1	38.87
29.0	92.69	61.75	38.92
29.2	92.33	61.39	38.96
29.4	91.87	61.0	39.0
29.6	91.36	60.63	39.05
29.8	90.8	60.31	39.09
30.0	90.21	60.07	39.14
30.2	89.48	59.96	39.18
30.4	88.71	59.99	39.22
30.6	88.02	60.12	39.26
30.8	87.47	60.36	39.3
31.0	87.29	60.74	39.34
31.2	87.57	61.29	39.39
31.4	88.01	61.9	39.43
31.6	88.53	62.55	39.47
31.8	89.04	63.21	39.51
32.0	89.4	63.83	39.55
32.2	89.73	64.41	39.58
32.4	89.99	64.92	39.61
32.6	90.17	65.3	39.64
32.8	90.23	65.47	39.67
33.0	90.22	65.56	39.69
33.2	90.15	65.6	39.72
33.4	90.04	65.62	39.75
33.6	89.89	65.71	39.78
33.8	89.72	65.78	39.81
34.0	89.53	65.82	39.84
34.2	89.35	65.8	39.86
34.4	89.17	65.54	39.89
34.6	89.03	65.29	39.92
34.8	88.92	65.11	39.95
35.0	88.86	65.04	39.97
35.2	88.87	65.37	40.0
35.4	88.96	65.86	40.03
35.6	89.13	66.48	40.06
35.8	89.39	67.19	40.08
36.0	89.93	68.09	40.11
36.2	90.54	68.99	40.12
36.4	91.12	69.81	40.14
36.6	91.61	70.47	40.16
36.8	91.72	70.54	40.18
37.0	91.67	70.4	40.19
37.2	91.53	70.13	40.21
37.4	91.31	69.81	40.23
37.6	91.13	69.67	40.25
37.8	90.94	69.59	40.26
38.0	90.71	69.51	40.28
38.2	90.45	69.42	40.3
38.4	90.11	69.25	40.32
38.6	89.72	69.04	40.33
38.8	89.33	68.84	40.35
39.0	88.96	68.65	40.37
39.2	88.58	68.42	40.39
39.4	88.24	68.22	40.4
39.6	88.02	68.14	40.42
39.8	87.95	68.27	40.44
40.0	88.23	68.82	40.45
40.2	88.9	69.89	40.47
40.4	89.69	71.1	40.48
40.6	90.5	72.34	40.5
40.8	91.19	73.45	40.52
41.0	91.66	74.29	40.53
41.2	92.01	74.98	40.55
41.4	92.25	75.48	40.57
41.6	92.35	75.68	40.59
41.8	92.3	75.55	40.6
42.0	92.14	75.25	40.62
42.2	91.89	74.85	40.64
42.4	91.54	74.43	40.65
42.6	91.09	74.09	40.67
42.8	90.6	73.75	40.69
43.0	90.09	73.41	40.7
43.2	89.6	73.1	40.72
43.4	89.28	72.86	40.74
43.6	88.98	72.64	40.75
43.8	88.66	72.45	40.77
44.0	88.31	72.3	40.79
44.2	87.72	72.12	40.8
44.4	87.02	71.96	40.82
44.6	86.37	71.88	40.83
44.8	85.84	71.92	40.85
45.0	85.62	72.16	40.87
45.2	85.81	72.67	40.88
45.4	86.14	73.28	40.9
45.6	86.55	73.98	40.92
45.8	86.98	74.73	40.93
46.0	87.34	75.54	40.94
46.2	87.65	76.31	40.94
46.4	87.88	76.97	40.95
46.6	87.97	77.43	40.95
46.8	87.78	77.45	40.96
47.0	87.48	77.31	40.96
47.2	87.1	77.04	40.97
47.4	86.68	76.68	40.97
47.6	86.3	76.36	40.98
47.8	85.93	76.02	40.98
48.0	85.57	75.67	40.98
48.2	85.23	75.32	40.99
48.4	84.98	74.97	40.99
48.6	84.78	74.66	41.0
48.8	84.61	74.41	41.0
49.0	84.47	74.24	41.0
49.2	84.33	74.21	41.01
49.4	84.18	74.35	41.01
49.6	84.07	74.61	41.02
49.8	84.0	74.97	41.02
50.0	83.98	75.44	41.02
50.2	84.05	76.07	41.03
50.4	84.17	76.76	41.03
50.6	84.36	77.47	41.04
50.8	84.62	78.18	41.04
51.0	85.11	78.78	41.04
51.2	85.63	79.33	41.05
51.4	86.09	79.82	41.05
51.6	86.43	80.24	41.06
51.8	86.25	80.46	41.06
52.0	85.93	80.63	41.06
52.2	85.6	80.81	41.07
52.4	85.38	81.06	41.07
52.6	85.7	81.62	41.07
52.8	86.18	82.27	41.08
53.0	86.76	82.95	41.08
53.2	87.41	83.64	41.09
53.4	88.12	84.35	41.09
53.6	88.77	84.95	41.09
53.8	89.29	85.38	41.1
54.0	89.54	85.5	41.1
54.2	89.24	85.01	41.11
54.4	88.73	84.3	41.11
54.6	88.09	83.43	41.11
54.8	87.38	82.47	41.12
55.0	86.79	81.64	41.12
55.2	86.23	80.85	41.13
55.4	85.71	80.1	41.13
55.6	85.24	79.41	41.14
55.8	84.83	78.83	41.14
56.0	84.52	78.4	41.14
56.2	84.31	78.09	41.15
56.4	84.21	77.91	41.15
56.6	84.24	77.88	41.15
56.8	84.52	78.1	41.16
57.0	85.12	78.63	41.16
57.2	85.77	79.22	41.16
57.4	86.4	79.81	41.17
57.6	86.93	80.31	41.17
57.8	87.01	80.42	41.18
58.0	86.93	80.39	41.18
58.2	86.73	80.24	41.18
58.4	86.44	79.99	41.19
58.6	86.1	79.64	41.19
58.8	85.74	79.22	41.19
59.0	85.35	78.77	41.2
59.2	84.96	78.32	41.2
59.4	84.58	77.91	41.21
59.6	84.33	77.67	41.21
59.8	84.09	77.5	41.21
60.0	83.87	77.39	41.22
60.2	83.63	77.34	41.22
60.4	83.29	77.32	41.23
60.6	82.8	77.33	41.23
60.8	82.35	77.4	41.24
61.0	81.99	77.54	41.25
61.2	81.77	77.76	41.25
61.4	82.01	78.15	41.26
61.6	82.45	78.63	41.27
61.8	82.97	79.15	41.28
62.0	83.53	79.69	41.29
62.2	83.99	80.26	41.3
62.4	84.34	80.81	41.31
62.6	84.61	81.28	41.32
62.8	84.77	81.62	41.33
63.0	84.74	81.73	41.34
63.2	84.48	81.51	41.35
63.4	84.12	81.14	41.36
63.6	83.71	80.66	41.37
63.8	83.28	80.1	41.38
64.0	82.99	79.5	41.39
64.2	82.71	78.89	41.4
64.4	82.43	78.28	41.41
64.6	82.13	77.69	41.41
64.8	81.76	77.2	41.42
65.0	81.32	76.8	41.43
65.2	80.9	76.49	41.44
65.4	80.51	76.26	41.45
65.6	80.16	76.13	41.46
65.8	79.85	76.08	41.47
66.0	79.66	76.15	41.48
66.2	79.62	76.36	41.49
66.4	79.76	76.72	41.5
66.6	80.43	77.44	41.51
66.8	81.36	78.34	41.52
67.0	82.34	79.27	41.53
67.2	83.27	80.16	41.54
67.4	83.85	80.81	41.55
67.6	84.09	81.22	41.56
67.8	84.19	81.47	41.57
68.0	84.2	81.56	41.59
68.2	84.18	81.42	41.6
68.4	84.18	81.05	41.61
68.6	84.13	80.59	41.62
68.8	84.06	80.06	41.63
69.0	83.97	79.55	41.64
69.2	83.88	79.17	41.66
69.4	83.77	78.82	41.67
69.6	83.63	78.5	41.68
69.8	83.46	78.21	41.69
70.0	83.14	77.9	41.7
70.2	82.81	77.63	41.71
70.4	82.52	77.45	41.72
70.6	82.32	77.36	41.74
70.8	82.35	77.47	41.75
71.0	82.64	77.8	41.76
71.2	83.03	78.21	41.77
71.4	83.5	78.67	41.78
71.6	84.03	79.15	41.79
71.8	84.6	79.61	41.79
72.0	85.14	80.02	41.79
72.2	85.61	80.35	41.79
72.4	85.95	80.55	41.79
72.6	85.95	80.47	41.79
72.8	85.83	80.26	41.79
73.0	85.61	79.95	41.79
73.2	85.33	79.56	41.79
73.4	85.05	79.1	41.79
73.6	84.76	78.61	41.79
73.8	84.47	78.11	41.79
74.0	84.2	77.65	41.79
74.2	83.99	77.29	41.79
74.4	83.87	77.07	41.8
74.6	83.75	76.91	41.8
74.8	83.63	76.8	41.8
75.0	83.48	76.74	41.8
75.2	83.09	76.67	41.8
75.4	82.69	76.64	41.8
75.6	82.33	76.67	41.8
75.8	82.06	76.78	41.8
76.0	81.93	76.93	41.8
76.2	81.97	77.17	41.8
76.4	82.21	77.54	41.8
76.6	82.66	78.09	41.8
76.8	83.48	78.96	41.8
77.0	84.83	80.31	41.8
77.2	86.28	81.73	41.81
77.4	87.7	83.1	41.81
77.6	88.88	84.22	41.82
77.8	89.55	84.84	41.83
78.0	90.0	85.24	41.84
78.2	90.26	85.42	41.85
78.4	90.35	85.39	41.86
78.6	90.28	85.15	41.87
78.8	90.07	84.75	41.88
79.0	89.75	84.21	41.89
79.2	89.33	83.58	41.9
79.4	88.74	82.8	41.91
79.6	88.12	82.0	41.92
79.8	87.51	81.24	41.92
80.0	86.95	80.58	41.93
80.2	86.58	80.17	41.94
80.4	86.37	80.01	41.95
80.6	86.32	80.01	41.96
80.8	86.42	80.17	41.97
81.0	86.77	80.55	41.98
81.2	87.5	81.21	41.99
81.4	88.29	81.92	42.0
81.6	89.07	82.62	42.01
81.8	89.72	83.2	42.01
82.0	89.86	83.34	42.02
82.2	89.88	83.36	42.03
82.4	89.84	83.32	42.04
82.6	89.77	83.24	42.05
82.8	89.88	83.28	42.06
83.0	90.03	83.35	42.07
83.2	90.22	83.44	42.08
83.4	90.44	83.57	42.09
83.6	90.75	83.82	42.1
83.8	91.09	84.12	42.11
84.0	91.41	84.41	42.12
84.2	91.68	84.65	42.13
84.4	91.83	84.75	42.13
84.6	91.82	84.67	42.14
84.8	91.74	84.53	42.15
85.0	91.6	84.37	42.16
85.2	91.37	84.2	42.17
85.4	90.98	84.01	42.18
85.6	90.62	83.89	42.19
85.8	90.35	83.87	42.2
86.0	90.23	84.01	42.21
86.2	90.64	84.66	42.22
86.4	91.24	85.48	42.23
86.6	91.92	86.31	42.24
86.8	92.6	87.06	42.24
87.0	93.08	87.39	42.25
87.2	93.43	87.47	42.25
87.4	93.67	87.43	42.25
87.6	93.78	87.3	42.26
87.8	93.66	87.21	42.26
88.0	93.39	87.11	42.26
88.2	93.06	86.95	42.26
88.4	92.71	86.73	42.26
88.6	92.51	86.38	42.27
88.8	92.41	85.93	42.27
89.0	92.3	85.45	42.27
89.2	92.16	84.97	42.27
89.4	91.84	84.5	42.27
89.6	91.32	84.07	42.28
89.8	90.8	83.73	42.28
90.0	90.37	83.52	42.28
90.2	90.12	83.54	42.28
90.4	90.29	83.96	42.28
90.6	90.61	84.52	42.29
90.8	91.05	85.15	42.29
91.0	91.57	85.79	42.29
91.2	92.22	86.34	42.29
91.4	92.86	86.81	42.29
91.6	93.45	87.18	42.29
91.8	93.91	87.41	42.29
92.0	93.94	87.29	42.29
92.2	93.83	87.03	42.28
92.4	93.64	86.66	42.28
92.6	93.39	86.21	42.28
92.8	93.3	85.75	42.27
93.0	93.22	85.27	42.27
93.2	93.12	84.77	42.27
93.4	92.96	84.26	42.27
93.6	92.59	83.73	42.26
93.8	92.11	83.22	42.26
94.0	91.64	82.78	42.26
94.2	91.25	82.44	42.25
94.4	91.09	82.31	42.25
94.6	91.21	82.41	42.25
94.8	91.44	82.63	42.25
95.0	91.78	82.96	42.24
95.2	92.2	83.4	42.24
95.4	92.71	83.98	42.24
95.6	93.21	84.54	42.23
95.8	93.62	85.02	42.23
96.0	93.83	85.26	42.23
96.2	93.69	85.12	42.23
96.4	93.45	84.85	42.22
96.6	93.15	84.51	42.22
96.8	92.9	84.2	42.22
97.0	92.86	84.07	42.21
97.2	92.8	83.93	42.21
97.4	92.68	83.76	42.21
97.6	92.45	83.51	42.2
97.8	91.86	82.99	42.2
98.0	91.19	82.44	42.2
98.2	90.51	81.92	42.2
98.4	89.86	81.48	42.19
98.6	89.36	81.31	42.19
98.8	89.01	81.32	42.18
99.0	88.8	81.46	42.18
99.2	88.77	81.75	42.19
99.4	89.08	82.27	42.2
99.6	89.79	83.04	42.21
99.8	90.56	83.83	42.24
100.0	91.27	84.55	42.26
100.2	91.73	85.05	42.29
100.4	91.67	85.13	42.31
100.6	91.44	85.02	42.33
100.8	91.08	84.76	42.36
101.0	90.66	84.35	42.38
101.2	90.27	83.74	42.4
101.4	89.87	83.08	42.42
101.6	89.44	82.41	42.44
101.8	89.02	81.8	42.47
102.0	88.66	81.57	42.49
102.2	88.31	81.47	42.51
102.4	87.95	81.39	42.53
102.6	87.57	81.27	42.55
102.8	87.07	80.86	42.58
103.0	86.47	80.19	42.6
103.2	85.9	79.54	42.62
103.4	85.4	78.97	42.64
103.6	85.03	78.65	42.66
103.8	84.88	78.77	42.68
104.0	84.89	79.09	42.7
104.2	85.05	79.59	42.72
104.4	85.4	80.26	42.75
104.6	86.17	81.27	42.76
104.8	87.01	82.32	42.78
105.0	87.84	83.31	42.8
105.2	88.54	84.12	42.82
105.4	88.7	84.27	42.84
105.6	88.71	84.22	42.85
105.8	88.62	84.03	42.87
106.0	88.5	83.75	42.89
106.2	88.46	83.46	42.9
106.4	88.45	83.2	42.92
106.6	88.49	83.01	42.93
106.8	88.62	82.94	42.95
107.0	88.96	83.3	42.97
107.2	89.39	83.82	42.98
107.4	89.88	84.42	43.0
107.6	90.41	85.04	43.01
107.8	91.0	85.6	43.03
108.0	91.57	86.1	43.04
108.2	92.06	86.5	43.06
108.4	92.44	86.77	43.08
108.6	92.56	86.77	43.09
108.8	92.52	86.61	43.11
109.0	92.32	86.31	43.13
109.2	91.94	85.84	43.14
109.4	91.26	85.1	43.16
109.6	90.51	84.32	43.18
109.8	89.77	83.6	43.2
110.0	89.12	83.08	43.21
110.2	88.77	83.07	43.23
110.4	88.57	83.23	43.24
110.6	88.51	83.54	43.26
110.8	88.6	83.93	43.27
111.0	89.06	84.39	43.29
111.2	89.61	84.86	43.3
111.4	90.13	85.28	43.32
111.6	90.55	85.6	43.33
111.8	90.48	85.63	43.34
112.0	90.22	85.5	43.36
112.2	89.82	85.25	43.37
112.4	89.32	84.87	43.39
112.6	88.78	84.28	43.4
112.8	88.18	83.59	43.41
113.0	87.56	82.87	43.43
113.2	86.91	82.18	43.44
113.4	86.23	81.6	43.45
113.6	85.54	81.17	43.47
113.8	84.92	80.86	43.48
114.0	84.41	80.7	43.49
114.2	84.08	80.73	43.5
114.4	84.11	81.08	43.52
114.6	84.3	81.58	43.53
114.8	84.62	82.18	43.54
115.0	85.05	82.85	43.55
115.2	85.63	83.58	43.57
115.4	86.24	84.3	43.58
115.6	86.82	84.95	43.59
115.8	87.33	85.49	43.61
116.0	87.5	85.67	43.62
116.2	87.51	85.67	43.63
116.4	87.46	85.57	43.65
116.6	87.36	85.42	43.66
116.8	87.39	85.39	43.67
117.0	87.47	85.39	43.69
117.2	87.54	85.36	43.7
117.4	87.56	85.25	43.71
117.6	87.42	84.93	43.73
117.8	87.13	84.39	43.74
118.0	86.83	83.84	43.75
118.2	86.58	83.31	43.77
118.4	86.48	82.94	43.78
118.6	86.62	82.84	43.79
118.8	86.88	82.86	43.81
119.0	87.24	83.0	43.82
119.2	87.69	83.24	43.83
119.4	88.34	83.7	43.83
119.6	89.0	84.19	43.84
119.8	89.6	84.64	43.84
120.0	90.08	84.98	43.84
120.2	90.13	84.93	43.84
120.4	90.01	84.72	43.84
120.6	89.76	84.39	43.84
120.8	89.4	83.95	43.84
121.0	89.0	83.4	43.84
121.2	88.55	82.8	43.84
121.4	88.06	82.18	43.85
121.6	87.52	81.6	43.85
121.8	86.92	81.16	43.85
122.0	86.26	80.88	43.85
122.2	85.64	80.7	43.85
122.4	85.11	80.6	43.85
122.6	84.71	80.57	43.85
122.8	84.64	80.55	43.85
123.0	84.73	80.62	43.85
123.2	84.96	80.8	43.85
123.4	85.33	81.1	43.85
123.6	85.95	81.71	43.85
123.8	86.68	82.48	43.85
124.0	87.41	83.26	43.85
124.2	88.07	83.99	43.85
124.4	88.41	84.44	43.85
124.6	88.53	84.67	43.84
124.8	88.51	84.76	43.84
125.0	88.37	84.69	43.84
125.2	88.13	84.38	43.83
125.4	87.81	83.89	43.83
125.6	87.45	83.35	43.83
125.8	87.07	82.83	43.82
126.0	86.69	82.47	43.82
126.2	86.34	82.36	43.81
126.4	86.07	82.38	43.81
126.6	85.91	82.52	43.81
126.8	85.89	82.78	43.8
127.0	86.33	83.26	43.8
127.2	86.88	83.82	43.8
127.4	87.49	84.42	43.79
127.6	88.1	85.02	43.79
127.8	88.59	85.57	43.78
128.0	88.98	86.04	43.78
128.2	89.24	86.38	43.78
128.4	89.34	86.56	43.77
128.6	89.09	86.31	43.77
128.8	88.62	85.81	43.77
129.0	88.05	85.22	43.77
129.2	87.42	84.62	43.77
129.4	86.78	84.18	43.77
129.6	86.2	83.93	43.76
129.8	85.7	83.78	43.76
130.0	85.34	83.75	43.76
130.2	85.22	83.88	43.76
130.4	85.58	84.27	43.76
130.6	86.09	84.73	43.76
130.8	86.67	85.22	43.76
131.0	87.25	85.67	43.76
131.2	87.68	85.95	43.76
131.4	88.01	86.14	43.76
131.6	88.21	86.21	43.76
131.8	88.24	86.17	43.75
132.0	87.83	85.88	43.75
132.2	87.22	85.45	43.75
132.4	86.52	84.95	43.75
132.6	85.77	84.4	43.75
132.8	85.06	83.74	43.75
133.0	84.43	83.06	43.75
133.2	83.95	82.51	43.75
133.4	83.67	82.19	43.75
133.6	83.78	82.32	43.75
133.8	84.56	83.3	43.74
134.0	85.49	84.46	43.74
134.2	86.46	85.67	43.74
134.4	87.32	86.75	43.74
134.6	87.67	87.23	43.74
134.8	87.87	87.52	43.74
135.0	87.92	87.65	43.74
135.2	87.84	87.63	43.74
135.4	87.66	87.49	43.74
135.6	87.38	87.25	43.74
135.8	87.01	86.91	43.73
136.0	86.55	86.49	43.73
136.2	85.86	85.9	43.73
136.4	85.15	85.28	43.73
136.6	84.49	84.71	43.73
136.8	83.95	84.25	43.73
137.0	83.8	84.08	43.73
137.2	83.98	84.18	43.73
137.4	84.32	84.43	43.73
137.6	84.8	84.82	43.73
137.8	85.4	85.38	43.72
138.0	86.1	86.11	43.72
138.2	86.78	86.84	43.72
138.4	87.38	87.5	43.72
138.6	87.75	87.91	43.72
138.8	87.8	87.98	43.72
139.0	87.69	87.89	43.72
139.2	87.45	87.68	43.72
139.4	87.11	87.39	43.72
139.6	86.7	87.06	43.72
139.8	86.23	86.68	43.71
140.0	85.74	86.26	43.71
140.2	85.23	85.82	43.71
140.4	84.7	85.26	43.71
140.6	84.23	84.76	43.71
140.8	83.86	84.36	43.71
141.0	83.62	84.13	43.71
141.2	83.69	84.36	43.71
141.4	84.0	84.91	43.71
141.6	84.45	85.58	43.71
141.8	85.02	86.32	43.7
142.0	85.72	87.0	43.7
142.2	86.51	87.58	43.7
142.4	87.28	88.1	43.7
142.6	87.96	88.52	43.7
142.8	88.38	88.8	43.71
143.0	88.51	88.93	43.71
143.2	88.49	88.92	43.71
143.4	88.35	88.77	43.71
143.6	88.13	88.4	43.71
143.8	87.84	87.81	43.71
144.0	87.49	87.14	43.71
144.2	87.09	86.42	43.72
144.4	86.62	85.75	43.72
144.6	86.06	85.21	43.72
144.8	85.51	84.74	43.72
145.0	85.0	84.38	43.72
145.2	84.57	84.13	43.72
145.4	84.33	84.09	43.72
145.6	84.23	84.2	43.72
145.8	84.27	84.42	43.72
146.0	84.45	84.73	43.73
146.2	84.93	85.21	43.73
146.4	85.63	85.8	43.75
146.6	86.34	86.37	43.76
146.8	86.99	86.83	43.77
147.0	87.33	86.97	43.78
147.2	87.3	86.75	43.8
147.4	87.12	86.41	43.81
147.6	86.84	86.0	43.82
147.8	86.49	85.6	43.84
148.0	86.12	85.31	43.85
148.2	85.75	85.06	43.86
148.4	85.42	84.84	43.87
148.6	85.16	84.67	43.89
148.8	85.14	84.62	43.9
149.0	85.2	84.62	43.91
149.2	85.35	84.65	43.92
149.4	85.56	84.71	43.93
149.6	85.93	84.9	43.94
149.8	86.33	85.08	43.96
150.0	86.7	85.16	43.97
150.2	86.97	85.06	43.98
150.4	86.96	84.29	43.99
150.6	86.77	83.28	44.01
150.8	86.48	82.3	44.02
151.0	86.12	81.54	44.03
151.2	85.64	81.79	44.05
151.4	85.16	82.4	44.06
151.6	84.75	83.15	44.07
151.8	84.47	83.92	44.08
152.0	84.58	84.12	44.09
152.2	84.89	84.17	44.1
152.4	85.34	84.25	44.11
152.6	85.9	84.41	44.12
152.8	86.64	85.15	44.12
153.0	87.41	86.04	44.12
153.2	88.12	86.89	44.12
153.4	88.69	87.58	44.11
153.6	88.81	87.68	44.1
153.8	88.75	87.52	44.09
154.0	88.53	87.14	44.08
154.2	88.19	86.57	44.07
154.4	87.76	85.72	44.06
154.6	87.26	84.77	44.05
154.8	86.71	83.79	44.05
155.0	86.16	82.87	44.04
155.2	85.52	82.14	44.03
155.4	84.95	81.59	44.02
155.6	84.52	81.22	44.01
155.8	84.29	81.09	44.0
156.0	84.56	81.41	43.99
156.2	85.18	82.06	43.98
156.4	85.98	82.87	43.97
156.6	86.9	83.78	43.96
156.8	87.9	84.77	43.95
157.0	88.9	85.75	43.94
157.2	89.84	86.62	43.93
157.4	90.66	87.31	43.93
157.6	91.05	87.39	43.92
157.8	91.22	87.17	43.91
158.0	91.32	86.84	43.9
158.2	91.43	86.51	43.89
158.4	91.9	86.7	43.88
158.6	92.47	87.02	43.87
158.8	93.01	87.3	43.86
159.0	93.45	87.48	43.85
159.2	93.49	87.1	43.84
159.4	93.34	86.47	43.83
159.6	93.11	85.8	43.82
159.8	92.87	85.16	43.81
160.0	92.7	84.79	43.81
160.2	92.63	84.66	43.8
160.4	92.67	84.69	43.79
160.6	92.87	84.9	43.78
160.8	93.47	85.44	43.77
161.0	94.41	86.25	43.76
161.2	95.37	87.08	43.75
161.4	96.26	87.85	43.74
161.6	96.8	88.33	43.73
161.8	96.95	88.47	43.73
162.0	96.9	88.39	43.72
162.2	96.65	88.12	43.72
162.4	96.16	87.5	43.72
162.6	95.47	86.59	43.72
162.8	94.7	85.61	43.73
163.0	93.9	84.64	43.73
163.2	93.14	83.86	43.73
163.4	92.51	83.43	43.73
163.6	92.0	83.18	43.74
163.8	91.67	83.13	43.74
164.0	91.56	83.29	43.74
164.2	92.09	83.86	43.74
164.4	92.8	84.59	43.74
164.6	93.59	85.37	43.75
164.8	94.34	86.12	43.75
165.0	94.77	86.67	43.75
165.2	95.04	87.07	43.75
165.4	95.16	87.33	43.75
165.6	95.12	87.41	43.76
165.8	94.77	87.11	43.76
166.0	94.29	86.64	43.76
166.2	93.76	86.09	43.76
166.4	93.25	85.52	43.77
166.6	92.88	85.04	43.77
166.8	92.65	84.67	43.77
167.0	92.56	84.41	43.77
167.2	92.62	84.3	43.77
167.4	93.04	84.53	43.78
167.6	93.8	85.11	43.78
167.8	94.63	85.76	43.78
168.0	95.42	86.39	43.78
168.2	95.95	86.76	43.78
168.4	96.11	86.77	43.79
168.6	96.09	86.65	43.79
168.8	95.93	86.43	43.79
169.0	95.63	86.15	43.79
169.2	95.2	85.85	43.79
169.4	94.7	85.55	43.8
169.6	94.16	85.26	43.8
169.8	93.62	84.99	43.8
170.0	93.2	84.9	43.8
170.2	92.82	84.86	43.81
170.4	92.49	84.84	43.81
170.6	92.2	84.82	43.81
170.8	92.03	84.76	43.81
171.0	91.96	84.64	43.81
171.2	91.85	84.48	43.82
171.4	91.64	84.26	43.82
171.6	91.16	83.92	43.82
171.8	90.23	83.4	43.82
172.0	89.24	82.86	43.82
172.2	88.29	82.36	43.82
172.4	87.53	81.94	43.83
172.6	87.09	81.67	43.84
172.8	86.88	81.58	43.85
173.0	86.9	81.71	43.86
173.2	87.34	82.29	43.87
173.4	88.25	83.43	43.88
173.6	89.23	84.63	43.9
173.8	90.15	85.76	43.91
174.0	90.63	86.37	43.92
174.2	90.63	86.44	43.94
174.4	90.45	86.27	43.95
174.6	90.16	85.93	43.97
174.8	89.89	85.54	43.98
175.0	89.65	85.12	44.0
175.2	89.38	84.65	44.01
175.4	89.09	84.16	44.03
175.6	88.79	83.72	44.04
175.8	88.49	83.33	44.05
176.0	88.17	82.97	44.07
176.2	87.84	82.66	44.08
176.4	87.42	82.38	44.1
176.6	86.91	82.13	44.11
176.8	86.47	81.99	44.12
177.0	86.18	81.99	44.13
177.2	86.13	82.18	44.15
177.4	86.71	82.81	44.16
177.6	87.47	83.55	44.17
177.8	88.32	84.36	44.19
178.0	89.18	85.15	44.2
178.2	89.85	85.72	44.22
178.4	90.42	86.2	44.23
178.6	90.88	86.58	44.24
178.8	91.22	86.84	44.26
179.0	91.3	86.95	44.27
179.2	91.23	86.93	44.29
179.4	91.04	86.8	44.3
179.6	90.74	86.56	44.32
179.8	90.36	86.18	44.33
180.0	89.9	85.71	44.34
180.2	89.39	85.18	44.36
180.4	88.83	84.61	44.37
180.6	88.23	84.01	44.39
180.8	87.59	83.38	44.4
181.0	86.98	82.81	44.41
181.2	86.45	82.36	44.43
181.4	86.05	82.06	44.44
181.6	85.96	82.19	44.45
181.8	86.03	82.53	44.47
182.0	86.24	82.99	44.48
182.2	86.56	83.54	44.49
182.4	87.03	84.17	44.5
182.6	87.63	84.83	44.52
182.8	88.21	85.43	44.53
183.0	88.71	85.9	44.54
183.2	88.96	86.08	44.55
183.4	88.85	85.82	44.56
183.6	88.6	85.44	44.57
183.8	88.28	84.99	44.58
184.0	87.94	84.59	44.59
184.2	87.7	84.48	44.6
184.4	87.47	84.4	44.62
184.6	87.25	84.3	44.63
184.8	87.05	84.16	44.64
185.0	86.87	83.73	44.65
185.2	86.71	83.22	44.66
185.4	86.57	82.72	44.67
185.6	86.47	82.27	44.68
185.8	86.3	81.96	44.69
186.0	86.13	81.82	44.7
186.2	86.08	81.83	44.71
186.4	86.19	82.04	44.72
186.6	86.7	82.58	44.73
186.8	87.68	83.51	44.74
187.0	88.79	84.54	44.74
187.2	89.9	85.58	44.75
187.4	90.84	86.46	44.75
187.6	91.43	87.03	44.75
187.8	91.88	87.47	44.75
188.0	92.21	87.79	44.74
188.2	92.44	88.0	44.74
188.4	92.57	88.08	44.73
188.6	92.64	88.09	44.72
188.8	92.65	88.02	44.72
189.0	92.65	87.9	44.71
189.2	92.69	87.75	44.7
189.4	92.7	87.57	44.7
189.6	92.66	87.38	44.69
189.8	92.57	87.18	44.68
190.0	92.2	86.94	44.67
190.2	91.82	86.73	44.67
190.4	91.48	86.58	44.66
190.6	91.24	86.52	44.65
190.8	91.34	86.63	44.65
191.0	91.69	86.89	44.64
191.2	92.18	87.26	44.63
191.4	92.76	87.73	44.63
191.6	93.45	88.39	44.62
191.8	94.19	89.21	44.62
192.0	94.92	90.02	44.62
192.2	95.6	90.75	44.63
192.4	96.1	91.2	44.63
192.6	96.4	91.32	44.64
192.8	96.6	91.32	44.64
193.0	96.72	91.23	44.65
193.2	96.8	91.12	44.66
193.4	96.85	91.05	44.66
193.6	96.86	90.96	44.67
193.8	96.85	90.84	44.68
194.0	96.81	90.71	44.68
194.2	96.74	90.53	44.69
194.4	96.68	90.37	44.69
194.6	96.64	90.23	44.7
194.8	96.64	90.13	44.71
195.0	96.88	90.23	44.71
195.2	97.13	90.35	44.72
195.4	97.31	90.45	44.72
195.6	97.38	90.5	44.73
195.8	97.09	90.33	44.74
196.0	96.61	90.04	44.74
196.2	96.03	89.72	44.75
196.4	95.39	89.38	44.75
196.6	94.58	89.03	44.76
196.8	93.82	88.74	44.76
197.0	93.23	88.54	44.77
197.2	92.91	88.5	44.77
197.4	93.53	88.93	44.78
197.6	94.45	89.51	44.78
197.8	95.46	90.13	44.79
198.0	96.41	90.69	44.79
198.2	96.76	90.93	44.8
198.4	96.89	91.02	44.8
198.6	96.84	90.95	44.81
198.8	96.63	90.73	44.81
199.0	96.26	90.21	44.82
199.2	95.78	89.59	44.82
199.4	95.23	88.91	44.83
199.6	94.66	88.24	44.83
199.8	94.07	87.68	44.84
200.0	93.52	87.22	44.84
200.2	93.05	86.86	44.85
200.4	92.72	86.65	44.85
200.6	92.71	86.73	44.86
200.8	92.95	87.05	44.86
201.0	93.32	87.46	44.87
201.2	93.78	87.92	44.87
201.4	94.3	88.39	44.88
201.6	94.86	88.81	44.88
201.8	95.37	89.16	44.88
202.0	95.78	89.4	44.88
202.2	95.96	89.38	44.88
202.4	95.88	89.09	44.87
202.6	95.63	88.67	44.87
202.8	95.23	88.17	44.86
203.0	94.67	87.64	44.85
203.2	93.91	87.15	44.84
203.4	93.09	86.67	44.84
203.6	92.26	86.22	44.83
203.8	91.48	85.82	44.82
204.0	90.88	85.48	44.81
204.2	90.43	85.23	44.8
204.4	90.13	85.09	44.79
204.6	90.02	85.07	44.79
204.8	90.26	85.26	44.78
205.0	90.86	85.69	44.77
205.2	91.53	86.19	44.76
205.4	92.18	86.73	44.75
205.6	92.61	87.25	44.75
205.8	92.65	87.7	44.74
206.0	92.56	88.08	44.73
206.2	92.37	88.34	44.72
206.4	92.13	88.41	44.71
206.6	91.89	88.17	44.71
206.8	91.6	87.82	44.7
207.0	91.27	87.41	44.69
207.2	90.9	86.99	44.68
207.4	90.43	86.81	44.67
207.6	89.95	86.66	44.66
207.8	89.48	86.51	44.66
208.0	89.05	86.36	44.65
208.2	88.7	86.03	44.64
208.4	88.45	85.62	44.63
208.6	88.31	85.29	44.62
208.8	88.3	85.1	44.61
209.0	88.54	85.27	44.61
209.2	89.08	85.96	44.62
209.4	89.71	86.77	44.64
209.6	90.37	87.64	44.66
209.8	90.98	88.43	44.68
210.0	91.41	88.96	44.7
210.2	91.75	89.38	44.72
210.4	92.01	89.66	44.74
210.6	92.15	89.8	44.76
210.8	92.12	89.68	44.78
211.0	91.99	89.45	44.8
211.2	91.81	89.12	44.82
211.4	91.58	88.72	44.85
211.6	91.43	88.36	44.87
211.8	91.25	87.97	44.89
212.0	91.03	87.56	44.91
212.2	90.76	87.12	44.93
212.4	90.37	86.62	44.95
212.6	89.88	86.08	44.97
212.8	89.35	85.56	44.99
213.0	88.81	85.1	45.01
213.2	88.26	84.72	45.03
213.4	87.7	84.54	45.05
213.6	87.19	84.47	45.07
213.8	86.79	84.51	45.09
214.0	86.53	84.64	45.11
214.2	86.59	84.91	45.12
214.4	86.91	85.29	45.13
214.6	87.35	85.74	45.14
214.8	87.87	86.23	45.14
215.0	88.42	86.76	45.14
215.2	88.95	87.32	45.15
215.4	89.44	87.83	45.15
215.6	89.86	88.26	45.15
215.8	90.15	88.49	45.15
216.0	90.24	88.43	45.15
216.2	90.2	88.25	45.15
216.4	90.05	87.98	45.15
216.6	89.77	87.68	45.15
216.8	89.32	87.41	45.15
217.0	88.8	87.14	45.16
217.2	88.25	86.88	45.16
217.4	87.7	86.63	45.16
217.6	87.13	86.32	45.16
217.8	86.65	86.06	45.16
218.0	86.32	85.93	45.16
218.2	86.2	85.99	45.16
218.4	86.61	86.51	45.16
218.6	87.44	87.4	45.16
218.8	88.39	88.41	45.17
219.0	89.37	89.47	45.17
219.2	90.12	90.45	45.17
219.4	90.63	91.29	45.17
219.6	91.03	91.96	45.17
219.8	91.34	92.41	45.17
220.0	91.55	92.36	45.17
220.2	91.68	91.9	45.17
220.4	91.73	91.25	45.18
220.6	91.69	90.49	45.18
220.8	91.55	89.76	45.18
221.0	91.32	89.16	45.18
221.2	91.03	88.58	45.18
221.4	90.71	88.05	45.18
221.6	90.34	87.58	45.18
221.8	89.86	87.13	45.18
222.0	89.45	86.8	45.18
222.2	89.18	86.63	45.19
222.4	89.1	86.65	45.19
222.6	89.64	87.2	45.19
222.8	90.46	87.98	45.19
223.0	91.37	88.83	45.2
223.2	92.28	89.66	45.2
223.4	92.92	90.2	45.21
223.6	93.37	90.55	45.22
223.8	93.73	90.78	45.22
224.0	93.99	90.9	45.23
224.2	94.11	90.88	45.24
224.4	94.14	90.76	45.25
224.6	94.13	90.57	45.25
224.8	94.12	90.35	45.26
225.0	94.24	90.17	45.27
225.2	94.43	90.02	45.28
225.4	94.61	89.85	45.28
225.6	94.76	89.67	45.29
225.8	94.76	89.42	45.3
226.0	94.61	89.1	45.3
226.2	94.42	88.79	45.31
226.4	94.22	88.51	45.32
226.6	94.02	88.29	45.33
226.8	93.83	88.16	45.33
227.0	93.72	88.12	45.34
227.2	93.75	88.2	45.35
227.4	94.01	88.44	45.35
227.6	94.71	88.94	45.36
227.8	95.54	89.55	45.37
228.0	96.44	90.25	45.38
228.2	97.35	91.02	45.39
228.4	98.15	91.9	45.4
228.6	98.86	92.7	45.41
228.8	99.44	93.35	45.42
229.0	99.81	93.65	45.43
229.2	99.87	93.42	45.44
229.4	99.77	92.99	45.45
229.6	99.55	92.45	45.46
229.8	99.27	91.95	45.47
230.0	98.96	91.61	45.48
230.2	98.58	91.27	45.5
230.4	98.15	90.94	45.51
230.6	97.64	90.61	45.52
230.8	97.06	90.25	45.53
231.0	96.44	89.89	45.54
231.2	95.82	89.53	45.54
231.4	95.22	89.18	45.55
231.6	94.55	88.68	45.56
231.8	93.96	88.22	45.57
232.0	93.52	87.9	45.58
232.2	93.26	87.77	45.59
232.4	93.52	88.2	45.6
232.6	94.13	89.01	45.61
232.8	94.84	89.92	45.62
233.0	95.57	90.83	45.63
233.2	96.08	91.47	45.64
233.4	96.38	91.85	45.65
233.6	96.58	92.11	45.66
233.8	96.69	92.23	45.67
234.0	96.72	92.2	45.68
234.2	96.68	92.04	45.69
234.4	96.57	91.79	45.7
234.6	96.38	91.48	45.71
234.8	96.08	91.1	45.72
235.0	95.7	90.71	45.73
235.2	95.3	90.31	45.74
235.4	94.92	89.96	45.75
235.6	94.58	89.66	45.76
235.8	94.31	89.46	45.77
236.0	94.14	89.38	45.78
236.2	94.11	89.45	45.79
236.4	94.32	89.78	45.8
236.6	94.95	90.57	45.81
236.8	95.64	91.41	45.81
237.0	96.32	92.17	45.82
237.2	96.82	92.63	45.82
237.4	96.91	92.42	45.82
237.6	96.87	92.03	45.82
237.8	96.73	91.56	45.82
238.0	96.55	91.17	45.82
238.2	96.41	91.17	45.82
238.4	96.25	91.19	45.82
238.6	96.04	91.22	45.81
238.8	95.78	91.19	45.81
239.0	95.41	90.8	45.81
239.2	95.0	90.35	45.81
239.4	94.58	89.89	45.81
239.6	94.16	89.46	45.81
239.8	93.72	89.16	45.81
240.0	93.31	89.0	45.81
240.2	92.98	88.96	45.81
240.4	92.79	89.05	45.8
240.6	92.89	89.4	45.8
240.8	93.35	90.04	45.8
241.0	93.87	90.72	45.8
241.2	94.38	91.37	45.8
241.4	94.69	91.83	45.8
241.6	94.63	91.94	45.8
241.8	94.45	91.9	45.8
242.0	94.18	91.72	45.8
242.2	93.83	91.41	45.79
242.4	93.48	90.93	45.79
242.6	93.09	90.38	45.79
242.8	92.68	89.82	45.79
243.0	92.24	89.26	45.79
243.2	91.82	88.91	45.79
243.4	91.4	88.63	45.79
243.6	90.98	88.39	45.79
243.8	90.57	88.19	45.79
244.0	90.14	87.98	45.78
244.2	89.72	87.75	45.78
244.4	89.31	87.55	45.78
244.6	88.93	87.39	45.78
244.8	88.58	87.29	45.78
245.0	88.2	87.2	45.78
245.2	87.89	87.18	45.78
245.4	87.7	87.3	45.78
245.6	87.7	87.58	45.78
245.8	88.1	88.22	45.78
246.0	88.91	89.23	45.77
246.2	89.82	90.31	45.77
246.4	90.74	91.36	45.77
246.6	91.46	92.19	45.77
246.8	91.83	92.65	45.77
247.0	92.08	92.96	45.77
247.2	92.22	93.15	45.78
247.4	92.28	93.25	45.78
247.6	92.29	93.31	45.78
247.8	92.24	93.28	45.78
248.0	92.12	93.16	45.78
248.2	91.94	92.93	45.78
248.4	91.66	92.51	45.78
248.6	91.34	92.05	45.78
248.8	91.02	91.57	45.78
249.0	90.71	91.11	45.78
249.2	90.42	90.77	45.79
249.4	90.2	90.52	45.79
249.6	90.05	90.39	45.79
249.8	90.02	90.37	45.79
250.0	90.22	90.61	45.79
250.2	90.76	91.17	45.79
250.4	91.34	91.77	45.79
250.6	91.9	92.33	45.79
250.8	92.34	92.76	45.79
251.0	92.28	92.66	45.79
251.2	92.09	92.39	45.79
251.4	91.79	91.99	45.8
251.6	91.43	91.5	45.8
251.8	91.15	90.98	45.8
252.0	90.9	90.45	45.8
252.2	90.62	89.89	45.8
252.4	90.3	89.33	45.8
252.6	89.93	88.77	45.8
252.8	89.39	88.25	45.8
253.0	88.82	87.77	45.8
253.2	88.24	87.35	45.8
253.4	87.69	87.0	45.8
253.6	87.19	86.74	45.81
253.8	86.75	86.59	45.81
254.0	86.42	86.55	45.81
254.2	86.22	86.65	45.81
254.4	86.17	86.9	45.81
254.6	86.51	87.49	45.81
254.8	87.12	88.3	45.81
255.0	87.78	89.15	45.81
255.2	88.43	89.98	45.81
255.4	88.88	90.64	45.81
255.6	89.02	91.02	45.81
255.8	89.04	91.27	45.81
256.0	88.97	91.39	45.81
256.2	88.83	91.39	45.81
256.4	88.67	91.22	45.8
256.6	88.47	90.97	45.8
256.8	88.24	90.68	45.8
257.0	87.99	90.38	45.8
257.2	87.7	90.15	45.8
257.4	87.42	89.98	45.8
257.6	87.18	89.86	45.79
257.8	87.0	89.82	45.79
258.0	86.98	89.91	45.79
258.2	87.15	90.16	45.79
258.4	87.39	90.48	45.79
258.6	87.69	90.86	45.79
258.8	88.01	91.28	45.78
259.0	88.36	91.78	45.78
259.2	88.68	92.26	45.78
259.4	88.95	92.68	45.78
259.6	89.13	92.98	45.78
259.8	89.12	92.97	45.78
260.0	88.99	92.79	45.78
260.2	88.75	92.5	45.77
260.4	88.41	92.11	45.77
260.6	87.93	91.61	45.77
260.8	87.34	91.04	45.77
261.0	86.72	90.46	45.77
261.2	86.1	89.9	45.77
261.4	85.52	89.4	45.76
261.6	85.03	89.05	45.76
261.8	84.63	88.81	45.76
262.0	84.37	88.68	45.76
262.2	84.25	88.69	45.76
262.4	84.5	88.93	45.76
262.6	84.95	89.34	45.76
262.8	85.51	89.86	45.77
263.0	86.13	90.49	45.77
263.2	86.72	91.27	45.78
263.4	87.26	92.17	45.79
263.6	87.75	93.03	45.79
263.8	88.18	93.75	45.8
264.0	88.49	94.12	45.81
264.2	88.66	94.03	45.82
264.4	88.75	93.76	45.83
264.6	88.77	93.37	45.83
264.8	88.73	92.93	45.84
265.0	88.67	92.56	45.85
265.2	88.55	92.18	45.86
265.4	88.38	91.82	45.87
265.6	88.16	91.48	45.87
265.8	87.76	91.22	45.88
266.0	87.35	91.01	45.89
266.2	86.96	90.86	45.9
266.4	86.64	90.79	45.9
266.6	86.51	90.82	45.83
266.8	86.55	90.94	45.75
267.0	86.69	91.15	45.74
267.2	86.94	91.44	45.84
267.4	87.37	91.91	46.21
267.6	87.93	92.51	46.83
267.8	88.48	93.11	46.69
268.0	88.96	93.65	46.56
268.2	89.18	93.97	46.42
268.4	89.12	94.06	46.28
268.6	88.95	94.01	46.15
268.8	88.68	93.84	46.01
269.0	88.38	93.54	45.88
269.2	88.08	93.11	45.74
269.4	87.73	92.61	45.6
269.6	87.33	92.04	45.47
269.8	86.87	91.42	45.33
270.0	86.31	90.75	45.2
270.2	85.73	90.1	45.06
270.4	85.14	89.49	44.92
270.6	84.58	88.96	44.79
270.8	84.01	88.59	44.65
271.0	83.5	88.36	44.51
271.2	83.11	88.27	44.38
271.4	82.89	88.33	44.24
271.6	83.03	88.67	44.11
271.8	83.56	89.3	43.97
272.0	84.2	90.0	43.83
272.2	84.88	90.7	43.7
272.4	85.45	91.26	43.56
272.6	85.76	91.53	43.42
272.8	86.0	91.71	43.29
273.0	86.21	91.82	43.15
273.2	86.4	91.88	43.02
273.4	86.61	91.92	42.88
273.6	86.82	91.95	42.74
273.8	87.04	91.99	42.61
274.0	87.27	92.06	42.47
274.2	87.52	92.29	42.34
274.4	87.78	92.53	42.2
274.6	88.05	92.74	42.06
274.8	88.32	92.89	41.93
275.0	88.53	92.72	41.79
275.2	88.76	92.51	41.65
275.4	89.06	92.33	41.52
275.6	89.46	92.25	41.38
275.8	90.16	92.63	41.25
276.0	90.99	93.19	41.11
276.2	91.86	93.79	40.97
276.4	92.72	94.36	40.84
276.6	93.45	94.71	40.7
276.8	94.08	94.9	40.57
277.0	94.59	94.94	40.43
277.2	94.93	94.82	40.29
277.4	94.95	94.41	40.16
277.6	94.79	93.83	40.02
277.8	94.51	93.15	39.88
278.0	94.18	92.41	39.75
278.2	93.88	91.67	39.61
278.4	93.61	90.95	39.48
278.6	93.35	90.27	39.34
278.8	93.11	89.67	39.2
279.0	92.96	89.3	39.07
279.2	92.9	89.16	38.93
279.4	92.86	89.1	38.79
279.6	92.84	89.07	38.66
279.8	92.83	89.04	38.52
280.0	92.82	88.79	38.39
280.2	92.78	88.54	38.25
280.4	92.71	88.31	38.11
280.6	92.6	88.15	37.98
280.8	92.32	88.18	37.84
281.0	91.98	88.31	37.71
281.2	91.65	88.48	37.57
281.4	91.36	88.67	37.43
281.6	91.04	88.7	37.3
281.8	90.83	88.72	37.16
282.0	90.87	88.81	37.02
282.2	91.24	89.03	36.89
282.4	92.6	89.68	36.77
282.6	94.25	90.46	36.73
282.8	95.95	91.28	36.73
283.0	97.38	92.03	36.74
283.2	98.21	92.61	36.7
283.4	98.82	93.08	36.66
283.6	99.26	93.45	36.63
283.8	99.57	93.7	36.59
284.0	99.79	93.81	36.55
284.2	99.95	93.76	36.51
284.4	100.1	93.53	36.48
284.6	100.48	93.04	36.44
284.8	100.8	92.35	36.4
285.0	100.98	91.48	36.36
285.2	100.85	90.38	36.33
285.4	100.25	89.01	36.29
285.6	99.48	87.59	36.25
285.8	98.62	86.25	36.21
286.0	97.88	85.31	36.18
286.2	97.23	84.69	36.14
286.4	96.6	84.2	36.1
286.6	96.0	83.75	36.06
286.8	95.29	83.08	36.03
287.0	94.55	82.27	35.99
287.2	93.93	81.52	35.95
287.4	93.49	80.92	35.91
287.6	93.44	80.67	35.88
287.8	93.94	80.91	35.84
