0.2	99.05	83.1	5.31
0.4	98.82	81.67	5.43
0.6	98.5	80.5	5.54
0.8	98.1	79.58	5.66
1.0	97.66	78.9	5.77
1.2	97.17	78.43	5.87
1.4	96.68	78.16	5.97
1.6	96.2	78.08	6.06
1.8	95.74	78.17	6.15
2.0	95.34	78.42	6.22
2.2	95.0	78.8	6.28
2.4	94.75	79.3	6.34
2.6	94.72	80.02	6.37
2.8	95.02	81.04	6.38
3.0	95.35	82.0	6.38
3.2	95.66	82.83	6.38
3.4	95.9	83.43	6.37
3.6	95.87	83.41	6.36
3.8	95.51	82.62	6.36
4.0	95.06	81.66	6.35
4.2	94.56	80.64	6.35
4.4	94.05	79.71	6.35
4.6	93.68	79.67	6.34
4.8	93.39	80.06	6.34
5.0	93.18	80.67	6.33
5.2	93.05	81.43	6.33
5.4	93.01	82.29	6.33
5.6	93.09	83.19	6.32
5.8	93.56	84.21	6.32
6.0	94.21	85.18	6.31
6.2	94.82	85.92	6.31
6.4	95.29	86.34	6.31
6.6	95.56	86.34	6.3
6.8	95.14	85.11	6.3
7.0	94.42	83.4	6.3
7.2	93.58	81.48	6.31
7.4	92.67	79.54	6.31
7.6	92.02	78.24	6.31
7.8	91.59	77.56	6.31
8.0	91.24	77.16	6.31
8.2	90.98	77.03	6.31
8.4	90.79	77.16	6.31
8.6	90.67	77.52	6.31
8.8	90.6	78.1	6.31
9.0	90.51	79.22	6.31
9.2	90.48	80.44	6.31
9.4	90.52	81.66	6.31
9.6	90.63	82.8	6.31
9.8	90.82	83.79	6.31
10.0	91.22	84.29	6.31
10.2	91.78	84.33	6.31
10.4	92.31	84.19	6.31
10.6	92.76	83.92	6.31
10.8	93.02	83.56	6.3
11.0	92.77	83.16	6.3
11.2	92.37	82.73	6.3
11.4	91.88	82.33	6.29
11.6	91.34	81.97	6.29
11.8	90.85	81.76	6.29
12.0	90.54	81.82	6.28
12.2	90.3	81.99	6.28
12.4	90.15	82.27	6.28
12.6	90.12	82.63	6.27
12.8	90.21	83.08	6.27
13.0	90.62	83.73	6.27
13.2	91.29	84.52	6.27
13.4	91.98	85.24	6.27
13.6	92.61	85.81	6.27
13.8	93.12	86.15	6.28
14.0	93.14	85.62	6.28
14.2	93.0	84.89	6.28
14.4	92.73	84.05	6.28
14.6	92.37	83.21	6.29
14.8	91.91	82.59	6.29
15.0	91.35	82.37	6.29
15.2	90.83	82.33	6.3
15.4	90.38	82.47	6.3
15.6	90.08	82.8	6.3
15.8	90.05	83.38	6.3
16.0	90.54	84.43	6.3
16.2	91.21	85.54	6.3
16.4	92.01	86.62	6.3
16.6	92.9	87.56	6.29
16.8	93.86	87.98	6.28
17.0	94.83	88.09	6.26
17.2	95.75	88.03	6.24
17.4	96.55	87.86	6.22
17.6	97.15	87.77	6.2
17.8	97.51	87.7	6.18
18.0	97.67	87.49	6.16
18.2	97.6	87.08	6.14
18.4	97.09	86.08	6.12
18.6	96.27	84.69	6.1
18.8	95.32	83.23	6.08
19.0	94.35	81.84	6.06
19.2	93.57	80.99	6.04
19.4	93.11	80.92	6.03
19.6	92.76	81.0	6.01
19.8	92.52	81.1	5.99
20.0	92.36	81.1	5.97
20.2	92.36	80.52	5.95
20.4	92.45	79.53	5.93
20.6	92.51	78.39	5.9
20.8	92.49	77.12	5.88
21.0	92.15	75.75	5.86
21.2	91.45	74.32	5.83
21.4	90.63	72.94	5.8
21.6	89.74	71.67	5.78
21.8	88.82	70.59	5.75
22.0	87.97	69.95	5.72
22.2	87.28	70.05	5.69
22.4	86.69	70.38	5.67
22.6	86.22	70.88	5.64
22.8	85.89	71.48	5.61
23.0	85.74	72.13	5.59
23.2	86.06	72.63	5.56
23.4	86.61	73.04	5.54
23.6	87.2	73.39	5.52
23.8	87.77	73.64	5.5
24.0	88.14	73.7	5.48
24.2	88.13	73.45	5.47
24.4	88.0	73.12	5.45
24.6	87.78	72.78	5.44
24.8	87.51	72.48	5.43
25.0	87.21	72.5	5.42
25.2	86.9	72.74	5.41
25.4	86.65	73.04	5.39
25.6	86.49	73.36	5.38
25.8	86.47	73.66	5.37
26.0	86.89	73.89	5.36
26.2	87.53	74.01	5.34
26.4	88.2	74.0	5.33
26.6	88.85	73.83	5.32
26.8	89.25	73.31	5.31
27.0	89.25	72.3	5.3
27.2	89.12	71.18	5.3
27.4	88.9	70.02	5.29
27.6	88.62	68.91	5.29
27.8	88.32	68.17	5.28
28.0	88.06	68.06	5.27
28.2	87.82	68.11	5.27
28.4	87.65	68.29	5.26
28.6	87.56	68.54	5.25
28.8	87.58	68.83	5.25
29.0	87.95	69.08	5.25
29.2	88.54	69.25	5.25
29.4	89.16	69.35	5.26
29.6	89.77	69.34	5.27
29.8	90.32	69.19	5.28
30.0	90.45	68.52	5.28
30.2	90.48	67.71	5.29
30.4	90.44	66.83	5.3
30.6	90.34	65.94	5.31
30.8	90.22	65.09	5.32
31.0	90.09	64.65	5.32
31.2	90.0	64.36	5.33
31.4	89.96	64.16	5.34
31.6	90.0	64.02	5.34
31.8	90.16	63.93	5.35
32.0	90.66	63.98	5.35
32.2	91.47	64.12	5.35
32.4	92.28	64.15	5.35
32.6	93.01	64.0	5.35
32.8	93.58	63.59	5.35
33.0	93.44	62.21	5.35
33.2	93.06	60.52	5.34
33.4	92.52	58.69	5.34
33.6	91.88	56.85	5.33
33.8	91.21	55.12	5.33
34.0	90.82	54.34	5.32
34.2	90.48	53.82	5.32
34.4	90.19	53.52	5.32
34.6	89.94	53.42	5.31
34.8	89.75	53.49	5.31
35.0	89.62	53.71	5.3
35.2	89.59	54.04	5.3
35.4	89.65	54.46	5.29
35.6	89.73	54.95	5.29
35.8	89.84	55.49	5.29
36.0	89.96	56.04	5.28
36.2	89.99	56.49	5.28
36.4	89.91	56.83	5.27
36.6	89.86	57.16	5.27
36.8	89.86	57.49	5.27
37.0	89.94	57.82	5.26
37.2	90.11	58.18	5.26
37.4	90.64	58.74	5.26
37.6	91.37	59.37	5.25
37.8	92.12	59.94	5.25
38.0	92.84	60.38	5.25
38.2	93.47	60.65	5.24
38.4	93.66	60.28	5.24
38.6	93.69	59.68	5.24
38.8	93.62	58.97	5.23
39.0	93.49	58.21	5.23
39.2	93.31	57.47	5.23
39.4	93.16	57.09	5.22
39.6	93.05	56.92	5.22
39.8	92.96	56.85	5.21
40.0	92.94	56.88	5.21
40.2	92.99	56.99	5.21
40.4	93.16	57.18	5.21
40.6	93.72	57.53	5.21
40.8	94.33	57.9	5.22
41.0	94.92	58.26	5.23
41.2	95.45	58.58	5.24
41.4	95.79	58.75	5.24
41.6	95.66	58.58	5.25
41.8	95.41	58.32	5.26
42.0	95.08	58.03	5.27
42.2	94.72	57.74	5.28
42.4	94.35	57.48	5.28
42.6	94.19	57.57	5.29
42.8	94.12	57.76	5.3
43.0	94.09	57.96	5.3
43.2	94.09	58.13	5.31
43.4	94.13	58.25	5.31
43.6	94.23	58.13	5.31
43.8	94.36	57.82	5.31
44.0	94.5	57.45	5.31
44.2	94.61	57.05	5.3
44.4	94.7	56.63	5.3
44.6	94.55	56.24	5.29
44.8	94.31	55.9	5.28
45.0	94.06	55.6	5.27
45.2	93.82	55.38	5.27
45.4	93.63	55.26	5.26
45.6	93.51	55.25	5.26
45.8	93.64	55.61	5.26
46.0	93.89	56.09	5.26
46.2	94.22	56.63	5.27
46.4	94.63	57.17	5.28
46.6	95.11	57.7	5.3
46.8	95.75	58.06	5.32
47.0	96.43	58.35	5.35
47.2	97.1	58.57	5.39
47.4	97.72	58.72	5.42
47.6	98.12	58.77	5.45
47.8	98.3	58.74	5.48
48.0	98.4	58.63	5.51
48.2	98.45	58.43	5.53
48.4	98.46	58.15	5.56
48.6	98.51	57.76	5.58
48.8	98.67	57.23	5.6
49.0	98.84	56.64	5.62
49.2	98.99	56.03	5.65
49.4	99.13	55.43	5.67
49.6	99.24	54.85	5.69
49.8	99.29	54.38	5.72
50.0	99.31	53.96	5.74
50.2	99.3	53.6	5.77
50.4	99.25	53.32	5.79
50.6	99.17	53.13	5.82
50.8	99.03	53.21	5.84
51.0	98.86	53.36	5.86
51.2	98.67	53.55	5.87
51.4	98.45	53.75	5.89
51.6	98.23	53.95	5.9
51.8	97.99	54.1	5.91
52.0	97.75	53.94	5.92
52.2	97.5	53.75	5.93
52.4	97.26	53.55	5.94
52.6	97.03	53.38	5.95
52.8	96.8	53.27	5.95
53.0	96.61	53.36	5.96
53.2	96.43	53.53	5.96
53.4	96.26	53.77	5.96
53.6	96.09	54.08	5.97
53.8	95.92	54.45	5.97
54.0	95.7	54.89	5.97
54.2	95.45	55.39	5.98
54.4	95.22	55.93	5.98
54.6	95.02	56.5	5.98
54.8	94.86	57.08	5.98
55.0	94.75	57.67	5.99
55.2	94.88	58.37	6.0
55.4	95.05	59.02	6.01
55.6	95.21	59.58	6.01
55.8	95.33	60.0	6.03
56.0	95.28	60.14	6.04
56.2	94.79	59.74	6.05
56.4	94.27	59.18	6.06
56.6	93.81	58.5	6.07
56.8	93.47	57.78	6.08
57.0	93.35	57.07	6.09
57.2	94.23	56.53	6.1
57.4	95.54	56.12	6.11
57.6	97.08	55.87	6.12
57.8	98.79	55.81	6.12
58.0	100.59	55.99	6.13
58.2	102.41	56.44	6.13
58.4	104.25	57.45	6.14
58.6	106.07	59.36	6.14
58.8	107.66	61.27	6.15
59.0	108.9	63.03	6.15
59.2	109.71	64.48	6.16
59.4	109.17	64.15	6.16
59.6	107.87	62.98	6.17
59.8	106.09	61.5	6.17
60.0	103.97	59.91	6.18
60.2	101.62	58.42	6.18
60.4	99.15	57.23	6.18
60.6	96.87	57.84	6.19
60.8	94.69	59.08	6.19
61.0	92.64	60.56	6.2
61.2	90.81	62.15	6.2
61.4	89.25	63.72	6.21
61.6	88.59	64.64	6.21
61.8	88.46	65.2	6.21
62.0	88.59	65.61	6.21
62.2	88.92	65.91	6.21
62.4	89.36	66.11	6.21
62.6	89.84	66.24	6.21
62.8	89.95	66.39	6.21
63.0	90.02	66.52	6.21
63.2	90.08	66.62	6.21
63.4	90.12	66.7	6.2
63.6	90.15	66.77	6.2
63.8	90.12	66.81	6.2
64.0	90.09	66.86	6.2
64.2	90.07	66.96	6.2
64.4	90.07	67.11	6.19
64.6	90.1	67.34	6.19
64.8	90.18	67.69	6.19
65.0	90.33	68.44	6.19
65.2	90.54	69.25	6.18
65.4	90.81	70.1	6.18
65.6	91.15	70.93	6.18
65.8	91.57	71.73	6.18
66.0	92.11	72.29	6.18
66.2	92.79	72.58	6.18
66.4	93.51	72.86	6.17
66.6	94.25	73.16	6.17
66.8	94.99	73.54	6.17
67.0	95.64	74.44	6.17
67.2	96.24	75.58	6.17
67.4	96.79	76.71	6.17
67.6	97.29	77.74	6.17
67.8	97.73	78.6	6.17
68.0	98.12	78.91	6.17
68.2	98.44	78.57	6.17
68.4	98.68	77.97	6.17
68.6	98.84	77.19	6.17
68.8	98.91	76.26	6.17
69.0	98.87	75.28	6.17
69.2	98.68	74.36	6.18
69.4	98.4	73.39	6.19
69.6	98.06	72.36	6.2
69.8	97.65	71.29	6.21
70.0	97.19	70.08	6.22
70.2	96.69	68.78	6.23
70.4	96.16	67.52	6.24
70.6	95.59	66.34	6.25
70.8	95.0	65.29	6.26
71.0	94.38	64.63	6.27
71.2	93.71	64.54	6.28
71.4	93.05	64.66	6.29
71.6	92.4	64.95	6.29
71.8	91.79	65.37	6.3
72.0	91.21	65.89	6.31
72.2	90.7	66.46	6.31
72.4	90.28	66.98	6.31
72.6	89.98	67.38	6.32
72.8	89.75	67.78	6.32
73.0	89.61	68.15	6.32
73.2	89.56	68.5	6.32
73.4	89.6	68.8	6.32
73.6	89.85	68.94	6.32
73.8	90.2	69.03	6.32
74.0	90.56	69.11	6.32
74.2	90.89	69.22	6.32
74.4	91.12	69.42	6.32
74.6	91.06	69.87	6.32
74.8	90.91	70.35	6.31
75.0	90.72	70.84	6.31
75.2	90.51	71.3	6.31
75.4	90.3	71.64	6.31
75.6	90.11	71.44	6.3
75.8	89.97	71.25	6.3
76.0	89.92	71.15	6.3
76.2	89.97	71.23	6.3
76.4	90.18	71.65	6.3
76.6	90.85	73.31	6.3
76.8	91.59	75.05	6.3
77.0	92.33	76.7	6.31
77.2	92.98	78.05	6.31
77.4	93.29	78.2	6.32
77.6	93.27	77.33	6.33
77.8	93.11	76.1	6.33
78.0	92.84	74.67	6.34
78.2	92.49	73.2	6.34
78.4	92.15	72.62	6.35
78.6	91.79	72.41	6.35
78.8	91.41	72.4	6.36
79.0	91.04	72.56	6.36
79.2	90.68	72.85	6.37
79.4	90.36	73.27	6.37
79.6	90.11	73.78	6.37
79.8	89.94	74.36	6.38
80.0	89.84	74.97	6.38
80.2	89.81	75.59	6.38
80.4	89.86	76.19	6.38
80.6	90.0	76.73	6.38
80.8	90.35	77.18	6.38
81.0	90.86	77.51	6.38
81.2	91.36	77.71	6.38
81.4	91.83	77.78	6.38
81.6	92.19	77.67	6.38
81.8	92.15	77.11	6.38
82.0	92.0	76.41	6.38
82.2	91.74	75.63	6.37
82.4	91.43	74.82	6.37
82.6	91.08	74.03	6.37
82.8	90.79	73.59	6.37
83.0	90.51	73.26	6.37
83.2	90.26	73.04	6.37
83.4	90.04	72.94	6.37
83.6	89.87	72.96	6.36
83.8	89.75	73.1	6.36
84.0	89.81	73.64	6.36
84.2	89.98	74.39	6.36
84.4	90.2	75.14	6.36
84.6	90.45	75.84	6.36
84.8	90.73	76.41	6.36
85.0	91.03	76.75	6.36
85.2	91.3	76.44	6.36
85.4	91.57	75.96	6.36
85.6	91.83	75.35	6.37
85.8	92.05	74.67	6.37
86.0	92.21	73.98	6.37
86.2	92.21	73.43	6.37
86.4	92.18	72.92	6.37
86.6	92.11	72.46	6.37
86.8	92.04	72.06	6.38
87.0	91.97	71.75	6.38
87.2	91.91	71.53	6.38
87.4	91.97	71.69	6.38
87.6	92.09	72.02	6.38
87.8	92.24	72.4	6.38
88.0	92.41	72.77	6.38
88.2	92.6	73.12	6.38
88.4	92.81	73.38	6.38
88.6	93.07	73.33	6.38
88.8	93.35	73.06	6.38
89.0	93.62	72.73	6.38
89.2	93.84	72.37	6.37
89.4	94.01	72.0	6.37
89.6	93.96	71.68	6.37
89.8	93.76	71.44	6.37
90.0	93.51	71.24	6.36
90.2	93.23	71.12	6.36
90.4	92.96	71.09	6.36
90.6	92.72	71.15	6.35
90.8	92.63	71.49	6.35
91.0	92.73	72.1	6.35
91.2	92.88	72.77	6.34
91.4	93.07	73.48	6.34
91.6	93.29	74.17	6.34
91.8	93.53	74.81	6.33
92.0	93.79	75.28	6.33
92.2	94.06	75.5	6.33
92.4	94.32	75.63	6.33
92.6	94.53	75.69	6.33
92.8	94.69	75.69	6.32
93.0	94.7	75.62	6.32
93.2	94.5	75.46	6.32
93.4	94.23	75.29	6.32
93.6	93.91	75.12	6.32
93.8	93.57	74.97	6.31
94.0	93.24	74.88	6.31
94.2	92.95	74.9	6.31
94.4	92.89	75.36	6.31
94.6	92.86	75.85	6.31
94.8	92.86	76.34	6.3
95.0	92.86	76.8	6.3
95.2	92.86	77.18	6.3
95.4	92.85	77.35	6.3
95.6	92.8	77.09	6.3
95.8	92.72	76.77	6.3
96.0	92.62	76.42	6.3
96.2	92.5	76.09	6.3
96.4	92.32	75.97	6.3
96.6	92.06	76.21	6.3
96.8	91.77	76.54	6.3
97.0	91.47	76.92	6.3
97.2	91.16	77.32	6.3
97.4	90.86	77.7	6.3
97.6	90.57	78.04	6.3
97.8	90.39	78.09	6.3
98.0	90.22	78.06	6.3
98.2	90.07	77.98	6.3
98.4	89.93	77.83	6.3
98.6	89.79	77.63	6.3
98.8	89.64	77.28	6.3
99.0	89.47	76.79	6.3
99.2	89.31	76.32	6.29
99.4	89.14	75.91	6.29
99.6	88.97	75.59	6.29
99.8	88.8	75.41	6.29
100.0	88.52	75.71	6.29
100.2	88.21	76.35	6.29
100.4	87.93	77.14	6.29
100.6	87.72	78.02	6.28
100.8	87.61	78.97	6.28
101.0	87.62	79.95	6.28
101.2	88.01	80.98	6.29
101.4	88.66	81.97	6.29
101.6	89.34	82.84	6.29
101.8	89.98	83.52	6.29
102.0	90.51	83.97	6.3
102.2	90.56	83.61	6.3
102.4	90.43	82.98	6.31
102.6	90.21	82.23	6.31
102.8	89.95	81.47	6.31
103.0	89.7	80.88	6.32
103.2	89.59	81.04	6.32
103.4	89.55	81.4	6.32
103.6	89.58	81.92	6.32
103.8	89.73	82.59	6.33
104.0	89.99	83.37	6.33
104.2	90.43	84.24	6.33
104.4	91.41	85.47	6.33
104.6	92.42	86.6	6.34
104.8	93.39	87.53	6.34
105.0	94.24	88.14	6.34
105.2	94.69	88.0	6.35
105.4	94.68	86.98	6.35
105.6	94.5	85.7	6.36
105.8	94.2	84.26	6.36
106.0	93.84	82.81	6.37
106.2	93.77	82.48	6.37
106.4	93.73	82.38	6.37
106.6	93.71	82.44	6.38
106.8	93.72	82.62	6.38
107.0	93.75	82.86	6.38
107.2	93.8	83.11	6.38
107.4	93.87	83.32	6.39
107.6	93.94	83.06	6.39
107.8	94.02	82.73	6.39
108.0	94.11	82.34	6.39
108.2	94.2	81.88	6.39
108.4	94.3	81.36	6.39
108.6	94.4	80.78	6.39
108.8	94.54	80.05	6.38
109.0	94.67	79.3	6.38
109.2	94.78	78.56	6.38
109.4	94.85	77.84	6.37
109.6	94.87	77.17	6.37
109.8	94.78	76.63	6.36
110.0	94.46	76.31	6.36
110.2	94.1	76.09	6.35
110.4	93.73	75.96	6.35
110.6	93.37	75.91	6.35
110.8	93.03	75.93	6.34
111.0	92.76	76.02	6.34
111.2	92.75	76.24	6.33
111.4	92.91	76.54	6.33
111.6	93.12	76.86	6.33
111.8	93.37	77.19	6.32
112.0	93.64	77.49	6.32
112.2	93.9	77.76	6.31
112.4	94.06	77.79	6.31
112.6	94.17	77.71	6.31
112.8	94.28	77.64	6.3
113.0	94.41	77.62	6.3
113.2	94.57	77.69	6.29
113.4	94.89	78.36	6.29
113.6	95.29	79.27	6.28
113.8	95.71	80.22	6.28
114.0	96.12	81.1	6.27
114.2	96.5	81.85	6.27
114.4	96.84	82.37	6.27
114.6	96.98	81.95	6.27
114.8	97.02	81.03	6.27
115.0	97.04	80.1	6.28
115.2	97.07	79.29	6.28
115.4	97.16	78.83	6.29
115.6	97.57	79.8	6.29
115.8	97.96	80.89	6.3
116.0	98.27	81.88	6.31
116.2	98.43	82.55	6.32
116.4	98.12	81.81	6.33
116.6	97.47	80.05	6.35
116.8	96.66	77.95	6.36
117.0	95.74	75.67	6.37
117.2	94.78	73.45	6.39
117.4	94.05	72.54	6.4
117.6	93.36	71.93	6.41
117.8	92.7	71.6	6.41
118.0	92.09	71.5	6.42
118.2	91.54	71.61	6.43
118.4	91.04	71.89	6.43
118.6	90.62	72.32	6.44
118.8	90.35	72.98	6.44
119.0	90.14	73.68	6.44
119.2	89.96	74.34	6.44
119.4	89.81	74.93	6.44
119.6	89.67	75.37	6.44
119.8	89.53	75.4	6.44
120.0	89.38	74.85	6.44
120.2	89.21	74.21	6.44
120.4	89.02	73.56	6.43
120.6	88.82	72.97	6.43
120.8	88.49	72.8	6.43
121.0	88.07	73.07	6.43
121.2	87.63	73.51	6.42
121.4	87.21	74.1	6.42
121.6	86.84	74.8	6.42
121.8	86.54	75.6	6.41
122.0	86.3	76.39	6.41
122.2	86.18	77.18	6.41
122.4	86.22	78.02	6.41
122.6	86.46	78.89	6.4
122.8	86.93	79.79	6.4
123.0	87.98	80.8	6.4
123.2	89.42	81.84	6.4
123.4	90.89	82.8	6.39
123.6	92.26	83.63	6.39
123.8	93.16	84.16	6.39
124.0	93.48	84.32	6.39
124.2	93.57	84.33	6.38
124.4	93.5	84.23	6.38
124.6	93.32	84.07	6.38
124.8	93.15	83.85	6.38
125.0	92.98	83.66	6.38
125.2	92.85	83.55	6.38
125.4	92.82	83.57	6.37
125.6	92.93	83.78	6.37
125.8	93.65	84.88	6.37
126.0	94.54	86.18	6.37
126.2	95.41	87.38	6.37
126.4	96.18	88.32	6.36
126.6	96.57	88.46	6.36
126.8	96.32	87.31	6.36
127.0	95.88	85.83	6.36
127.2	95.31	84.2	6.36
127.4	94.67	82.56	6.35
127.6	94.18	81.9	6.35
127.8	93.89	82.2	6.35
128.0	93.66	82.77	6.35
128.2	93.5	83.5	6.35
128.4	93.42	84.28	6.35
128.6	93.42	85.02	6.34
128.8	93.5	85.61	6.34
129.0	93.88	85.23	6.34
129.2	94.29	84.74	6.34
129.4	94.7	84.18	6.33
129.6	95.07	83.61	6.33
129.8	95.32	83.1	6.32
130.0	95.19	82.84	6.32
130.2	94.98	82.68	6.31
130.4	94.72	82.62	6.31
130.6	94.45	82.69	6.3
130.8	94.21	82.88	6.3
131.0	94.17	83.49	6.29
131.2	94.3	84.36	6.28
131.4	94.45	85.18	6.28
131.6	94.63	85.87	6.27
131.8	94.8	86.31	6.27
132.0	94.92	85.93	6.27
132.2	95.0	85.01	6.27
132.4	95.05	83.92	6.28
132.6	95.06	82.77	6.28
132.8	94.99	81.78	6.29
133.0	94.77	81.4	6.29
133.2	94.52	81.2	6.3
133.4	94.24	81.14	6.3
133.6	93.97	81.21	6.3
133.8	93.73	81.39	6.31
134.0	93.59	81.7	6.31
134.2	93.67	82.19	6.31
134.4	93.78	82.68	6.31
134.6	93.91	83.1	6.31
134.8	94.04	83.4	6.31
135.0	94.14	83.52	6.31
135.2	93.93	83.03	6.32
135.4	93.64	82.23	6.32
135.6	93.45	81.31	6.32
135.8	93.45	80.35	6.32
136.0	93.74	79.41	6.32
136.2	95.54	78.87	6.32
136.4	97.64	78.44	6.32
136.6	99.85	78.12	6.32
136.8	102.02	77.91	6.32
137.0	103.96	77.79	6.32
137.2	105.52	77.77	6.32
137.4	105.31	77.88	6.32
137.6	104.15	78.09	6.33
137.8	102.61	78.37	6.33
138.0	100.81	78.72	6.33
138.2	98.86	79.12	6.34
138.4	96.87	79.56	6.34
138.6	95.11	80.12	6.35
138.8	93.49	80.69	6.35
139.0	92.05	81.22	6.36
139.2	90.87	81.67	6.37
139.4	90.27	81.88	6.37
139.6	90.47	81.74	6.38
139.8	90.98	81.49	6.38
140.0	91.72	81.18	6.39
140.2	92.59	80.84	6.39
140.4	93.5	80.53	6.39
140.6	94.18	80.34	6.4
140.8	94.22	80.44	6.4
141.0	94.18	80.63	6.41
141.2	94.09	80.92	6.41
141.4	93.97	81.3	6.42
141.6	93.86	81.78	6.42
141.8	93.81	82.41	6.43
142.0	94.02	83.56	6.43
142.2	94.26	84.7	6.43
142.4	94.53	85.74	6.43
142.6	94.8	86.59	6.44
142.8	95.06	87.17	6.44
143.0	95.26	87.0	6.44
143.2	95.41	86.11	6.44
143.4	95.53	85.04	6.44
143.6	95.64	83.93	6.43
143.8	95.74	82.87	6.43
144.0	95.85	82.72	6.43
144.2	95.96	82.83	6.43
144.4	96.07	83.16	6.42
144.6	96.18	83.67	6.42
144.8	96.28	84.32	6.42
145.0	96.39	85.08	6.41
145.2	96.42	85.86	6.41
145.4	96.36	86.6	6.41
145.6	96.35	87.39	6.41
145.8	96.4	88.21	6.41
146.0	96.55	89.07	6.41
146.2	96.84	89.95	6.41
146.4	97.52	91.12	6.41
146.6	98.85	92.84	6.41
146.8	100.11	94.21	6.41
147.0	101.15	95.04	6.42
147.2	101.83	95.12	6.42
147.4	101.56	93.39	6.42
147.6	100.3	89.84	6.43
147.8	98.7	85.76	6.44
148.0	96.9	81.49	6.44
148.2	95.08	77.5	6.45
148.4	94.04	76.11	6.45
148.6	93.16	75.4	6.45
148.8	92.45	75.24	6.46
149.0	91.87	75.54	6.46
149.2	91.44	76.18	6.46
149.4	91.13	77.06	6.46
149.6	90.97	78.02	6.47
149.8	91.03	78.76	6.47
150.0	91.16	79.48	6.47
150.2	91.32	80.11	6.47
150.4	91.47	80.6	6.47
150.6	91.58	80.89	6.47
150.8	91.49	80.51	6.47
151.0	91.27	79.7	6.47
151.2	90.98	78.74	6.48
151.4	90.65	77.73	6.48
151.6	90.28	76.73	6.48
151.8	89.86	76.11	6.48
152.0	89.41	75.73	6.48
152.2	88.97	75.5	6.48
152.4	88.55	75.42	6.48
152.6	88.16	75.51	6.48
152.8	87.81	75.75	6.49
153.0	87.51	76.25	6.49
153.2	87.26	76.99	6.49
153.4	87.13	77.84	6.49
153.6	87.14	78.78	6.49
153.8	87.32	79.77	6.49
154.0	87.68	80.79	6.49
154.2	88.71	82.07	6.49
154.4	89.84	83.24	6.49
154.6	90.95	84.17	6.49
154.8	91.94	84.76	6.49
155.0	92.42	84.41	6.49
155.2	92.44	83.22	6.49
155.4	92.27	81.8	6.49
155.6	91.98	80.29	6.48
155.8	91.64	78.89	6.48
156.0	91.49	78.92	6.48
156.2	91.4	79.31	6.48
156.4	91.37	80.0	6.48
156.6	91.43	80.92	6.48
156.8	91.6	82.01	6.48
157.0	91.9	83.21	6.48
157.2	92.55	84.53	6.48
157.4	93.5	85.88	6.48
157.6	94.48	87.1	6.48
157.8	95.43	88.11	6.48
158.0	96.3	88.81	6.48
158.2	96.88	88.71	6.49
158.4	97.2	87.99	6.49
158.6	97.4	87.05	6.49
158.8	97.5	85.98	6.5
159.0	97.54	85.01	6.5
159.2	97.55	84.61	6.5
159.4	97.52	84.35	6.51
159.6	97.46	84.23	6.51
159.8	97.39	84.24	6.51
160.0	97.31	84.38	6.51
160.2	97.25	84.62	6.51
160.4	97.3	85.15	6.52
160.6	97.44	85.89	6.52
160.8	97.59	86.64	6.52
161.0	97.75	87.35	6.52
161.2	97.89	87.97	6.52
161.4	98.0	88.44	6.52
161.6	98.07	88.59	6.52
161.8	98.08	88.13	6.52
162.0	98.04	87.56	6.51
162.2	97.95	86.92	6.5
162.4	97.82	86.27	6.5
162.6	97.59	85.79	6.49
162.8	97.25	85.52	6.48
163.0	96.88	85.35	6.47
163.2	96.49	85.31	6.46
163.4	96.1	85.39	6.45
163.6	95.73	85.6	6.44
163.8	95.44	86.09	6.42
164.0	95.32	87.11	6.41
164.2	95.23	88.17	6.4
164.4	95.17	89.19	6.39
164.6	95.11	90.11	6.38
164.8	95.06	90.83	6.37
165.0	94.99	91.04	6.36
165.2	94.87	90.38	6.36
165.4	94.74	89.55	6.35
165.6	94.59	88.67	6.35
165.8	94.43	87.81	6.35
166.0	94.23	87.15	6.34
166.2	93.84	87.26	6.34
166.4	93.48	87.56	6.34
166.6	93.17	88.01	6.34
166.8	92.97	88.56	6.34
167.0	92.9	89.18	6.33
167.2	93.18	89.85	6.33
167.4	93.91	90.54	6.33
167.6	94.68	91.15	6.33
167.8	95.44	91.63	6.33
168.0	96.09	91.93	6.33
168.2	96.27	91.54	6.32
168.4	96.24	90.93	6.32
168.6	96.09	90.24	6.32
168.8	95.87	89.59	6.32
169.0	95.59	89.23	6.32
169.2	95.3	89.44	6.31
169.4	95.04	89.8	6.31
169.6	94.87	90.24	6.31
169.8	94.8	90.72	6.31
170.0	95.1	91.18	6.31
170.2	95.71	91.58	6.32
170.4	96.36	91.85	6.33
170.6	96.98	91.97	6.34
170.8	97.42	91.76	6.35
171.0	97.45	91.06	6.36
171.2	97.36	90.18	6.38
171.4	97.17	89.18	6.39
171.6	96.9	88.13	6.4
171.8	96.64	87.24	6.41
172.0	96.37	86.45	6.42
172.2	96.1	85.74	6.43
172.4	95.84	85.11	6.44
172.6	95.59	84.59	6.44
172.8	95.36	84.23	6.45
173.0	95.12	84.13	6.45
173.2	94.97	84.14	6.46
173.4	94.94	84.22	6.46
173.6	95.04	84.36	6.47
173.8	95.41	84.52	6.47
174.0	96.21	84.65	6.48
174.2	97.07	84.81	6.48
174.4	97.94	84.97	6.48
174.6	98.7	85.16	6.48
174.8	99.12	85.47	6.49
175.0	99.39	85.74	6.49
175.2	99.53	85.89	6.49
175.4	99.53	85.87	6.5
175.6	99.35	85.24	6.5
175.8	99.06	84.36	6.5
176.0	98.67	83.42	6.51
176.2	98.21	82.51	6.51
176.4	97.68	81.83	6.51
176.6	97.05	81.6	6.52
176.8	96.45	81.58	6.52
177.0	95.92	81.75	6.52
177.2	95.51	82.11	6.52
177.4	95.45	82.86	6.53
177.6	95.74	83.94	6.53
177.8	96.12	85.0	6.53
178.0	96.51	85.93	6.53
178.2	96.82	86.52	6.52
178.4	96.87	86.3	6.52
178.6	96.81	85.79	6.52
178.8	96.64	85.04	6.51
179.0	96.37	84.11	6.5
179.2	95.89	83.0	6.5
179.4	95.3	81.83	6.49
179.6	94.65	80.68	6.49
179.8	93.97	79.62	6.48
180.0	93.27	78.72	6.48
180.2	92.61	78.32	6.47
180.4	92.0	78.37	6.47
180.6	91.47	78.68	6.46
180.8	91.04	79.23	6.45
181.0	90.75	80.01	6.45
181.2	90.61	80.99	6.44
181.4	90.88	82.51	6.44
181.6	91.35	84.18	6.43
181.8	91.91	85.8	6.43
182.0	92.52	87.25	6.42
182.2	93.13	88.26	6.42
182.4	93.68	88.49	6.42
182.6	94.19	88.45	6.41
182.8	94.63	88.24	6.41
183.0	94.97	87.93	6.41
183.2	94.98	87.69	6.41
183.4	94.91	87.47	6.4
183.6	94.79	87.31	6.4
183.8	94.67	87.27	6.4
184.0	94.68	87.63	6.39
184.2	94.98	88.71	6.39
184.4	95.29	89.76	6.39
184.6	95.56	90.59	6.38
184.8	95.74	91.02	6.38
185.0	95.66	90.21	6.38
185.2	95.31	88.18	6.37
185.4	94.86	85.86	6.37
185.6	94.36	83.47	6.37
185.8	93.84	81.3	6.36
186.0	93.48	81.11	6.36
186.2	93.16	81.41	6.35
186.4	92.88	82.06	6.35
186.6	92.64	82.95	6.34
186.8	92.45	83.97	6.34
187.0	92.31	85.0	6.33
187.2	92.26	85.52	6.33
187.4	92.29	85.49	6.33
187.6	92.36	85.43	6.32
187.8	92.49	85.4	6.32
188.0	92.65	85.42	6.31
188.2	92.87	85.7	6.3
188.4	93.17	86.42	6.29
188.6	93.48	87.19	6.28
188.8	93.77	87.97	6.27
189.0	94.03	88.67	6.26
189.2	94.22	89.22	6.25
189.4	94.19	89.13	6.24
189.6	94.13	88.95	6.23
189.8	94.04	88.74	6.22
190.0	93.97	88.56	6.21
190.2	93.94	88.7	6.2
190.4	93.98	89.21	6.19
190.6	94.07	89.67	6.18
190.8	94.21	89.96	6.18
191.0	94.47	89.83	6.18
191.2	94.89	89.11	6.2
191.4	95.28	88.14	6.22
191.6	95.57	86.99	6.24
191.8	95.5	85.72	6.27
192.0	94.99	84.39	6.29
192.2	94.32	83.09	6.3
192.4	93.53	81.86	6.32
192.6	92.69	80.8	6.34
192.8	91.91	80.12	6.35
193.0	91.33	80.24	6.36
193.2	90.83	80.57	6.37
193.4	90.45	81.03	6.38
193.6	90.19	81.54	6.38
193.8	90.08	82.04	6.39
194.0	90.35	82.32	6.39
194.2	90.9	82.39	6.39
194.4	91.5	82.31	6.39
194.6	92.06	82.07	6.39
194.8	92.5	81.63	6.38
195.0	92.36	80.5	6.38
195.2	92.09	79.27	6.38
195.4	91.72	78.04	6.38
195.6	91.3	76.94	6.38
195.8	90.89	76.16	6.37
196.0	90.57	76.52	6.37
196.2	90.34	77.2	6.37
196.4	90.22	78.12	6.37
196.6	90.26	79.2	6.36
196.8	90.49	80.38	6.36
197.0	91.14	81.6	6.36
197.2	92.34	82.79	6.36
197.4	93.58	83.84	6.36
197.6	94.77	84.65	6.36
197.8	95.78	85.12	6.36
198.0	96.02	84.49	6.36
198.2	95.97	83.48	6.36
198.4	95.75	82.32	6.36
198.6	95.43	81.14	6.36
198.8	95.14	80.47	6.36
199.0	95.03	80.77	6.36
199.2	94.97	81.33	6.37
199.4	94.97	82.07	6.37
199.6	95.05	82.92	6.37
199.8	95.23	83.81	6.37
200.0	95.58	84.64	6.37
200.2	96.38	85.22	6.37
200.4	97.2	85.68	6.37
200.6	97.98	85.97	6.37
200.8	98.66	86.05	6.38
201.0	99.09	85.79	6.38
201.2	98.98	84.89	6.38
201.4	98.69	83.81	6.38
201.6	98.28	82.61	6.39
201.8	97.77	81.38	6.39
202.0	97.22	80.25	6.39
202.2	96.76	79.57	6.39
202.4	96.31	79.04	6.39
202.6	95.89	78.66	6.39
202.8	95.53	78.44	6.4
203.0	95.24	78.39	6.4
203.2	95.05	78.51	6.4
203.4	95.09	79.01	6.4
203.6	95.4	79.95	6.4
203.8	95.79	80.93	6.4
204.0	96.24	81.88	6.4
204.2	96.71	82.73	6.4
204.4	97.18	83.41	6.41
204.6	97.62	83.5	6.41
204.8	98.0	83.24	6.41
205.0	98.33	82.81	6.41
205.2	98.6	82.27	6.41
205.4	98.77	81.63	6.42
205.6	98.63	80.92	6.42
205.8	98.4	80.2	6.42
206.0	98.12	79.53	6.42
206.2	97.81	78.97	6.42
206.4	97.51	78.55	6.42
206.6	97.25	78.32	6.43
206.8	97.24	79.14	6.43
207.0	97.31	80.17	6.43
207.2	97.44	81.26	6.43
207.4	97.64	82.32	6.43
207.6	97.9	83.25	6.43
207.8	98.23	83.96	6.43
208.0	98.72	83.76	6.43
208.2	99.24	83.31	6.43
208.4	99.76	82.72	6.43
208.6	100.24	82.04	6.43
208.8	100.59	81.37	6.42
209.0	100.67	80.84	6.42
209.2	100.68	80.37	6.42
209.4	100.64	79.98	6.42
209.6	100.56	79.68	6.42
209.8	100.49	79.51	6.42
210.0	100.31	79.73	6.41
210.2	100.06	80.37	6.41
210.4	99.94	81.08	6.41
210.6	100.02	81.78	6.41
210.8	100.35	82.42	6.41
211.0	101.02	82.91	6.41
211.2	102.51	83.0	6.4
211.4	105.04	82.54	6.4
211.6	107.67	81.93	6.4
211.8	110.23	81.23	6.4
212.0	112.53	80.49	6.39
212.2	113.56	79.79	6.39
212.4	113.17	79.18	6.38
212.6	112.23	78.64	6.37
212.8	110.85	78.22	6.37
213.0	109.14	77.93	6.36
213.2	107.2	77.81	6.35
213.4	105.15	77.88	6.35
213.6	103.26	78.55	6.34
213.8	101.62	79.78	6.34
214.0	100.07	81.04	6.34
214.2	98.65	82.22	6.33
214.4	97.42	83.22	6.32
214.6	96.49	83.82	6.31
214.8	96.24	83.29	6.28
215.0	96.17	82.57	6.25
215.2	96.22	81.77	6.22
215.4	96.33	81.03	6.18
215.6	96.31	80.63	6.14
215.8	95.76	81.23	6.1
216.0	95.19	82.05	6.06
216.2	94.67	83.01	6.02
216.4	94.24	84.03	5.98
216.6	93.98	85.04	5.94
216.8	94.27	85.81	5.89
217.0	94.91	86.38	5.85
217.2	95.62	86.84	5.81
217.4	96.35	87.18	5.77
217.6	96.92	87.34	5.73
217.8	97.13	87.23	5.69
218.0	97.27	87.04	5.65
218.2	97.36	86.82	5.61
218.4	97.44	86.63	5.57
218.6	97.42	86.5	5.53
218.8	97.42	86.49	5.49
219.0	97.61	86.68	5.45
219.2	98.07	87.1	5.4
219.4	98.89	87.83	5.36
219.6	102.01	90.72	5.32
219.8	105.05	93.41	5.28
220.0	107.32	95.19	5.24
220.2	108.27	95.48	5.2
220.4	105.55	91.73	5.16
220.6	101.4	86.45	5.12
220.8	96.84	80.79	5.08
221.0	94.89	78.37	5.04
221.2	94.37	77.74	5.0
221.4	94.62	78.1	4.96
221.6	95.43	79.18	4.91
221.8	96.57	80.69	4.87
222.0	97.81	82.35	4.83
222.2	98.25	83.23	4.79
222.4	98.21	83.56	4.75
222.6	98.12	83.65	4.71
222.8	97.99	83.42	4.67
223.0	97.83	82.72	4.63
223.2	97.54	80.64	4.58
223.4	97.29	78.41	4.54
223.6	97.14	76.26	4.5
223.8	97.13	74.45	4.46
224.0	97.66	74.33	4.44
224.2	98.53	75.33	4.43
224.4	99.44	76.57	4.43
224.6	100.27	77.76	4.43
224.8	100.77	78.38	4.44
225.0	100.48	77.47	4.45
225.2	100.04	76.18	4.47
225.4	99.57	74.63	4.5
225.6	99.18	72.94	4.52
225.8	99.55	71.79	4.54
226.0	100.11	70.66	4.56
226.2	100.62	69.35	4.58
226.4	100.93	67.77	4.6
226.6	100.46	65.29	4.63
226.8	99.47	62.25	4.67
227.0	98.27	59.1	4.7
227.2	96.97	56.0	4.73
227.4	95.91	53.65	4.76
227.6	95.25	52.34	4.78
227.8	94.72	51.44	4.8
228.0	94.3	50.88	4.82
228.2	93.98	50.6	4.83
228.4	93.76	50.53	4.84
228.6	93.61	50.6	4.85
228.8	93.58	50.69	4.86
229.0	93.59	50.81	4.86
229.2	93.62	50.9	4.87
229.4	93.67	50.92	4.87
229.6	93.69	50.74	4.87
229.8	93.63	50.11	4.87
230.0	93.54	49.38	4.87
230.2	93.42	48.62	4.86
230.4	93.26	47.87	4.85
230.6	93.0	47.38	4.85
230.8	92.69	47.06	4.84
231.0	92.37	46.82	4.84
231.2	92.04	46.66	4.83
231.4	91.72	46.57	4.83
231.6	91.44	46.52	4.82
231.8	91.22	46.49	4.81
232.0	91.04	46.53	4.81
232.2	90.93	46.63	4.8
232.4	90.9	46.8	4.8
232.6	91.04	47.12	4.8
232.8	91.35	47.56	4.8
233.0	91.67	48.01	4.8
233.2	91.98	48.41	4.81
233.4	92.21	48.69	4.81
233.6	92.12	48.53	4.82
233.8	91.95	48.28	4.82
234.0	91.73	47.99	4.83
234.2	91.49	47.73	4.83
234.4	91.26	47.53	4.84
234.6	91.04	47.76	4.84
234.8	90.89	48.11	4.84
235.0	90.85	48.55	4.85
235.2	90.95	49.07	4.85
235.4	91.23	49.64	4.86
235.6	92.04	50.3	4.87
235.8	93.08	50.97	4.89
236.0	94.16	51.61	4.9
236.2	95.19	52.17	4.92
236.4	95.94	52.59	4.93
236.6	96.36	52.84	4.95
236.8	96.61	52.95	4.96
237.0	96.7	52.91	4.98
237.2	96.63	52.67	4.99
237.4	96.23	51.84	5.01
237.6	95.75	50.94	5.02
237.8	95.28	50.09	5.03
238.0	94.88	49.41	5.04
238.2	94.68	49.18	5.06
238.4	94.9	49.92	5.07
238.6	95.32	50.91	5.09
238.8	95.92	52.05	5.11
239.0	96.7	53.25	5.13
239.2	97.98	54.37	5.14
239.4	99.49	55.34	5.16
239.6	100.89	56.12	5.17
239.8	102.04	56.63	5.19
240.0	102.53	56.67	5.21
240.2	101.95	56.02	5.23
240.4	101.05	55.09	5.25
240.6	99.96	53.95	5.27
240.8	98.91	52.69	5.29
241.0	98.28	51.41	5.31
241.2	97.73	50.13	5.33
241.4	97.23	48.92	5.35
241.6	96.77	47.83	5.36
241.8	96.23	47.05	5.38
242.0	95.66	46.57	5.4
242.2	95.17	46.3	5.41
242.4	94.8	46.26	5.43
242.6	94.58	46.44	5.44
242.8	94.83	47.09	5.44
243.0	95.32	47.99	5.45
243.2	95.84	48.9	5.45
243.4	96.32	49.74	5.44
243.6	96.53	50.18	5.44
243.8	96.39	50.14	5.43
244.0	96.11	49.9	5.43
244.2	95.72	49.52	5.42
244.4	95.24	49.04	5.41
244.6	94.69	48.53	5.41
244.8	94.1	47.99	5.4
245.0	93.49	47.46	5.39
245.2	92.88	46.97	5.39
245.4	92.27	46.53	5.38
245.6	91.66	46.14	5.37
245.8	91.16	45.94	5.36
246.0	90.8	45.99	5.36
246.2	90.62	46.35	5.35
246.4	91.05	47.73	5.35
246.6	91.68	49.44	5.36
246.8	92.36	51.18	5.36
247.0	92.99	52.78	5.37
247.2	93.2	53.54	5.38
247.4	93.06	53.59	5.39
247.6	92.79	53.38	5.39
247.8	92.44	53.01	5.4
248.0	92.06	52.63	5.41
248.2	91.79	52.63	5.42
248.4	91.56	52.7	5.42
248.6	91.35	52.82	5.43
248.8	91.2	52.99	5.43
249.0	91.11	53.21	5.44
249.2	91.07	53.42	5.44
249.4	91.13	53.68	5.45
249.6	91.29	54.02	5.45
249.8	91.58	54.47	5.45
250.0	92.03	55.07	5.45
250.2	92.87	56.22	5.45
250.4	93.79	57.36	5.45
250.6	94.72	58.38	5.45
250.8	95.59	59.15	5.45
251.0	96.15	58.98	5.45
251.2	96.54	58.41	5.45
251.4	96.81	57.61	5.45
251.6	96.94	56.66	5.45
251.8	96.93	55.74	5.45
252.0	96.72	55.03	5.45
252.2	96.44	54.36	5.45
252.4	96.11	53.76	5.45
252.6	95.76	53.24	5.45
252.8	95.47	52.85	5.45
253.0	95.33	52.65	5.45
253.2	95.24	52.56	5.45
253.4	95.2	52.58	5.45
253.6	95.22	52.7	5.45
253.8	95.3	52.91	5.45
254.0	95.43	53.27	5.45
254.2	95.63	53.71	5.45
254.4	95.9	54.21	5.45
254.6	96.25	54.75	5.45
254.8	96.69	55.29	5.45
255.0	97.3	55.76	5.45
255.2	98.03	56.19	5.45
255.4	98.8	56.63	5.46
255.6	99.57	57.12	5.46
255.8	100.33	57.73	5.46
256.0	101.04	58.63	5.47
256.2	101.67	59.52	5.47
256.4	102.2	60.33	5.47
256.6	102.59	60.99	5.47
256.8	102.76	61.36	5.48
257.0	102.5	60.95	5.48
257.2	102.08	60.34	5.48
257.4	101.55	59.6	5.49
257.6	100.95	58.81	5.49
257.8	100.31	58.02	5.49
258.0	99.81	57.65	5.5
258.2	99.33	57.38	5.5
258.4	98.89	57.22	5.5
258.6	98.49	57.16	5.5
258.8	98.14	57.21	5.5
259.0	97.84	57.36	5.51
259.2	97.6	57.56	5.51
259.4	97.45	57.9	5.51
259.6	97.4	58.38	5.51
259.8	97.47	59.02	5.51
260.0	97.69	59.84	5.51
260.2	98.15	61.04	5.51
260.4	98.91	62.69	5.51
260.6	99.76	64.36	5.52
260.8	100.65	65.95	5.52
261.0	101.55	67.37	5.52
261.2	102.43	68.29	5.52
261.4	103.24	68.81	5.52
261.6	103.92	68.98	5.52
261.8	104.41	68.8	5.53
262.0	104.6	68.15	5.53
262.2	104.14	66.67	5.53
262.4	103.48	64.92	5.53
262.6	102.69	63.06	5.53
262.8	101.85	61.21	5.54
263.0	101.1	59.66	5.54
263.2	100.81	59.21	5.54
263.4	100.65	59.06	5.54
263.6	100.6	59.15	5.54
263.8	100.66	59.44	5.54
264.0	100.82	59.89	5.55
264.2	101.08	60.45	5.55
264.4	101.62	61.1	5.55
264.6	102.29	61.78	5.55
264.8	102.92	62.41	5.55
265.0	103.47	62.94	5.55
265.2	103.87	63.31	5.55
265.4	103.84	63.2	5.55
265.6	103.45	62.7	5.55
265.8	102.93	62.09	5.54
266.0	102.32	61.43	5.54
266.2	101.69	60.8	5.54
266.4	101.35	60.73	5.54
266.6	101.06	60.79	5.53
266.8	100.81	60.95	5.53
267.0	100.61	61.19	5.53
267.2	100.44	61.48	5.53
267.4	100.31	61.81	5.52
267.6	100.19	62.08	5.52
267.8	100.05	62.11	5.52
268.0	99.95	62.17	5.51
268.2	99.89	62.25	5.51
268.4	99.87	62.38	5.51
268.6	99.92	62.57	5.5
268.8	100.02	62.84	5.5
269.0	100.25	63.46	5.5
269.2	100.55	64.16	5.5
269.4	100.9	64.87	5.49
269.6	101.31	65.57	5.49
269.8	101.77	66.23	5.49
270.0	102.33	66.79	5.48
270.2	103.04	67.21	5.48
270.4	103.71	67.5	5.48
270.6	104.32	67.65	5.48
270.8	104.81	67.62	5.47
271.0	104.93	67.19	5.47
271.2	104.74	66.43	5.47
271.4	104.42	65.55	5.46
271.6	104.0	64.59	5.46
271.8	103.52	63.63	5.46
272.0	103.08	62.81	5.45
272.2	102.83	62.38	5.45
272.4	102.6	62.07	5.45
272.6	102.39	61.87	5.45
272.8	102.2	61.76	5.44
273.0	102.03	61.76	5.44
273.2	101.88	61.84	5.44
273.4	101.71	62.05	5.43
273.6	101.54	62.35	5.43
273.8	101.41	62.71	5.42
274.0	101.32	63.09	5.42
274.2	101.28	63.5	5.42
274.4	101.31	63.91	5.42
274.6	101.54	64.25	5.42
274.8	101.84	64.56	5.42
275.0	102.16	64.85	5.43
275.2	102.48	65.12	5.43
275.4	102.77	65.36	5.44
275.6	102.93	65.58	5.45
275.8	102.98	65.76	5.45
276.0	103.0	65.91	5.46
276.2	102.98	66.02	5.46
276.4	102.92	66.07	5.47
276.6	102.83	66.0	5.47
276.8	102.71	65.8	5.48
277.0	102.59	65.57	5.48
277.2	102.49	65.34	5.49
277.4	102.41	65.14	5.49
277.6	102.37	64.99	5.49
277.8	102.45	65.08	5.5
278.0	102.59	65.28	5.5
278.2	102.79	65.51	5.5
278.4	103.04	65.76	5.5
278.6	103.34	66.0	5.51
278.8	103.83	66.22	5.51
279.0	104.35	66.39	5.51
279.2	104.82	66.47	5.51
279.4	105.18	66.44	5.51
279.6	105.26	66.16	5.5
279.8	104.89	65.51	5.5
280.0	104.36	64.75	5.5
280.2	103.72	63.93	5.5
280.4	103.02	63.12	5.5
280.6	102.33	62.39	5.5
280.8	101.93	62.18	5.5
281.0	101.58	62.11	5.5
281.2	101.3	62.14	5.5
281.4	101.07	62.28	5.5
281.6	100.91	62.49	5.5
281.8	100.81	62.76	5.5
282.0	100.67	63.12	5.5
282.2	100.43	63.59	5.5
282.4	100.34	64.03	5.5
282.6	100.47	64.39	5.5
282.8	100.85	64.63	5.5
283.0	101.54	64.72	5.5
283.2	103.48	64.23	5.49
283.4	105.71	63.55	5.49
283.6	107.96	62.78	5.49
283.8	110.06	61.98	5.48
284.0	111.84	61.21	5.48
284.2	111.84	60.78	5.48
284.4	111.05	60.52	5.47
284.6	109.81	60.37	5.47
284.8	108.23	60.33	5.47
285.0	106.41	60.41	5.46
285.2	104.47	60.6	5.46
285.4	102.66	60.99	5.46
285.6	101.17	61.61	5.45
285.8	99.77	62.29	5.45
286.0	98.51	63.0	5.45
286.2	97.41	63.69	5.45
286.4	96.53	64.33	5.44
286.6	96.08	64.82	5.44
286.8	96.22	65.06	5.44
287.0	96.53	65.22	5.43
287.2	96.95	65.28	5.43
287.4	97.41	65.27	5.42
287.6	97.8	65.18	5.42
287.8	97.73	64.98	5.42
