0.2	105.82	60.39	5.57
0.4	105.48	60.0	5.57
0.6	105.34	59.71	5.57
0.8	105.36	59.51	5.57
1.0	105.49	59.36	5.57
1.2	105.7	59.26	5.57
1.4	105.93	59.16	5.57
1.6	106.16	59.05	5.57
1.8	106.33	58.89	5.57
2.0	106.36	58.65	5.56
2.2	106.01	58.16	5.56
2.4	105.56	57.61	5.56
2.6	105.09	57.05	5.56
2.8	104.64	56.51	5.56
3.0	104.45	56.15	5.56
3.2	104.55	55.98	5.56
3.4	104.73	55.88	5.55
3.6	104.97	55.82	5.55
3.8	105.24	55.79	5.55
4.0	105.51	55.77	5.55
4.2	105.62	55.64	5.55
4.4	105.72	55.52	5.55
4.6	105.8	55.41	5.54
4.8	105.88	55.3	5.54
5.0	105.94	55.2	5.54
5.2	105.93	55.05	5.54
5.4	105.95	54.95	5.54
5.6	106.03	54.91	5.54
5.8	106.2	54.96	5.54
6.0	106.62	55.24	5.54
6.2	107.34	55.78	5.54
6.4	108.07	56.33	5.55
6.6	108.77	56.83	5.55
6.8	109.3	57.18	5.55
7.0	109.47	57.17	5.56
7.2	109.48	57.01	5.56
7.4	109.36	56.69	5.57
7.6	109.11	56.22	5.57
7.8	108.68	55.48	5.58
8.0	108.18	54.64	5.58
8.2	107.64	53.75	5.59
8.4	107.1	52.86	5.59
8.6	106.6	52.0	5.6
8.8	106.39	51.47	5.6
9.0	106.32	51.09	5.6
9.2	106.33	50.84	5.61
9.4	106.41	50.7	5.61
9.6	106.54	50.68	5.61
9.8	106.71	50.77	5.62
10.0	106.92	51.04	5.62
10.2	107.16	51.45	5.62
10.4	107.4	51.95	5.63
10.6	107.63	52.51	5.63
10.8	107.82	53.11	5.63
11.0	107.98	53.73	5.63
11.2	107.95	54.32	5.63
11.4	107.89	54.92	5.63
11.6	107.82	55.5	5.63
11.8	107.75	56.07	5.63
12.0	107.73	56.58	5.63
12.2	107.76	57.03	5.63
12.4	107.83	57.47	5.63
12.6	107.94	57.89	5.62
12.8	108.1	58.32	5.62
13.0	108.45	58.86	5.62
13.2	108.88	59.43	5.62
13.4	109.29	59.95	5.62
13.6	109.64	60.39	5.61
13.8	109.87	60.71	5.61
14.0	109.75	60.72	5.61
14.2	109.42	60.54	5.61
14.4	108.99	60.25	5.61
14.6	108.47	59.88	5.61
14.8	107.91	59.46	5.6
15.0	107.31	59.01	5.6
15.2	106.73	58.56	5.6
15.4	106.19	58.14	5.6
15.6	105.72	57.78	5.6
15.8	105.52	57.65	5.59
16.0	105.59	57.74	5.59
16.2	105.76	57.93	5.59
16.4	105.97	58.17	5.59
16.6	106.21	58.44	5.59
16.8	106.42	58.71	5.59
17.0	106.42	58.87	5.58
17.2	106.32	58.97	5.58
17.4	106.19	59.05	5.58
17.6	106.03	59.11	5.58
17.8	105.88	59.14	5.58
18.0	105.78	59.16	5.57
18.2	105.68	59.15	5.56
18.4	105.57	59.11	5.55
18.6	105.44	59.03	5.55
18.8	105.22	58.85	5.54
19.0	104.97	58.62	5.53
19.2	104.7	58.38	5.52
19.4	104.45	58.14	5.51
19.6	104.23	57.94	5.5
19.8	104.11	57.85	5.5
20.0	104.06	57.83	5.49
20.2	104.05	57.88	5.48
20.4	104.09	58.0	5.47
20.6	104.18	58.19	5.46
20.8	104.31	58.46	5.46
21.0	104.68	59.06	5.45
21.2	105.05	59.7	5.44
21.4	105.36	60.29	5.43
21.6	105.56	60.76	5.42
21.8	105.56	61.05	5.41
22.0	104.9	60.63	5.4
22.2	104.11	60.05	5.39
22.4	103.25	59.38	5.38
22.6	102.4	58.7	5.37
22.8	101.67	58.11	5.36
23.0	101.6	58.1	5.35
23.2	101.67	58.2	5.34
23.4	101.85	58.39	5.33
23.6	102.11	58.63	5.32
23.8	102.42	58.9	5.31
24.0	102.69	59.13	5.3
24.2	102.83	59.25	5.29
24.4	102.96	59.33	5.27
24.6	103.07	59.38	5.26
24.8	103.16	59.39	5.26
25.0	103.16	59.31	5.26
25.2	103.06	59.1	5.27
25.4	102.98	58.9	5.28
25.6	102.97	58.75	5.29
25.8	103.07	58.68	5.31
26.0	103.51	58.92	5.32
26.2	104.05	59.25	5.33
26.4	104.68	59.63	5.35
26.6	105.37	60.03	5.36
26.8	106.11	60.38	5.37
27.0	106.86	60.67	5.38
27.2	107.56	60.9	5.4
27.4	108.18	61.03	5.41
27.6	108.67	61.05	5.42
27.8	108.75	60.74	5.43
28.0	108.62	60.27	5.45
28.2	108.45	59.77	5.46
28.4	108.31	59.32	5.47
28.6	108.43	59.11	5.49
28.8	108.87	59.21	5.5
29.0	109.39	59.39	5.52
29.2	109.94	59.64	5.53
29.4	110.47	59.9	5.54
29.6	110.86	60.11	5.55
29.8	111.14	60.26	5.57
30.0	111.31	60.35	5.58
30.2	111.37	60.36	5.59
30.4	111.28	60.28	5.6
30.6	110.88	59.96	5.6
30.8	110.37	59.54	5.6
31.0	109.78	59.06	5.6
31.2	109.15	58.53	5.6
31.4	108.56	57.98	5.6
31.6	108.01	57.42	5.6
31.8	107.49	56.88	5.6
32.0	107.01	56.39	5.59
32.2	106.58	55.97	5.59
32.4	106.3	55.76	5.59
32.6	106.05	55.61	5.59
32.8	105.81	55.53	5.59
33.0	105.56	55.48	5.58
33.2	105.18	55.43	5.58
33.4	104.75	55.39	5.58
33.6	104.3	55.36	5.58
33.8	103.85	55.36	5.58
34.0	103.46	55.39	5.57
34.2	103.16	55.47	5.57
34.4	102.86	55.54	5.57
34.6	102.55	55.6	5.57
34.8	102.21	55.62	5.57
35.0	101.75	55.51	5.57
35.2	101.17	55.27	5.56
35.4	100.57	55.02	5.56
35.6	99.99	54.8	5.56
35.8	99.44	54.62	5.56
36.0	99.1	54.68	5.56
36.2	98.84	54.85	5.55
36.4	98.61	55.07	5.55
36.6	98.36	55.31	5.55
36.8	98.03	55.52	5.55
37.0	97.42	55.54	5.55
37.2	96.83	55.6	5.56
37.4	96.32	55.72	5.56
37.6	95.95	55.96	5.57
37.8	96.07	56.59	5.57
38.0	96.35	57.32	5.58
38.2	96.73	58.09	5.59
38.4	97.15	58.85	5.6
38.6	97.4	59.4	5.61
38.8	97.6	59.84	5.62
39.0	97.8	60.21	5.62
39.2	98.03	60.51	5.63
39.4	98.36	60.78	5.64
39.6	98.81	61.01	5.65
39.8	99.25	61.18	5.66
40.0	99.65	61.26	5.66
40.2	99.99	61.25	5.67
40.4	99.99	61.05	5.67
40.6	99.95	60.78	5.67
40.8	99.92	60.46	5.67
41.0	99.94	60.13	5.67
41.2	100.3	59.86	5.67
41.4	100.78	59.62	5.67
41.6	101.3	59.39	5.67
41.8	101.82	59.18	5.67
42.0	102.2	58.98	5.67
42.2	102.46	58.8	5.67
42.4	102.65	58.62	5.67
42.6	102.77	58.45	5.67
42.8	102.8	58.28	5.67
43.0	102.7	58.06	5.67
43.2	102.56	57.86	5.67
43.4	102.4	57.68	5.67
43.6	102.27	57.54	5.67
43.8	102.31	57.55	5.67
44.0	102.43	57.61	5.67
44.2	102.54	57.67	5.67
44.4	102.61	57.7	5.67
44.6	102.51	57.52	5.67
44.8	102.24	57.16	5.67
45.0	101.94	56.78	5.67
45.2	101.64	56.43	5.67
45.4	101.37	56.15	5.67
45.6	101.35	56.25	5.67
45.8	101.38	56.45	5.66
46.0	101.44	56.72	5.66
46.2	101.5	57.03	5.66
46.4	101.55	57.37	5.67
46.6	101.35	57.54	5.67
46.8	101.16	57.74	5.67
47.0	101.03	57.97	5.67
47.2	100.99	58.26	5.67
47.4	101.26	58.71	5.67
47.6	101.77	59.3	5.67
47.8	102.35	59.91	5.67
48.0	102.97	60.51	5.67
48.2	103.52	61.04	5.68
48.4	103.88	61.41	5.68
48.6	104.2	61.72	5.68
48.8	104.47	61.97	5.68
49.0	104.69	62.15	5.68
49.2	104.88	62.29	5.68
49.4	105.04	62.37	5.68
49.6	105.16	62.4	5.68
49.8	105.26	62.38	5.69
50.0	105.32	62.28	5.69
50.2	105.33	62.07	5.69
50.4	105.34	61.84	5.69
50.6	105.4	61.63	5.69
50.8	105.51	61.45	5.69
51.0	105.91	61.57	5.69
51.2	106.35	61.69	5.69
51.4	106.75	61.78	5.7
51.6	107.08	61.77	5.7
51.8	107.0	61.29	5.7
52.0	106.77	60.65	5.7
52.2	106.46	59.95	5.7
52.4	106.14	59.25	5.7
52.6	105.91	58.7	5.7
52.8	106.0	58.56	5.7
53.0	106.12	58.51	5.71
53.2	106.25	58.53	5.71
53.4	106.34	58.58	5.71
53.6	106.36	58.63	5.71
53.8	106.02	58.41	5.71
54.0	105.62	58.2	5.71
54.2	105.2	58.03	5.71
54.4	104.81	57.94	5.71
54.6	104.55	58.06	5.71
54.8	104.47	58.41	5.71
55.0	104.43	58.81	5.7
55.2	104.38	59.21	5.7
55.4	104.28	59.51	5.69
55.6	104.0	59.52	5.69
55.8	103.69	59.46	5.69
56.0	103.36	59.35	5.68
56.2	103.04	59.22	5.68
56.4	102.76	59.12	5.67
56.6	102.55	59.09	5.67
56.8	102.39	59.09	5.66
57.0	102.28	59.13	5.66
57.2	102.25	59.24	5.66
57.4	102.3	59.42	5.65
57.6	102.61	59.83	5.65
57.8	102.96	60.28	5.64
58.0	103.32	60.75	5.64
58.2	103.65	61.2	5.63
58.4	103.92	61.62	5.63
58.6	103.76	61.71	5.63
58.8	103.51	61.75	5.62
59.0	103.31	61.82	5.62
59.2	103.22	61.98	5.62
59.4	103.44	62.39	5.62
59.6	104.09	63.16	5.63
59.8	104.87	64.0	5.63
60.0	105.73	64.84	5.64
60.2	106.62	65.62	5.65
60.4	107.46	66.25	5.65
60.6	108.23	66.73	5.66
60.8	108.87	67.03	5.67
61.0	109.27	67.05	5.68
61.2	109.19	66.59	5.68
61.4	108.95	65.93	5.69
61.6	108.61	65.16	5.7
61.8	108.24	64.33	5.71
62.0	108.1	63.67	5.71
62.2	108.15	63.18	5.72
62.4	108.25	62.73	5.73
62.6	108.39	62.33	5.73
62.8	108.56	61.99	5.74
63.0	108.73	61.69	5.74
63.2	108.81	61.41	5.75
63.4	108.9	61.19	5.75
63.6	108.99	61.02	5.76
63.8	109.08	60.92	5.76
64.0	109.19	60.88	5.76
64.2	109.36	61.01	5.76
64.4	109.53	61.2	5.76
64.6	109.7	61.4	5.76
64.8	109.85	61.57	5.76
65.0	110.02	61.68	5.76
65.2	110.19	61.68	5.75
65.4	110.28	61.58	5.75
65.6	110.23	61.35	5.75
65.8	109.97	60.94	5.74
66.0	109.15	60.11	5.74
66.2	108.18	59.16	5.73
66.4	107.11	58.17	5.73
66.6	106.02	57.19	5.73
66.8	105.09	56.39	5.72
67.0	104.61	56.03	5.72
67.2	104.24	55.81	5.71
67.4	103.97	55.74	5.71
67.6	103.77	55.78	5.71
67.8	103.63	55.94	5.7
68.0	103.52	56.19	5.7
68.2	103.31	56.53	5.7
68.4	103.14	56.94	5.69
68.6	103.0	57.4	5.69
68.8	102.91	57.91	5.68
69.0	102.87	58.46	5.68
69.2	102.85	58.93	5.68
69.4	102.89	59.39	5.67
69.6	103.01	59.89	5.67
69.8	103.24	60.46	5.66
70.0	103.58	61.12	5.66
70.2	104.22	62.05	5.66
70.4	105.02	63.13	5.65
70.6	105.85	64.18	5.65
70.8	106.67	65.14	5.64
71.0	107.3	65.83	5.64
71.2	107.76	66.23	5.63
71.4	108.12	66.47	5.62
71.6	108.42	66.56	5.61
71.8	108.67	66.51	5.61
72.0	108.85	66.31	5.6
72.2	109.02	66.01	5.59
72.4	109.17	65.62	5.58
72.6	109.32	65.17	5.58
72.8	109.58	64.7	5.57
73.0	109.99	64.24	5.56
73.2	110.38	63.74	5.55
73.4	110.71	63.19	5.55
73.6	110.95	62.59	5.54
73.8	110.86	61.84	5.53
74.0	110.48	60.97	5.52
74.2	110.05	60.1	5.52
74.4	109.66	59.26	5.51
74.6	109.37	58.5	5.5
74.8	109.65	58.01	5.49
75.0	110.07	57.64	5.49
75.2	110.55	57.35	5.48
75.4	111.01	57.11	5.47
75.6	111.3	56.89	5.46
75.8	111.29	56.64	5.45
76.0	111.18	56.44	5.45
76.2	110.99	56.27	5.44
76.4	110.72	56.15	5.43
76.6	110.43	56.13	5.42
76.8	110.1	56.19	5.41
77.0	109.75	56.29	5.41
77.2	109.37	56.41	5.4
77.4	108.99	56.56	5.39
77.6	108.62	56.65	5.39
77.8	108.26	56.75	5.4
78.0	107.91	56.89	5.4
78.2	107.58	57.07	5.41
78.4	107.23	57.34	5.42
78.6	106.88	57.69	5.43
78.8	106.62	58.12	5.44
79.0	106.5	58.64	5.46
79.2	106.68	59.32	5.47
79.4	107.26	60.19	5.48
79.6	107.94	61.08	5.49
79.8	108.66	61.95	5.5
80.0	109.33	62.72	5.51
80.2	109.75	63.26	5.52
80.4	110.0	63.61	5.53
80.6	110.1	63.78	5.54
80.8	110.03	63.75	5.56
81.0	109.67	63.36	5.57
81.2	109.09	62.71	5.58
81.4	108.41	61.94	5.59
81.6	107.68	61.1	5.6
81.8	106.99	60.28	5.62
82.0	106.38	59.5	5.63
82.2	105.83	58.81	5.64
82.4	105.38	58.24	5.65
82.6	105.14	57.94	5.66
82.8	105.24	58.04	5.68
83.0	105.41	58.27	5.69
83.2	105.59	58.57	5.7
83.4	105.72	58.88	5.7
83.6	105.51	58.97	5.71
83.8	105.11	58.94	5.72
84.0	104.71	58.9	5.72
84.2	104.36	58.87	5.73
84.4	104.26	58.93	5.73
84.6	104.35	59.06	5.72
84.8	104.55	59.23	5.72
85.0	104.82	59.44	5.71
85.2	105.18	59.74	5.7
85.4	105.58	60.1	5.7
85.6	105.97	60.44	5.69
85.8	106.29	60.72	5.68
86.0	106.48	60.87	5.67
86.2	106.33	60.72	5.67
86.4	106.08	60.49	5.66
86.6	105.77	60.19	5.65
86.8	105.45	59.86	5.64
87.0	105.3	59.61	5.64
87.2	105.25	59.41	5.63
87.4	105.19	59.21	5.62
87.6	105.09	58.99	5.61
87.8	104.92	58.75	5.61
88.0	104.42	58.38	5.6
88.2	103.86	58.01	5.59
88.4	103.3	57.66	5.58
88.6	102.78	57.37	5.58
88.8	102.53	57.3	5.57
89.0	102.42	57.34	5.57
89.2	102.39	57.45	5.57
89.4	102.39	57.6	5.57
89.6	102.39	57.75	5.57
89.8	102.3	57.82	5.57
90.0	102.21	57.89	5.57
90.2	102.1	57.96	5.57
90.4	101.97	58.03	5.57
90.6	101.81	58.11	5.57
90.8	101.61	58.2	5.57
91.0	101.41	58.3	5.57
91.2	101.23	58.42	5.56
91.4	101.09	58.54	5.56
91.6	101.06	58.7	5.56
91.8	101.09	58.87	5.56
92.0	101.13	59.05	5.56
92.2	101.17	59.25	5.56
92.4	101.17	59.45	5.56
92.6	101.06	59.63	5.56
92.8	100.97	59.84	5.56
93.0	100.9	60.08	5.56
93.2	100.88	60.37	5.56
93.4	100.99	60.78	5.56
93.6	101.18	61.25	5.57
93.8	101.43	61.76	5.57
94.0	101.76	62.31	5.58
94.2	102.2	62.94	5.59
94.4	102.7	63.58	5.6
94.6	103.22	64.19	5.6
94.8	103.72	64.72	5.61
95.0	104.1	65.03	5.62
95.2	104.43	65.21	5.63
95.4	104.71	65.3	5.63
95.6	104.98	65.33	5.64
95.8	105.28	65.32	5.65
96.0	105.6	65.29	5.65
96.2	105.88	65.23	5.66
96.4	106.11	65.14	5.67
96.6	106.26	65.03	5.68
96.8	106.15	64.85	5.68
97.0	106.0	64.67	5.69
97.2	105.85	64.53	5.7
97.4	105.73	64.43	5.7
97.6	105.79	64.48	5.71
97.8	106.11	64.72	5.71
98.0	106.47	65.01	5.72
98.2	106.82	65.31	5.73
98.4	107.12	65.6	5.73
98.6	107.09	65.69	5.74
98.8	106.89	65.69	5.75
99.0	106.72	65.72	5.76
99.2	106.63	65.83	5.76
99.4	106.85	66.17	5.77
99.6	107.45	66.78	5.78
99.8	108.15	67.46	5.79
100.0	108.88	68.13	5.8
100.2	109.53	68.71	5.81
100.4	109.96	69.06	5.82
100.6	110.3	69.31	5.83
100.8	110.55	69.45	5.83
101.0	110.71	69.5	5.84
101.2	110.74	69.47	5.85
101.4	110.67	69.35	5.86
101.6	110.52	69.12	5.87
101.8	110.28	68.77	5.87
102.0	109.98	68.3	5.88
102.2	109.5	67.42	5.89
102.4	109.02	66.52	5.9
102.6	108.57	65.68	5.91
102.8	108.21	64.98	5.92
103.0	108.23	64.88	5.93
103.2	108.46	65.15	5.93
103.4	108.74	65.55	5.94
103.6	109.01	65.99	5.95
103.8	109.17	66.35	5.96
104.0	108.97	66.31	5.97
104.2	108.66	66.18	5.98
104.4	108.27	65.99	5.99
104.6	107.8	65.78	6.0
104.8	107.28	65.6	6.0
105.0	106.73	65.49	6.01
105.2	106.16	65.39	6.02
105.4	105.59	65.29	6.03
105.6	105.04	65.17	6.03
105.8	104.53	64.99	6.04
106.0	104.06	64.76	6.05
106.2	103.68	64.55	6.06
106.4	103.38	64.38	6.07
106.6	103.19	64.3	6.08
106.8	103.21	64.41	6.09
107.0	103.35	64.59	6.11
107.2	103.58	64.84	6.12
107.4	103.9	65.12	6.13
107.6	104.37	65.48	6.14
107.8	104.89	65.84	6.15
108.0	105.43	66.18	6.16
108.2	105.93	66.47	6.17
108.4	106.33	66.61	6.18
108.6	106.5	66.55	6.19
108.8	106.62	66.4	6.21
109.0	106.69	66.19	6.22
109.2	106.73	65.93	6.23
109.4	106.84	65.69	6.24
109.6	106.98	65.46	6.25
109.8	107.08	65.2	6.26
110.0	107.16	64.92	6.27
110.2	107.18	64.61	6.27
110.4	107.01	64.15	6.28
110.6	106.82	63.7	6.29
110.8	106.62	63.31	6.29
111.0	106.45	63.02	6.3
111.2	106.41	63.06	6.3
111.4	106.44	63.27	6.31
111.6	106.5	63.53	6.31
111.8	106.55	63.8	6.32
112.0	106.53	63.88	6.33
112.2	106.47	63.83	6.33
112.4	106.38	63.75	6.34
112.6	106.28	63.65	6.34
112.8	106.16	63.57	6.35
113.0	106.05	63.56	6.35
113.2	105.92	63.58	6.36
113.4	105.79	63.61	6.36
113.6	105.67	63.64	6.37
113.8	105.55	63.66	6.37
114.0	105.44	63.66	6.38
114.2	105.34	63.68	6.38
114.4	105.24	63.76	6.39
114.6	105.16	63.9	6.39
114.8	104.96	64.17	6.4
115.0	104.82	64.51	6.4
115.2	104.8	64.94	6.4
115.4	104.96	65.45	6.41
115.6	105.65	66.19	6.41
115.8	106.54	66.98	6.42
116.0	107.45	67.69	6.42
116.2	108.26	68.25	6.42
116.4	108.7	68.4	6.43
116.6	108.94	68.35	6.43
116.8	108.98	68.1	6.44
117.0	108.72	67.6	6.44
117.2	108.08	66.82	6.44
117.4	107.36	65.98	6.45
117.6	106.65	65.17	6.45
117.8	106.3	64.66	6.46
118.0	106.46	64.6	6.46
118.2	106.76	64.69	6.47
118.4	107.14	64.87	6.47
118.6	107.52	65.09	6.47
118.8	107.71	65.19	6.48
119.0	107.7	65.17	6.48
119.2	107.61	65.13	6.48
119.4	107.45	65.1	6.49
119.6	107.22	65.07	6.49
119.8	106.85	65.09	6.49
120.0	106.45	65.12	6.5
120.2	106.06	65.18	6.5
120.4	105.73	65.27	6.5
120.6	105.54	65.38	6.51
120.8	105.49	65.53	6.51
121.0	105.53	65.72	6.51
121.2	105.67	65.95	6.52
121.4	105.94	66.26	6.52
121.6	106.32	66.63	6.52
121.8	106.73	67.03	6.52
122.0	107.15	67.46	6.53
122.2	107.46	67.94	6.53
122.4	107.7	68.42	6.53
122.6	107.9	68.86	6.54
122.8	108.05	69.23	6.54
123.0	108.14	69.43	6.54
123.2	108.17	69.43	6.55
123.4	108.18	69.34	6.55
123.6	108.17	69.18	6.55
123.8	108.17	68.98	6.55
124.0	108.32	68.81	6.56
124.2	108.46	68.61	6.56
124.4	108.56	68.4	6.56
124.6	108.61	68.17	6.56
124.8	108.47	67.92	6.57
125.0	108.16	67.64	6.57
125.2	107.8	67.38	6.57
125.4	107.45	67.13	6.57
125.6	107.19	66.93	6.58
125.8	107.09	66.79	6.58
126.0	107.01	66.68	6.58
126.2	106.96	66.59	6.58
126.4	106.87	66.51	6.59
126.6	106.72	66.43	6.59
126.8	106.55	66.35	6.59
127.0	106.38	66.28	6.59
127.2	106.2	66.22	6.6
127.4	106.05	66.2	6.6
127.6	105.91	66.19	6.6
127.8	105.77	66.15	6.6
128.0	105.63	66.1	6.61
128.2	105.48	65.96	6.61
128.4	105.33	65.73	6.61
128.6	105.18	65.47	6.61
128.8	105.04	65.19	6.62
129.0	104.91	64.93	6.62
129.2	104.79	64.72	6.62
129.4	104.69	64.55	6.62
129.6	104.62	64.41	6.62
129.8	104.59	64.29	6.63
130.0	104.61	64.18	6.63
130.2	104.72	64.11	6.63
130.4	104.87	64.05	6.63
130.6	105.07	64.01	6.64
130.8	105.3	63.97	6.64
131.0	105.5	63.87	6.64
131.2	105.72	63.76	6.64
131.4	106.01	63.72	6.64
131.6	106.4	63.8	6.65
131.8	107.03	64.2	6.65
132.0	107.86	64.87	6.65
132.2	108.71	65.57	6.65
132.4	109.51	66.2	6.66
132.6	109.98	66.42	6.66
132.8	110.22	66.35	6.66
133.0	110.37	66.18	6.67
133.2	110.47	65.96	6.67
133.4	110.7	65.94	6.67
133.6	111.04	66.09	6.67
133.8	111.37	66.26	6.68
134.0	111.69	66.41	6.68
134.2	111.96	66.54	6.68
134.4	112.06	66.48	6.68
134.6	112.07	66.3	6.69
134.8	112.03	66.08	6.69
135.0	111.96	65.84	6.69
135.2	111.87	65.57	6.69
135.4	111.84	65.36	6.7
135.6	111.82	65.17	6.7
135.8	111.78	64.98	6.7
136.0	111.72	64.8	6.7
136.2	111.63	64.62	6.7
136.4	111.43	64.44	6.7
136.6	111.19	64.27	6.7
136.8	110.95	64.12	6.7
137.0	110.71	64.0	6.7
137.2	110.51	63.92	6.7
137.4	110.37	63.88	6.7
137.6	110.25	63.87	6.7
137.8	110.15	63.88	6.7
138.0	110.08	63.9	6.69
138.2	110.05	63.93	6.69
138.4	110.02	63.96	6.69
138.6	109.98	63.99	6.69
138.8	109.93	64.01	6.68
139.0	109.77	63.97	6.68
139.2	109.54	63.88	6.68
139.4	109.29	63.8	6.68
139.6	109.06	63.74	6.68
139.8	108.85	63.71	6.67
140.0	108.76	63.79	6.67
140.2	108.78	63.96	6.67
140.4	108.82	64.17	6.67
140.6	108.88	64.42	6.67
140.8	108.93	64.68	6.66
141.0	108.87	64.91	6.66
141.2	108.74	65.11	6.66
141.4	108.66	65.36	6.66
141.6	108.66	65.66	6.66
141.8	108.81	66.06	6.65
142.0	109.2	66.62	6.65
142.2	109.69	67.23	6.65
142.4	110.27	67.88	6.65
142.6	110.92	68.54	6.65
142.8	111.64	69.2	6.65
143.0	112.38	69.82	6.65
143.2	113.1	70.4	6.65
143.4	113.79	70.91	6.65
143.6	114.3	71.21	6.65
143.8	114.73	71.41	6.65
144.0	115.1	71.54	6.65
144.2	115.43	71.6	6.64
144.4	115.74	71.63	6.64
144.6	116.11	71.7	6.64
144.8	116.44	71.73	6.64
145.0	116.71	71.71	6.64
145.2	116.89	71.63	6.64
145.4	116.95	71.46	6.64
145.6	116.86	71.19	6.64
145.8	116.64	70.85	6.64
146.0	116.31	70.43	6.64
146.2	115.86	69.95	6.64
146.4	115.16	69.31	6.64
146.6	114.36	68.61	6.64
146.8	113.53	67.92	6.64
147.0	112.72	67.26	6.64
147.2	112.15	66.79	6.64
147.4	111.83	66.5	6.64
147.6	111.6	66.31	6.64
147.8	111.41	66.18	6.64
148.0	111.22	66.11	6.64
148.2	110.98	66.07	6.64
148.4	110.55	66.01	6.64
148.6	110.09	65.97	6.64
148.8	109.6	65.95	6.64
149.0	109.08	65.92	6.65
149.2	108.56	65.89	6.65
149.4	108.0	65.76	6.65
149.6	107.45	65.64	6.65
149.8	106.93	65.54	6.65
150.0	106.45	65.47	6.65
150.2	106.04	65.46	6.65
150.4	105.83	65.6	6.65
150.6	105.7	65.8	6.65
150.8	105.61	66.06	6.65
151.0	105.57	66.36	6.65
151.2	105.55	66.7	6.65
151.4	105.33	66.98	6.65
151.6	105.13	67.29	6.65
151.8	105.04	67.67	6.66
152.0	105.13	68.16	6.66
152.2	105.61	68.86	6.66
152.4	106.59	69.85	6.67
152.6	107.68	70.87	6.67
152.8	108.76	71.83	6.68
153.0	109.64	72.57	6.68
153.2	110.09	72.92	6.69
153.4	110.42	73.15	6.7
153.6	110.68	73.33	6.7
153.8	110.96	73.58	6.71
154.0	111.4	74.09	6.71
154.2	111.82	74.62	6.72
154.4	112.22	75.13	6.72
154.6	112.56	75.57	6.73
154.8	112.78	75.82	6.73
155.0	112.8	75.75	6.73
155.2	112.75	75.59	6.74
155.4	112.67	75.37	6.74
155.6	112.57	75.13	6.75
155.8	112.54	74.98	6.75
156.0	112.62	74.95	6.76
156.2	112.68	74.93	6.76
156.4	112.72	74.91	6.77
156.6	112.71	74.89	6.77
156.8	112.56	74.79	6.78
157.0	112.25	74.61	6.78
157.2	111.92	74.43	6.78
157.4	111.59	74.27	6.79
157.6	111.29	74.15	6.79
157.8	111.17	74.17	6.79
158.0	111.15	74.28	6.79
158.2	111.14	74.42	6.79
158.4	111.13	74.59	6.79
158.6	111.02	74.73	6.78
158.8	110.77	74.82	6.78
159.0	110.54	74.94	6.78
159.2	110.37	75.11	6.77
159.4	110.41	75.41	6.77
159.6	110.8	75.93	6.76
159.8	111.27	76.47	6.76
160.0	111.76	76.99	6.75
160.2	112.21	77.44	6.75
160.4	112.4	77.61	6.74
160.6	112.33	77.52	6.74
160.8	112.17	77.33	6.74
161.0	111.94	77.06	6.73
161.2	111.66	76.75	6.73
161.4	111.39	76.49	6.72
161.6	111.12	76.25	6.72
161.8	110.84	76.02	6.71
162.0	110.58	75.8	6.71
162.2	110.33	75.61	6.7
162.4	110.18	75.51	6.7
162.6	110.1	75.46	6.69
162.8	110.02	75.42	6.69
163.0	109.91	75.36	6.68
163.2	109.77	75.27	6.68
163.4	109.51	75.04	6.68
163.6	109.17	74.74	6.68
163.8	108.78	74.41	6.68
164.0	108.33	74.08	6.68
164.2	107.77	73.75	6.68
164.4	107.09	73.46	6.68
164.6	106.43	73.19	6.69
164.8	105.85	72.97	6.69
165.0	105.46	72.83	6.7
165.2	105.54	72.84	6.7
165.4	105.76	72.9	6.7
165.6	106.06	73.01	6.71
165.8	106.41	73.14	6.71
166.0	106.72	73.25	6.71
166.2	106.7	73.25	6.71
166.4	106.66	73.26	6.72
166.6	106.62	73.29	6.72
166.8	106.63	73.35	6.72
167.0	106.8	73.53	6.73
167.2	107.23	73.88	6.73
167.4	107.68	74.25	6.73
167.6	108.1	74.6	6.74
167.8	108.44	74.88	6.74
168.0	108.44	74.95	6.74
168.2	108.14	74.81	6.74
168.4	107.82	74.64	6.75
168.6	107.54	74.45	6.75
168.8	107.47	74.37	6.75
169.0	107.89	74.56	6.75
169.2	108.37	74.73	6.75
169.4	108.82	74.8	6.75
169.6	109.07	74.65	6.75
169.8	108.76	73.93	6.75
170.0	108.33	73.07	6.75
170.2	107.86	72.14	6.75
170.4	107.41	71.23	6.75
170.6	107.4	70.73	6.75
170.8	107.56	70.39	6.75
171.0	107.82	70.16	6.75
171.2	108.14	70.03	6.75
171.4	108.51	69.99	6.75
171.6	108.9	70.05	6.75
171.8	109.28	70.2	6.75
172.0	109.62	70.36	6.75
172.2	109.89	70.5	6.75
172.4	110.06	70.59	6.75
172.6	109.9	70.43	6.75
172.8	109.53	70.12	6.76
173.0	109.15	69.8	6.76
173.2	108.82	69.52	6.76
173.4	108.69	69.35	6.75
173.6	108.94	69.41	6.75
173.8	109.28	69.55	6.75
174.0	109.63	69.75	6.75
174.2	109.91	70.01	6.75
174.4	109.95	70.28	6.75
174.6	109.97	70.6	6.74
174.8	109.98	70.94	6.74
175.0	110.07	71.32	6.74
175.2	110.44	71.83	6.73
175.4	110.82	72.31	6.73
175.6	111.17	72.72	6.73
175.8	111.43	73.03	6.73
176.0	111.38	73.04	6.72
176.2	111.0	72.71	6.72
176.4	110.52	72.29	6.72
176.6	110.02	71.83	6.71
176.8	109.53	71.39	6.71
177.0	109.36	71.23	6.71
177.2	109.28	71.15	6.71
177.4	109.23	71.12	6.7
177.6	109.21	71.13	6.7
177.8	109.18	71.15	6.7
178.0	109.07	71.15	6.7
178.2	108.94	71.15	6.69
178.4	108.81	71.18	6.69
178.6	108.65	71.22	6.69
178.8	108.43	71.29	6.69
179.0	108.22	71.39	6.69
179.2	108.03	71.49	6.69
179.4	107.87	71.61	6.68
179.6	107.88	71.8	6.68
179.8	107.96	71.99	6.68
180.0	108.08	72.13	6.68
180.2	108.21	72.19	6.68
180.4	108.33	72.05	6.68
180.6	108.36	71.37	6.68
180.8	108.37	70.64	6.68
181.0	108.38	69.95	6.68
181.2	108.38	69.4	6.68
181.4	108.39	69.28	6.68
181.6	108.42	69.92	6.68
181.8	108.45	70.72	6.68
182.0	108.46	71.59	6.68
182.2	108.46	72.44	6.68
182.4	108.39	72.94	6.67
182.6	108.28	73.15	6.67
182.8	108.15	73.26	6.67
183.0	108.02	73.32	6.67
183.2	107.9	73.38	6.66
183.4	107.81	73.51	6.65
183.6	107.72	73.63	6.65
183.8	107.65	73.74	6.64
184.0	107.58	73.84	6.63
184.2	107.54	73.94	6.62
184.4	107.51	74.02	6.62
184.6	107.47	74.06	6.61
184.8	107.42	74.05	6.6
185.0	107.35	74.0	6.59
185.2	107.17	73.72	6.58
185.4	106.97	73.41	6.57
185.6	106.77	73.11	6.57
185.8	106.58	72.86	6.56
186.0	106.39	72.7	6.56
186.2	106.2	72.71	6.56
186.4	106.09	72.82	6.57
186.6	106.1	73.06	6.57
186.8	106.32	73.48	6.58
187.0	106.87	74.16	6.59
187.2	107.53	74.9	6.59
187.4	108.23	75.66	6.6
187.6	108.93	76.38	6.61
187.8	109.62	77.06	6.61
188.0	110.16	77.53	6.62
188.2	110.44	77.73	6.63
188.4	110.33	77.5	6.63
188.6	109.2	76.18	6.64
188.8	107.86	74.63	6.65
189.0	106.48	73.08	6.66
189.2	105.45	71.92	6.67
189.4	105.49	72.05	6.68
189.6	105.81	72.48	6.68
189.8	106.29	73.06	6.69
190.0	106.82	73.66	6.69
190.2	107.16	73.93	6.7
190.4	106.99	73.43	6.7
190.6	106.8	72.89	6.7
190.8	106.64	72.41	6.7
191.0	106.63	72.2	6.7
191.2	106.97	72.58	6.7
191.4	107.36	73.08	6.7
191.6	107.75	73.62	6.7
191.8	108.01	73.98	6.69
192.0	108.07	74.05	6.69
192.2	108.07	74.04	6.69
192.4	108.02	73.96	6.69
192.6	107.94	73.84	6.68
192.8	107.84	73.72	6.68
193.0	107.75	73.59	6.68
193.2	107.7	73.47	6.68
193.4	107.72	73.38	6.68
193.6	108.04	73.46	6.67
193.8	108.48	73.6	6.67
194.0	108.91	73.73	6.67
194.2	109.3	73.83	6.67
194.4	109.59	73.87	6.66
194.6	109.36	73.55	6.66
194.8	109.06	73.2	6.66
195.0	108.77	72.9	6.66
195.2	108.56	72.7	6.65
195.4	108.7	72.9	6.65
195.6	109.06	73.33	6.65
195.8	109.52	73.78	6.64
196.0	110.06	74.18	6.64
196.2	110.58	74.22	6.63
196.4	111.12	74.06	6.63
196.6	111.67	73.81	6.62
196.8	112.24	73.53	6.61
197.0	112.88	73.42	6.61
197.2	113.54	73.4	6.6
197.4	114.15	73.36	6.59
197.6	114.67	73.25	6.59
197.8	115.06	73.03	6.58
198.0	115.02	72.38	6.57
198.2	114.85	71.63	6.57
198.4	114.61	70.84	6.56
198.6	114.36	70.09	6.56
198.8	114.27	69.56	6.55
199.0	114.36	69.27	6.55
199.2	114.43	69.02	6.54
199.4	114.44	68.78	6.54
199.6	114.28	68.45	6.54
199.8	113.83	67.92	6.54
200.0	113.29	67.38	6.54
200.2	112.7	66.86	6.54
200.4	112.1	66.42	6.54
200.6	111.65	66.25	6.54
200.8	111.22	66.18	6.54
201.0	110.84	66.19	6.54
201.2	110.49	66.28	6.54
201.4	110.19	66.42	6.54
201.6	110.03	66.71	6.54
201.8	109.89	67.01	6.54
202.0	109.75	67.28	6.54
202.2	109.59	67.49	6.54
202.4	109.37	67.61	6.54
202.6	108.88	67.28	6.54
202.8	108.36	66.89	6.55
203.0	107.86	66.51	6.55
203.2	107.43	66.19	6.55
203.4	107.16	66.09	6.56
203.6	107.05	66.19	6.56
203.8	107.05	66.43	6.57
204.0	107.17	66.8	6.58
204.2	107.48	67.41	6.58
204.4	107.96	68.21	6.59
204.6	108.5	69.05	6.59
204.8	109.06	69.87	6.6
205.0	109.63	70.59	6.6
205.2	110.21	71.11	6.6
205.4	110.64	71.44	6.61
205.6	110.83	71.53	6.61
205.8	110.56	71.2	6.62
206.0	109.45	70.2	6.63
206.2	108.18	69.05	6.63
206.4	106.89	67.89	6.64
206.6	106.03	67.11	6.65
206.8	106.04	67.1	6.65
207.0	106.29	67.28	6.66
207.2	106.66	67.59	6.66
207.4	107.06	67.92	6.66
207.6	107.23	68.04	6.66
207.8	107.08	67.89	6.66
208.0	106.89	67.71	6.66
208.2	106.68	67.54	6.66
208.4	106.53	67.46	6.66
208.6	106.47	67.48	6.66
208.8	106.4	67.52	6.66
209.0	106.3	67.57	6.65
209.2	106.05	67.53	6.65
209.4	105.67	67.41	6.65
209.6	105.28	67.29	6.65
209.8	104.93	67.16	6.64
210.0	104.71	67.08	6.64
210.2	104.85	67.1	6.64
210.4	105.06	67.14	6.64
210.6	105.28	67.2	6.64
210.8	105.46	67.26	6.63
211.0	105.35	67.23	6.63
211.2	105.01	67.15	6.63
211.4	104.65	67.09	6.63
211.6	104.34	67.1	6.62
211.8	104.25	67.28	6.62
212.0	104.47	67.67	6.62
212.2	104.75	68.09	6.62
212.4	105.0	68.46	6.62
212.6	105.06	68.6	6.62
212.8	104.86	68.47	6.61
213.0	104.59	68.27	6.61
213.2	104.3	68.02	6.61
213.4	104.08	67.82	6.61
213.6	103.98	67.75	6.61
213.8	103.93	67.71	6.61
214.0	103.93	67.71	6.61
214.2	103.98	67.76	6.61
214.4	104.11	67.9	6.61
214.6	104.31	68.1	6.61
214.8	104.52	68.32	6.61
215.0	104.72	68.54	6.61
215.2	104.89	68.74	6.6
215.4	104.85	68.78	6.6
215.6	104.77	68.79	6.6
215.8	104.73	68.84	6.6
216.0	104.77	68.94	6.6
216.2	105.2	69.35	6.6
216.4	105.78	69.88	6.6
216.6	106.33	70.34	6.59
216.8	106.75	70.67	6.59
217.0	106.54	70.39	6.59
217.2	106.04	69.81	6.58
217.4	105.47	69.17	6.58
217.6	104.93	68.57	6.58
217.8	104.96	68.53	6.57
218.0	105.36	68.84	6.57
218.2	105.85	69.28	6.57
218.4	106.36	69.76	6.57
218.6	106.82	70.23	6.56
218.8	106.81	70.37	6.56
219.0	106.62	70.38	6.56
219.2	106.42	70.37	6.55
219.4	106.28	70.37	6.55
219.6	106.48	70.53	6.55
219.8	106.9	70.8	6.55
220.0	107.36	71.07	6.54
220.2	107.77	71.31	6.54
220.4	107.88	71.38	6.54
220.6	107.8	71.34	6.54
220.8	107.65	71.27	6.54
221.0	107.49	71.18	6.54
221.2	107.44	71.16	6.54
221.4	107.5	71.21	6.54
221.6	107.62	71.28	6.54
221.8	107.79	71.37	6.54
222.0	108.02	71.49	6.54
222.2	108.43	71.68	6.54
222.4	108.94	71.91	6.53
222.6	109.44	72.11	6.53
222.8	109.91	72.27	6.53
223.0	110.29	72.36	6.53
223.2	110.43	72.26	6.53
223.4	110.34	71.99	6.54
223.6	110.17	71.66	6.54
223.8	109.94	71.3	6.54
224.0	109.66	70.94	6.54
224.2	109.35	70.64	6.55
224.4	109.06	70.36	6.55
224.6	108.79	70.08	6.55
224.8	108.57	69.83	6.56
225.0	108.56	69.63	6.56
225.2	108.63	69.45	6.56
225.4	108.74	69.29	6.57
225.6	108.87	69.14	6.57
225.8	108.99	68.99	6.57
226.0	109.03	68.81	6.57
226.2	109.05	68.64	6.58
226.4	109.05	68.48	6.58
226.6	109.04	68.34	6.58
226.8	109.0	68.23	6.58
227.0	108.95	68.19	6.59
227.2	108.88	68.15	6.59
227.4	108.78	68.12	6.59
227.6	108.65	68.09	6.6
227.8	108.49	68.02	6.6
228.0	108.28	67.92	6.6
228.2	108.05	67.81	6.61
228.4	107.79	67.7	6.61
228.6	107.45	67.55	6.62
228.8	107.04	67.37	6.63
229.0	106.69	67.26	6.63
229.2	106.43	67.24	6.64
229.4	106.43	67.47	6.64
229.6	106.86	68.07	6.65
229.8	107.41	68.79	6.65
230.0	108.03	69.57	6.65
230.2	108.64	70.35	6.66
230.4	109.15	71.09	6.66
230.6	109.53	71.72	6.67
230.8	109.74	72.18	6.67
231.0	109.75	72.42	6.67
231.2	109.35	72.17	6.68
231.4	108.41	71.27	6.69
231.6	107.37	70.24	6.69
231.8	106.35	69.22	6.7
232.0	105.66	68.54	6.7
232.2	105.72	68.66	6.71
232.4	105.97	68.99	6.71
232.6	106.35	69.47	6.71
232.8	106.76	70.02	6.72
233.0	106.99	70.44	6.72
233.2	106.96	70.66	6.72
233.4	106.92	70.9	6.72
233.6	106.93	71.19	6.72
233.8	107.15	71.68	6.72
234.0	107.62	72.4	6.71
234.2	108.05	73.08	6.71
234.4	108.35	73.65	6.7
234.6	108.12	73.77	6.7
234.8	107.41	73.45	6.69
235.0	106.61	73.04	6.68
235.2	105.85	72.63	6.68
235.4	105.57	72.55	6.67
235.6	106.17	73.12	6.66
235.8	107.01	73.85	6.66
236.0	108.0	74.67	6.65
236.2	109.04	75.5	6.64
236.4	110.04	76.28	6.64
236.6	110.61	76.67	6.63
236.8	110.94	76.85	6.63
237.0	111.18	76.98	6.62
237.2	111.34	77.08	6.61
237.4	111.47	77.24	6.6
237.6	111.57	77.51	6.59
237.8	111.62	77.77	6.58
238.0	111.62	78.01	6.56
238.2	111.56	78.19	6.55
238.4	111.43	78.23	6.53
238.6	111.25	78.21	6.51
238.8	111.02	78.15	6.5
239.0	110.75	78.05	6.48
239.2	110.41	77.91	6.47
239.4	110.0	77.74	6.45
239.6	109.58	77.56	6.44
239.8	109.17	77.39	6.42
240.0	108.81	77.23	6.4
240.2	108.57	77.13	6.39
240.4	108.64	77.17	6.37
240.6	108.75	77.22	6.36
240.8	108.87	77.28	6.34
241.0	108.95	77.32	6.33
241.2	108.96	77.32	6.31
241.4	108.71	77.21	6.29
241.6	108.34	77.05	6.28
241.8	107.9	76.83	6.26
242.0	107.39	76.57	6.25
242.2	106.75	76.21	6.23
242.4	106.03	75.77	6.21
242.6	105.33	75.33	6.19
242.8	104.69	74.93	6.18
243.0	104.27	74.67	6.16
243.2	104.18	74.66	6.14
243.4	104.22	74.71	6.12
243.6	104.33	74.78	6.1
243.8	104.5	74.85	6.09
244.0	104.63	74.82	6.07
244.2	104.58	74.5	6.05
244.4	104.53	74.16	6.03
244.6	104.5	73.8	6.01
244.8	104.49	73.47	6.0
245.0	104.54	73.2	5.98
245.2	104.84	73.29	5.96
245.4	105.17	73.43	5.94
245.6	105.5	73.59	5.92
245.8	105.81	73.72	5.91
246.0	106.05	73.79	5.89
246.2	106.04	73.61	5.87
246.4	105.92	73.31	5.85
246.6	105.76	72.94	5.83
246.8	105.58	72.52	5.81
247.0	105.42	72.07	5.8
247.2	105.31	71.61	5.79
247.4	105.25	71.13	5.79
247.6	105.25	70.63	5.79
247.8	105.34	70.13	5.78
248.0	105.61	69.65	5.78
248.2	105.97	69.17	5.77
248.4	106.4	68.67	5.77
248.6	106.9	68.16	5.77
248.8	107.44	67.64	5.76
249.0	108.12	67.08	5.76
249.2	108.8	66.5	5.75
249.4	109.46	65.89	5.75
249.6	110.04	65.24	5.74
249.8	110.53	64.57	5.74
250.0	110.74	63.86	5.73
250.2	110.78	63.11	5.73
250.4	110.7	62.33	5.73
250.6	110.52	61.51	5.72
250.8	110.23	60.65	5.72
251.0	109.83	59.7	5.71
251.2	109.38	58.75	5.71
251.4	108.89	57.82	5.7
251.6	108.4	56.94	5.69
251.8	107.98	56.21	5.69
252.0	107.61	55.56	5.68
252.2	107.26	54.99	5.68
252.4	106.96	54.52	5.67
252.6	106.7	54.13	5.67
252.8	106.6	53.96	5.66
253.0	106.57	53.9	5.66
253.2	106.54	53.89	5.65
253.4	106.49	53.88	5.65
253.6	106.38	53.86	5.64
253.8	106.07	53.65	5.63
254.0	105.54	53.23	5.63
254.2	104.98	52.82	5.62
254.4	104.42	52.46	5.62
254.6	103.89	52.2	5.61
254.8	103.54	52.27	5.61
255.0	103.3	52.52	5.61
255.2	103.09	52.85	5.61
255.4	102.92	53.23	5.61
255.6	102.7	53.58	5.62
255.8	102.45	53.87	5.62
256.0	102.23	54.16	5.62
256.2	102.07	54.44	5.62
256.4	101.99	54.73	5.62
256.6	102.19	55.06	5.62
256.8	102.49	55.37	5.63
257.0	102.84	55.67	5.63
257.2	103.23	55.92	5.63
257.4	103.63	56.13	5.63
257.6	103.96	56.25	5.63
257.8	104.25	56.3	5.63
258.0	104.51	56.29	5.64
258.2	104.73	56.2	5.64
258.4	104.89	56.04	5.64
258.6	104.91	55.68	5.64
258.8	104.85	55.23	5.64
259.0	104.76	54.77	5.64
259.2	104.67	54.34	5.64
259.4	104.6	53.97	5.64
259.6	104.72	53.91	5.64
259.8	104.85	53.92	5.64
260.0	104.95	53.98	5.64
260.2	104.99	54.04	5.64
260.4	104.8	54.03	5.64
260.6	104.47	53.96	5.64
260.8	104.09	53.85	5.64
261.0	103.69	53.7	5.64
261.2	103.37	53.45	5.64
261.4	103.17	53.09	5.64
261.6	102.98	52.7	5.64
261.8	102.8	52.29	5.64
262.0	102.6	51.89	5.64
262.2	102.31	51.52	5.64
262.4	101.87	51.22	5.64
262.6	101.42	50.98	5.64
262.8	100.98	50.82	5.64
263.0	100.59	50.74	5.64
263.2	100.31	50.8	5.64
263.4	100.34	51.16	5.64
263.6	100.42	51.59	5.63
263.8	100.54	52.08	5.63
264.0	100.65	52.57	5.63
264.2	100.74	53.05	5.63
264.4	100.62	53.32	5.63
264.6	100.43	53.54	5.64
264.8	100.22	53.73	5.63
265.0	100.0	53.91	5.63
265.2	99.78	54.11	5.63
265.4	99.57	54.34	5.62
265.6	99.39	54.57	5.61
265.8	99.24	54.8	5.6
266.0	99.16	55.03	5.58
266.2	99.2	55.27	5.57
266.4	99.29	55.5	5.56
266.6	99.42	55.72	5.55
266.8	99.58	55.93	5.54
267.0	99.74	56.1	5.53
267.2	99.86	56.19	5.51
267.4	99.99	56.28	5.5
267.6	100.12	56.38	5.49
267.8	100.27	56.51	5.48
268.0	100.43	56.73	5.47
268.2	100.61	57.12	5.46
268.4	100.8	57.52	5.45
268.6	100.98	57.89	5.44
268.8	101.14	58.18	5.43
269.0	101.18	58.2	5.43
269.2	101.24	58.16	5.43
269.4	101.33	58.09	5.43
269.6	101.49	58.01	5.43
269.8	101.87	58.1	5.43
270.0	102.34	58.22	5.43
270.2	102.89	58.37	5.43
270.4	103.5	58.54	5.43
270.6	104.17	58.75	5.43
270.8	104.91	59.03	5.43
271.0	105.64	59.28	5.43
271.2	106.33	59.46	5.43
271.4	106.94	59.54	5.43
271.6	107.39	59.44	5.43
271.8	107.7	59.17	5.43
272.0	107.87	58.74	5.43
272.2	107.89	58.16	5.43
272.4	107.66	57.28	5.43
272.6	107.22	56.16	5.43
272.8	106.7	54.98	5.43
273.0	106.15	53.82	5.43
273.2	105.68	52.85	5.44
273.4	105.32	52.1	5.44
273.6	105.02	51.48	5.44
273.8	104.78	51.01	5.45
274.0	104.68	50.73	5.46
274.2	104.75	50.71	5.47
274.4	104.83	50.73	5.49
274.6	104.85	50.75	5.5
274.8	104.64	50.54	5.52
275.0	104.1	50.01	5.54
275.2	103.49	49.43	5.55
275.4	102.88	48.87	5.57
275.6	102.42	48.47	5.58
275.8	102.39	48.47	5.6
276.0	102.44	48.57	5.61
276.2	102.52	48.73	5.62
276.4	102.57	48.9	5.63
276.6	102.42	48.93	5.64
276.8	101.98	48.74	5.66
277.0	101.51	48.57	5.67
277.2	101.03	48.47	5.68
277.4	100.6	48.51	5.69
277.6	100.42	48.96	5.69
277.8	100.3	49.51	5.7
278.0	100.19	50.13	5.7
278.2	100.08	50.77	5.7
278.4	99.79	51.23	5.71
278.6	99.49	51.65	5.71
278.8	99.22	52.05	5.71
279.0	99.0	52.46	5.72
279.2	99.06	52.99	5.72
279.4	99.26	53.55	5.73
279.6	99.5	54.09	5.73
279.8	99.74	54.56	5.73
280.0	99.92	54.92	5.74
280.2	99.82	54.95	5.74
280.4	99.67	54.91	5.74
280.6	99.5	54.86	5.75
280.8	99.33	54.83	5.75
281.0	99.24	55.0	5.75
281.2	99.22	55.36	5.76
281.4	99.25	55.78	5.76
281.6	99.35	56.25	5.76
281.8	99.5	56.73	5.77
282.0	99.75	57.16	5.77
282.2	100.07	57.59	5.77
282.4	100.44	58.02	5.77
282.6	100.86	58.43	5.77
282.8	101.32	58.88	5.77
283.0	101.82	59.31	5.77
283.2	102.36	59.68	5.77
283.4	102.93	59.97	5.77
283.6	103.6	60.1	5.77
283.8	104.29	60.11	5.77
284.0	104.96	60.01	5.77
284.2	105.59	59.79	5.77
284.4	106.04	59.4	5.77
284.6	106.32	58.86	5.77
284.8	106.54	58.24	5.77
285.0	106.72	57.58	5.77
285.2	106.89	56.89	5.78
285.4	107.24	56.33	5.78
285.6	107.61	55.8	5.78
285.8	107.93	55.27	5.78
286.0	108.18	54.75	5.78
286.2	108.33	54.23	5.78
286.4	108.15	53.62	5.78
286.6	107.88	53.04	5.78
286.8	107.55	52.5	5.78
287.0	107.19	52.04	5.78
287.2	106.88	51.73	5.78
287.4	106.61	51.57	5.78
287.6	106.36	51.47	5.78
287.8	106.14	51.42	5.78
