0.2	85.55	67.99	5.31
0.4	85.98	67.56	5.3
0.6	86.51	67.73	5.3
0.8	87.1	68.34	5.3
1.0	87.7	69.22	5.29
1.2	88.29	70.2	5.29
1.4	88.83	71.11	5.28
1.6	89.28	71.78	5.28
1.8	89.57	71.62	5.28
2.0	89.68	70.68	5.27
2.2	89.63	69.46	5.27
2.4	89.4	68.11	5.27
2.6	88.83	67.0	5.26
2.8	87.99	66.18	5.26
3.0	87.05	65.49	5.26
3.2	86.07	64.95	5.25
3.4	85.2	64.63	5.25
3.6	84.66	64.68	5.24
3.8	84.2	64.86	5.24
4.0	83.82	65.12	5.24
4.2	83.48	65.4	5.23
4.4	83.14	65.56	5.23
4.6	82.77	65.52	5.23
4.8	82.43	65.46	5.22
5.0	82.12	65.38	5.22
5.2	81.86	65.32	5.21
5.4	81.68	65.47	5.21
5.6	81.55	65.59	5.21
5.8	81.44	65.64	5.21
6.0	81.34	65.57	5.2
6.2	81.15	64.86	5.2
6.4	80.92	63.78	5.2
6.6	80.76	62.8	5.2
6.8	80.72	62.09	5.2
7.0	80.85	62.05	5.2
7.2	81.28	63.35	5.19
7.4	81.87	64.99	5.19
7.6	82.63	66.76	5.19
7.8	83.6	68.4	5.19
8.0	84.85	69.59	5.19
8.2	86.13	70.56	5.19
8.4	87.33	71.29	5.19
8.6	88.25	71.75	5.18
8.8	88.82	71.91	5.18
9.0	89.18	71.71	5.18
9.2	89.3	71.12	5.18
9.4	89.08	69.61	5.18
9.6	88.63	67.61	5.18
9.8	88.04	65.47	5.17
10.0	87.37	63.36	5.17
10.2	86.83	62.01	5.17
10.4	86.46	61.56	5.17
10.6	86.1	61.42	5.17
10.8	85.74	61.53	5.17
11.0	85.38	61.8	5.16
11.2	84.98	62.16	5.16
11.4	84.4	62.16	5.16
11.6	83.81	62.19	5.16
11.8	83.22	62.26	5.16
12.0	82.65	62.37	5.16
12.2	82.12	62.53	5.16
12.4	81.66	62.74	5.17
12.6	81.28	63.0	5.17
12.8	80.98	63.34	5.18
13.0	80.79	63.77	5.18
13.2	80.72	64.29	5.19
13.4	80.84	64.91	5.19
13.6	81.1	65.64	5.19
13.8	81.49	66.5	5.2
14.0	82.02	67.49	5.2
14.2	82.74	68.77	5.21
14.4	83.67	70.42	5.21
14.6	84.67	72.02	5.22
14.8	85.68	73.42	5.22
15.0	86.63	74.33	5.23
15.2	87.49	74.54	5.23
15.4	88.22	74.36	5.24
15.6	88.78	73.84	5.24
15.8	89.05	72.97	5.25
16.0	88.85	71.68	5.26
16.2	88.45	70.22	5.26
16.4	87.91	68.67	5.27
16.6	87.28	67.14	5.27
16.8	86.75	65.96	5.28
17.0	86.34	65.18	5.28
17.2	85.94	64.57	5.29
17.4	85.54	64.11	5.3
17.6	85.14	63.8	5.3
17.8	84.74	63.6	5.31
18.0	84.18	63.47	5.31
18.2	83.64	63.45	5.32
18.4	83.17	63.54	5.33
18.6	82.81	63.73	5.33
18.8	82.6	64.04	5.34
19.0	82.84	64.61	5.35
19.2	83.28	65.28	5.35
19.4	83.81	65.96	5.36
19.6	84.37	66.6	5.37
19.8	84.89	67.11	5.38
20.0	85.21	67.23	5.39
20.2	85.46	67.25	5.39
20.4	85.61	67.2	5.4
20.6	85.68	67.12	5.41
20.8	85.63	67.05	5.41
21.0	85.22	67.06	5.42
21.2	84.78	67.12	5.43
21.4	84.35	67.24	5.43
21.6	84.0	67.45	5.44
21.8	83.85	67.73	5.44
22.0	83.98	68.08	5.44
22.2	84.28	68.6	5.44
22.4	84.75	69.36	5.44
22.6	85.44	70.56	5.43
22.8	86.38	72.39	5.42
23.0	87.42	74.27	5.4
23.2	88.53	76.03	5.38
23.4	89.76	77.42	5.37
23.6	91.0	78.3	5.35
23.8	91.99	78.6	5.33
24.0	92.57	78.17	5.32
24.2	91.92	75.99	5.3
24.4	90.74	73.09	5.29
24.6	89.29	69.86	5.27
24.8	87.75	66.63	5.25
25.0	87.17	65.11	5.24
25.2	86.76	64.05	5.22
25.4	86.48	63.42	5.21
25.6	86.25	63.17	5.19
25.8	86.04	63.23	5.17
26.0	85.7	63.57	5.16
26.2	85.06	64.16	5.14
26.4	84.37	64.9	5.13
26.6	83.62	65.75	5.11
26.8	82.84	66.64	5.09
27.0	82.03	67.52	5.08
27.2	81.16	67.99	5.06
27.4	80.3	68.44	5.05
27.6	79.46	68.89	5.03
27.8	78.67	69.35	5.01
28.0	77.95	69.94	5.0
28.2	77.38	70.79	4.98
28.4	76.85	71.61	4.96
28.6	76.38	72.33	4.95
28.8	75.95	72.88	4.94
29.0	75.58	73.16	4.93
29.2	75.22	73.18	4.93
29.4	74.84	72.9	4.93
29.6	74.41	72.25	4.93
29.8	73.78	70.68	4.92
30.0	73.11	68.86	4.92
30.2	72.42	66.92	4.92
30.4	71.76	65.02	4.92
30.6	71.21	63.71	4.91
30.8	70.8	63.11	4.91
31.0	70.44	62.73	4.91
31.2	70.14	62.53	4.91
31.4	69.87	62.43	4.9
31.6	69.62	62.36	4.9
31.8	69.32	61.91	4.9
32.0	69.05	61.5	4.89
32.2	68.81	61.15	4.89
32.4	68.62	60.88	4.89
32.6	68.49	60.72	4.89
32.8	68.48	60.95	4.89
33.0	68.56	61.34	4.88
33.2	68.66	61.81	4.89
33.4	68.8	62.32	4.89
33.6	68.95	62.81	4.89
33.8	68.94	63.02	4.9
34.0	68.88	63.06	4.91
34.2	68.9	63.14	4.92
34.4	69.04	63.34	4.93
34.6	69.36	63.7	4.94
34.8	69.92	64.77	4.95
35.0	70.74	66.01	4.96
35.2	71.84	67.23	4.97
35.4	73.26	68.29	4.98
35.6	75.22	68.21	5.0
35.8	77.54	67.84	5.01
36.0	80.07	67.9	5.02
36.2	82.74	68.92	5.03
36.4	85.76	73.38	5.04
36.6	88.57	77.97	5.06
36.8	90.94	81.8	5.07
37.0	92.07	81.93	5.09
37.2	92.15	79.02	5.11
37.4	91.69	74.9	5.13
37.6	90.88	70.17	5.15
37.8	90.64	68.12	5.17
38.0	90.64	67.53	5.18
38.2	90.67	67.57	5.19
38.4	90.69	68.08	5.2
38.6	90.68	68.93	5.21
38.8	90.62	69.98	5.22
39.0	90.46	71.07	5.23
39.2	89.91	71.17	5.24
39.4	89.29	71.27	5.25
39.6	88.64	71.4	5.26
39.8	87.98	71.57	5.27
40.0	87.33	71.8	5.28
40.2	86.76	72.27	5.28
40.4	86.27	72.96	5.29
40.6	85.85	73.61	5.29
40.8	85.52	74.15	5.29
41.0	85.3	74.48	5.29
41.2	85.4	74.42	5.28
41.4	85.51	74.11	5.28
41.6	85.55	73.55	5.27
41.8	85.38	72.7	5.26
42.0	84.67	71.33	5.26
42.2	83.79	69.81	5.25
42.4	82.8	68.24	5.24
42.6	81.74	66.72	5.23
42.8	80.68	65.45	5.23
43.0	79.67	64.46	5.22
43.2	78.76	63.78	5.21
43.4	78.01	63.47	5.2
43.6	77.49	63.59	5.2
43.8	77.51	65.01	5.19
44.0	77.79	66.76	5.18
44.2	78.23	68.53	5.18
44.4	78.79	70.1	5.17
44.6	79.42	70.7	5.16
44.8	80.07	70.8	5.15
45.0	80.69	70.57	5.15
45.2	81.21	70.07	5.14
45.4	81.49	69.38	5.13
45.6	81.64	68.51	5.12
45.8	81.66	67.5	5.12
46.0	81.56	66.4	5.11
46.2	81.24	65.26	5.1
46.4	80.88	64.1	5.09
46.6	80.52	62.98	5.09
46.8	80.25	61.9	5.08
47.0	80.27	60.8	5.07
47.2	80.37	59.91	5.06
47.4	80.51	59.36	5.05
47.6	80.67	59.32	5.05
47.8	80.87	60.78	5.05
48.0	80.99	62.37	5.06
48.2	81.01	63.74	5.07
48.4	80.8	64.13	5.08
48.6	80.23	62.67	5.1
48.8	79.55	60.83	5.11
49.0	78.82	58.93	5.13
49.2	78.08	57.58	5.14
49.4	77.41	56.89	5.15
49.6	76.92	56.76	5.17
49.8	76.74	57.43	5.18
50.0	77.15	59.73	5.2
50.2	77.82	62.26	5.21
50.4	78.67	64.56	5.23
50.6	79.73	65.43	5.24
50.8	80.79	65.35	5.25
51.0	81.66	64.63	5.27
51.2	82.03	63.29	5.28
51.4	81.83	61.46	5.3
51.6	81.27	59.39	5.31
51.8	80.34	57.29	5.33
52.0	78.96	55.44	5.35
52.2	77.45	53.77	5.36
52.4	75.94	52.37	5.38
52.6	74.95	51.49	5.39
52.8	74.19	51.0	5.41
53.0	73.48	50.81	5.42
53.2	72.72	50.92	5.43
53.4	71.72	51.41	5.45
53.6	70.64	51.97	5.46
53.8	69.47	52.48	5.48
54.0	68.05	52.34	5.49
54.2	66.52	51.79	5.51
54.4	65.14	51.39	5.52
54.6	64.09	51.45	5.53
54.8	63.87	52.94	5.54
55.0	63.97	54.76	5.54
55.2	64.31	56.66	5.54
55.4	64.71	57.92	5.54
55.6	65.17	58.77	5.53
55.8	65.73	59.62	5.53
56.0	66.38	60.88	5.52
56.2	67.12	62.93	5.51
56.4	67.9	64.82	5.5
56.6	68.7	66.21	5.5
56.8	69.43	65.47	5.49
57.0	70.13	64.36	5.48
57.2	70.82	63.4	5.47
57.4	71.45	64.26	5.47
57.6	72.06	66.03	5.46
57.8	72.68	67.79	5.45
58.0	73.35	68.45	5.44
58.2	74.08	67.74	5.44
58.4	74.84	66.67	5.43
58.6	75.61	65.57	5.42
58.8	76.42	65.24	5.41
59.0	77.19	65.07	5.41
59.2	77.9	65.04	5.4
59.4	78.47	65.15	5.39
59.6	78.9	65.33	5.38
59.8	79.21	65.46	5.38
60.0	79.38	65.43	5.37
60.2	79.28	64.79	5.36
60.4	79.09	63.96	5.35
60.6	78.89	63.08	5.35
60.8	78.77	62.31	5.34
61.0	78.9	61.83	5.33
61.2	79.12	61.56	5.32
61.4	79.45	61.53	5.32
61.6	79.89	62.01	5.31
61.8	80.42	62.91	5.31
62.0	81.0	63.86	5.31
62.2	81.59	64.68	5.32
62.4	82.09	64.81	5.33
62.6	82.56	64.57	5.33
62.8	83.02	64.09	5.34
63.0	83.48	63.42	5.35
63.2	84.05	62.35	5.36
63.4	84.6	61.28	5.37
63.6	85.1	60.38	5.38
63.8	85.52	59.79	5.38
64.0	85.45	60.27	5.39
64.2	85.37	61.15	5.4
64.4	85.43	62.32	5.41
64.6	85.75	63.69	5.41
64.8	86.95	65.35	5.42
65.0	88.4	66.93	5.43
65.2	89.97	68.25	5.44
65.4	91.57	68.93	5.44
65.6	93.08	68.66	5.45
65.8	94.4	67.95	5.46
66.0	95.43	66.9	5.47
66.2	95.74	65.53	5.48
66.4	95.55	64.01	5.49
66.6	95.12	62.52	5.5
66.8	94.55	61.21	5.51
67.0	94.35	60.98	5.52
67.2	94.13	61.04	5.53
67.4	93.88	61.27	5.53
67.6	93.56	61.54	5.54
67.8	93.06	61.44	5.55
68.0	92.34	60.78	5.56
68.2	91.54	60.05	5.57
68.4	90.68	59.33	5.57
68.6	89.8	58.71	5.58
68.8	88.87	58.47	5.59
69.0	87.93	58.68	5.6
69.2	87.07	59.03	5.61
69.4	86.35	59.45	5.61
69.6	85.82	59.91	5.62
69.8	85.7	60.02	5.62
70.0	85.96	59.93	5.62
70.2	86.37	60.02	5.62
70.4	86.89	60.43	5.62
70.6	87.45	61.6	5.62
70.8	87.99	64.02	5.61
71.0	88.51	66.54	5.6
71.2	88.95	68.87	5.59
71.4	89.23	70.28	5.58
71.6	89.26	70.07	5.57
71.8	89.18	69.39	5.56
72.0	88.99	68.45	5.56
72.2	88.7	67.57	5.55
72.4	88.24	67.41	5.54
72.6	87.79	67.34	5.53
72.8	87.42	67.31	5.52
73.0	87.18	67.27	5.51
73.2	87.33	66.9	5.5
73.4	87.7	66.51	5.49
73.6	88.27	66.21	5.48
73.8	89.03	66.08	5.47
74.0	90.11	66.52	5.46
74.2	91.33	67.17	5.45
74.4	92.58	67.89	5.44
74.6	93.79	68.58	5.43
74.8	94.91	68.94	5.42
75.0	95.83	69.21	5.42
75.2	96.44	69.4	5.41
75.4	96.49	69.54	5.4
75.6	95.72	69.66	5.39
75.8	94.65	69.72	5.38
76.0	93.43	69.69	5.37
76.2	92.28	69.54	5.36
76.4	91.89	69.05	5.35
76.6	91.62	68.5	5.34
76.8	91.44	67.95	5.33
77.0	91.3	67.45	5.32
77.2	91.14	67.07	5.31
77.4	90.76	67.22	5.3
77.6	90.1	67.96	5.29
77.8	89.43	68.7	5.28
78.0	88.78	69.32	5.27
78.2	88.19	69.72	5.26
78.4	87.71	69.12	5.26
78.6	87.37	67.51	5.26
78.8	87.19	65.96	5.27
79.0	87.18	64.76	5.27
79.2	87.37	64.2	5.28
79.4	88.18	66.7	5.29
79.6	89.09	69.49	5.3
79.8	89.96	72.06	5.31
80.0	90.69	73.89	5.32
80.2	90.74	72.3	5.33
80.4	90.58	69.9	5.35
80.6	90.27	67.08	5.36
80.8	89.89	64.36	5.37
81.0	89.59	63.1	5.38
81.2	89.27	62.21	5.39
81.4	88.91	61.66	5.4
81.6	88.54	61.42	5.41
81.8	88.09	61.66	5.42
82.0	87.63	62.16	5.43
82.2	87.19	62.67	5.44
82.4	86.82	63.05	5.45
82.6	86.59	62.68	5.46
82.8	86.54	61.55	5.48
83.0	86.54	60.41	5.49
83.2	86.58	59.47	5.5
83.4	86.64	59.48	5.51
83.6	86.68	60.88	5.52
83.8	86.69	62.61	5.53
84.0	86.63	64.47	5.54
84.2	86.5	66.22	5.55
84.4	86.03	66.92	5.57
84.6	85.41	66.99	5.58
84.8	84.79	66.86	5.59
85.0	84.26	66.62	5.59
85.2	83.94	66.37	5.6
85.4	84.01	66.22	5.6
85.6	84.25	66.23	5.6
85.8	84.63	66.49	5.6
86.0	85.15	67.26	5.6
86.2	85.87	69.1	5.59
86.4	86.61	71.04	5.59
86.6	87.32	72.79	5.58
86.8	87.88	73.83	5.57
87.0	88.19	73.58	5.57
87.2	88.33	72.84	5.56
87.4	88.32	71.75	5.56
87.6	88.08	70.46	5.55
87.8	87.58	69.12	5.54
88.0	86.95	67.76	5.54
88.2	86.24	66.45	5.53
88.4	85.49	65.29	5.53
88.6	84.91	64.9	5.52
88.8	84.37	64.85	5.52
89.0	83.86	64.98	5.51
89.2	83.34	65.22	5.5
89.4	82.83	65.52	5.5
89.6	82.17	65.53	5.49
89.8	81.34	65.11	5.49
90.0	80.6	64.79	5.48
90.2	80.03	64.67	5.47
90.4	79.7	64.85	5.47
90.6	79.81	65.67	5.46
90.8	80.46	67.31	5.46
91.0	81.39	69.18	5.45
91.2	82.57	71.18	5.45
91.4	84.0	73.18	5.44
91.6	85.83	75.06	5.44
91.8	87.69	76.74	5.44
92.0	89.44	78.16	5.44
92.2	90.87	79.13	5.44
92.4	91.68	79.44	5.43
92.6	92.15	79.33	5.43
92.8	92.29	78.82	5.43
93.0	92.06	77.89	5.43
93.2	91.26	76.32	5.43
93.4	90.23	74.52	5.43
93.6	89.04	72.6	5.42
93.8	87.8	70.7	5.42
94.0	86.83	69.24	5.42
94.2	86.41	68.57	5.42
94.4	86.09	68.13	5.42
94.6	85.81	67.88	5.41
94.8	85.53	67.76	5.41
95.0	85.22	67.75	5.41
95.2	84.67	67.67	5.41
95.4	83.72	67.37	5.41
95.6	82.72	67.13	5.4
95.8	81.7	66.96	5.4
96.0	80.7	66.9	5.4
96.2	79.77	66.95	5.4
96.4	78.9	67.13	5.39
96.6	78.17	67.48	5.39
96.8	77.63	68.01	5.39
97.0	77.31	68.74	5.39
97.2	77.28	69.71	5.39
97.4	77.87	71.25	5.41
97.6	78.96	73.21	5.43
97.8	80.17	75.15	5.45
98.0	81.41	76.93	5.48
98.2	82.46	78.25	5.5
98.4	83.09	78.77	5.53
98.6	83.56	78.94	5.56
98.8	83.9	78.78	5.59
99.0	84.13	78.35	5.62
99.2	84.35	77.52	5.64
99.4	84.47	76.51	5.66
99.6	84.47	75.44	5.68
99.8	84.34	74.37	5.71
100.0	84.07	73.4	5.73
100.2	83.28	72.95	5.75
100.4	82.36	72.74	5.77
100.6	81.47	72.71	5.78
100.8	80.69	72.85	5.8
101.0	80.14	73.16	5.81
101.2	80.33	73.64	5.81
101.4	80.77	74.26	5.81
101.6	81.44	74.99	5.81
101.8	82.3	75.82	5.81
102.0	83.48	77.14	5.81
102.2	84.84	78.62	5.8
102.4	86.1	79.74	5.8
102.6	87.12	80.23	5.79
102.8	87.38	78.93	5.79
103.0	86.99	76.19	5.79
103.2	86.34	72.97	5.78
103.4	85.52	69.6	5.78
103.6	84.91	67.26	5.78
103.8	84.57	66.17	5.77
104.0	84.29	65.53	5.77
104.2	84.04	65.28	5.77
104.4	83.82	65.33	5.76
104.6	83.62	65.61	5.76
104.8	83.37	65.87	5.75
105.0	83.11	66.14	5.75
105.2	82.84	66.52	5.75
105.4	82.56	66.99	5.74
105.6	82.29	67.53	5.74
105.8	81.98	68.1	5.74
106.0	81.6	68.61	5.74
106.2	81.25	69.19	5.73
106.4	80.94	69.83	5.74
106.6	80.71	70.56	5.74
106.8	80.57	71.43	5.74
107.0	80.5	72.57	5.75
107.2	80.61	73.72	5.75
107.4	80.93	74.82	5.76
107.6	81.5	75.83	5.77
107.8	82.59	76.34	5.78
108.0	83.93	76.77	5.79
108.2	85.44	77.23	5.8
108.4	87.11	77.86	5.8
108.6	89.19	79.47	5.81
108.8	91.1	80.9	5.82
109.0	92.59	81.84	5.83
109.2	93.04	81.41	5.84
109.4	92.2	79.27	5.85
109.6	90.86	76.52	5.87
109.8	89.23	73.45	5.88
110.0	88.19	71.19	5.9
110.2	87.7	69.74	5.9
110.4	87.36	68.6	5.91
110.6	87.14	67.74	5.92
110.8	86.99	67.12	5.93
111.0	86.87	66.73	5.93
111.2	86.66	66.52	5.94
111.4	86.23	66.45	5.95
111.6	85.77	66.52	5.96
111.8	85.29	66.69	5.96
112.0	84.78	66.93	5.97
112.2	84.27	67.22	5.98
112.4	83.62	67.44	5.98
112.6	82.87	67.57	5.99
112.8	82.21	67.73	6.0
113.0	81.69	67.95	6.0
113.2	81.37	68.21	6.01
113.4	81.39	68.38	6.01
113.6	81.81	68.44	6.01
113.8	82.48	68.83	6.01
114.0	83.4	69.69	6.01
114.2	84.61	71.55	6.01
114.4	86.14	74.9	6.01
114.6	87.78	78.39	6.01
114.8	89.45	81.64	6.01
115.0	91.14	83.84	6.01
115.2	92.72	84.86	6.01
115.4	93.95	84.97	6.01
115.6	94.69	84.12	6.01
115.8	94.07	81.36	6.01
116.0	92.72	77.62	6.01
116.2	91.01	73.46	6.01
116.4	89.12	69.24	6.01
116.6	88.11	67.04	6.01
116.8	87.56	66.03	6.02
117.0	87.18	65.61	6.02
117.2	86.93	65.67	6.02
117.4	86.76	66.11	6.02
117.6	86.62	66.81	6.02
117.8	86.39	67.54	6.02
118.0	85.85	67.94	6.02
118.2	85.27	68.38	6.02
118.4	84.66	68.83	6.02
118.6	84.01	69.26	6.02
118.8	83.32	69.64	6.02
119.0	82.6	69.86	6.02
119.2	81.83	69.74	6.02
119.4	81.05	69.55	6.02
119.6	80.25	69.33	6.02
119.8	79.46	69.11	6.02
120.0	78.67	68.91	6.02
120.2	77.74	68.94	6.02
120.4	76.76	69.14	6.02
120.6	75.91	69.33	6.02
120.8	75.27	69.48	6.02
121.0	74.9	69.56	6.02
121.2	75.15	69.27	6.02
121.4	75.91	68.74	6.02
121.6	76.83	68.3	6.03
121.8	77.84	68.03	6.03
122.0	78.75	68.36	6.03
122.2	79.49	69.32	6.03
122.4	80.15	70.36	6.03
122.6	80.74	71.32	6.03
122.8	81.17	71.66	6.04
123.0	81.47	71.42	6.04
123.2	81.71	71.0	6.04
123.4	81.93	70.49	6.04
123.6	82.26	70.14	6.04
123.8	82.75	70.08	6.04
124.0	83.22	70.08	6.05
124.2	83.63	70.13	6.05
124.4	83.94	70.21	6.05
124.6	83.89	70.25	6.05
124.8	83.48	70.26	6.05
125.0	83.02	70.28	6.05
125.2	82.57	70.32	6.05
125.4	82.22	70.4	6.06
125.6	82.26	70.47	6.06
125.8	82.54	70.6	6.06
126.0	82.92	70.82	6.06
126.2	83.4	71.16	6.07
126.4	83.91	71.79	6.07
126.6	84.45	72.66	6.07
126.8	85.01	73.6	6.08
127.0	85.59	74.54	6.08
127.2	86.15	75.44	6.08
127.4	86.71	76.25	6.09
127.6	87.22	76.85	6.09
127.8	87.67	77.17	6.09
128.0	88.04	77.07	6.1
128.2	88.33	75.92	6.1
128.4	88.49	74.57	6.1
128.6	88.53	73.16	6.1
128.8	88.42	71.88	6.11
129.0	87.92	71.57	6.11
129.2	87.32	71.43	6.11
129.4	86.71	71.32	6.12
129.6	86.15	71.06	6.12
129.8	85.76	70.04	6.12
130.0	85.54	69.1	6.13
130.2	85.53	68.44	6.13
130.4	85.94	68.67	6.13
130.6	86.8	69.97	6.14
130.8	87.78	71.51	6.14
131.0	88.77	73.04	6.14
131.2	89.64	73.99	6.14
131.4	90.28	74.49	6.15
131.6	90.6	74.6	6.15
131.8	90.41	74.24	6.16
132.0	89.17	73.17	6.16
132.2	87.57	71.74	6.16
132.4	85.81	70.06	6.17
132.6	84.27	68.24	6.17
132.8	83.47	66.42	6.18
133.0	82.87	64.64	6.18
133.2	82.41	63.01	6.18
133.4	82.05	61.61	6.19
133.6	81.75	60.55	6.19
133.8	81.3	60.88	6.19
134.0	80.84	61.64	6.19
134.2	80.38	62.54	6.2
134.4	79.9	63.45	6.2
134.6	79.41	64.24	6.2
134.8	78.71	63.93	6.21
135.0	77.89	62.8	6.21
135.2	77.15	61.64	6.21
135.4	76.54	60.62	6.22
135.6	76.13	59.92	6.22
135.8	76.11	60.32	6.22
136.0	76.5	61.74	6.22
136.2	77.15	63.47	6.22
136.4	78.06	65.38	6.22
136.6	79.24	67.32	6.22
136.8	80.99	68.99	6.22
137.0	82.82	70.51	6.22
137.2	84.59	71.8	6.22
137.4	86.07	72.71	6.21
137.6	86.95	73.04	6.21
137.8	87.57	73.1	6.21
138.0	87.96	72.95	6.21
138.2	88.15	72.71	6.21
138.4	88.18	72.45	6.21
138.6	88.05	72.13	6.21
138.8	87.79	71.79	6.2
139.0	87.43	71.46	6.2
139.2	87.01	71.31	6.2
139.4	86.54	71.3	6.2
139.6	86.02	71.31	6.2
139.8	85.48	71.32	6.2
140.0	84.93	71.3	6.2
140.2	84.38	71.24	6.19
140.4	83.63	70.73	6.19
140.6	82.94	70.13	6.19
140.8	82.42	69.62	6.19
141.0	82.16	69.28	6.19
141.2	82.24	69.17	6.19
141.4	83.24	69.67	6.19
141.6	84.61	70.5	6.18
141.8	86.15	71.57	6.18
142.0	87.74	72.85	6.18
142.2	89.19	74.6	6.17
142.4	90.46	76.47	6.17
142.6	91.54	78.12	6.17
142.8	92.35	79.36	6.16
143.0	92.45	79.07	6.16
143.2	92.27	78.23	6.16
143.4	91.89	77.02	6.15
143.6	91.4	75.6	6.15
143.8	91.27	74.54	6.15
144.0	91.3	73.7	6.14
144.2	91.33	72.97	6.14
144.4	91.32	72.37	6.14
144.6	91.26	71.93	6.14
144.8	91.09	71.68	6.13
145.0	90.39	72.05	6.13
145.2	89.56	72.62	6.13
145.4	88.72	73.27	6.12
145.6	87.94	73.91	6.12
145.8	87.27	74.49	6.12
146.0	87.03	74.54	6.11
146.2	87.1	74.29	6.11
146.4	87.26	74.07	6.11
146.6	87.47	74.0	6.1
146.8	87.64	74.26	6.1
147.0	87.53	75.36	6.1
147.2	87.44	76.64	6.1
147.4	87.41	77.99	6.1
147.6	87.49	79.32	6.1
147.8	88.12	80.58	6.1
148.0	88.81	81.58	6.1
148.2	89.4	82.16	6.1
148.4	89.79	82.18	6.1
148.6	89.36	80.69	6.1
148.8	88.58	78.54	6.1
149.0	87.63	76.1	6.1
149.2	86.61	73.59	6.09
149.4	85.95	72.11	6.09
149.6	85.46	71.15	6.09
149.8	85.04	70.41	6.09
150.0	84.68	69.83	6.09
150.2	84.37	69.33	6.09
150.4	84.1	68.79	6.09
150.6	83.86	67.86	6.09
150.8	83.62	66.94	6.09
151.0	83.36	66.06	6.09
151.2	83.07	65.24	6.09
151.4	82.73	64.5	6.09
151.6	82.19	64.03	6.09
151.8	81.59	63.68	6.09
152.0	80.93	63.43	6.09
152.2	80.23	63.25	6.08
152.4	79.51	63.14	6.08
152.6	78.8	62.98	6.08
152.8	78.08	62.81	6.08
153.0	77.37	62.73	6.08
153.2	76.67	62.76	6.08
153.4	75.98	62.93	6.08
153.6	75.29	63.27	6.08
153.8	74.44	64.18	6.08
154.0	73.66	65.19	6.08
154.2	73.0	66.25	6.08
154.4	72.52	67.3	6.08
154.6	72.24	68.26	6.08
154.8	72.39	68.67	6.08
155.0	72.88	68.77	6.08
155.2	73.6	68.94	6.08
155.4	74.53	69.29	6.08
155.6	75.67	70.1	6.08
155.8	77.12	72.1	6.08
156.0	78.63	74.04	6.08
156.2	80.1	75.62	6.08
156.4	81.35	76.01	6.08
156.6	82.24	74.66	6.09
156.8	82.98	72.87	6.09
157.0	83.61	70.95	6.09
157.2	84.18	69.85	6.09
157.4	84.74	70.02	6.09
157.6	85.22	70.51	6.09
157.8	85.61	71.18	6.09
158.0	85.89	71.88	6.09
158.2	86.02	71.98	6.09
158.4	86.0	71.58	6.1
158.6	85.87	71.04	6.1
158.8	85.64	70.4	6.1
159.0	85.32	69.72	6.1
159.2	84.84	68.99	6.1
159.4	84.01	68.16	6.1
159.6	83.2	67.45	6.1
159.8	82.47	66.94	6.1
160.0	81.92	66.73	6.1
160.2	81.61	66.87	6.1
160.4	82.08	68.31	6.1
160.6	82.82	70.03	6.1
160.8	83.75	71.78	6.11
161.0	84.79	73.38	6.11
161.2	85.9	74.26	6.11
161.4	87.02	74.55	6.11
161.6	88.07	74.6	6.11
161.8	88.99	74.48	6.11
162.0	89.51	74.42	6.11
162.2	89.8	74.32	6.11
162.4	89.95	74.17	6.11
162.6	90.02	73.95	6.12
162.8	90.19	73.68	6.12
163.0	90.36	73.35	6.12
163.2	90.48	72.98	6.12
163.4	90.51	72.57	6.12
163.6	90.45	72.12	6.12
163.8	90.15	71.61	6.12
164.0	89.74	71.08	6.12
164.2	89.23	70.54	6.12
164.4	88.63	70.0	6.13
164.6	87.94	69.48	6.13
164.8	87.0	68.9	6.13
165.0	86.05	68.39	6.13
165.2	85.14	67.97	6.13
165.4	84.31	67.67	6.13
165.6	83.67	67.6	6.13
165.8	83.37	67.96	6.13
166.0	83.24	68.4	6.13
166.2	83.28	68.84	6.13
166.4	83.49	69.23	6.13
166.6	84.0	69.09	6.12
166.8	84.61	68.91	6.11
167.0	85.27	68.8	6.11
167.2	85.91	68.97	6.1
167.4	86.48	69.97	6.09
167.6	86.92	70.99	6.08
167.8	87.16	71.84	6.08
168.0	87.09	72.14	6.07
168.2	86.41	71.16	6.06
168.4	85.53	69.74	6.06
168.6	84.54	68.01	6.05
168.8	83.52	66.1	6.04
169.0	82.83	64.27	6.03
169.2	82.26	62.49	6.02
169.4	81.84	60.85	6.01
169.6	81.57	59.41	6.01
169.8	81.49	58.28	6.0
170.0	81.74	57.67	6.01
170.2	82.28	57.61	6.02
170.4	82.95	57.98	6.03
170.6	83.69	58.79	6.04
170.8	84.47	60.12	6.05
171.0	85.19	63.2	6.07
171.2	85.86	66.3	6.08
171.4	86.48	69.02	6.1
171.6	87.0	70.92	6.11
171.8	87.28	69.62	6.13
172.0	87.38	66.16	6.15
172.2	87.4	62.23	6.17
172.4	87.36	58.4	6.18
172.6	87.34	55.98	6.2
172.8	87.51	57.43	6.22
173.0	87.64	59.73	6.23
173.2	87.67	62.5	6.24
173.4	87.58	65.35	6.26
173.6	87.28	67.77	6.27
173.8	86.19	67.61	6.28
174.0	85.04	67.08	6.29
174.2	83.98	66.35	6.3
174.4	83.12	65.61	6.31
174.6	82.87	65.08	6.31
174.8	83.37	64.95	6.31
175.0	84.07	65.23	6.31
175.2	84.87	66.04	6.31
175.4	85.63	68.2	6.3
175.6	86.25	71.78	6.3
175.8	86.69	75.24	6.29
176.0	86.88	78.03	6.29
176.2	86.38	77.86	6.28
176.4	85.39	75.5	6.27
176.6	84.24	72.39	6.27
176.8	83.07	69.0	6.26
177.0	82.45	67.28	6.26
177.2	82.44	67.35	6.25
177.4	82.57	67.9	6.24
177.6	82.77	68.7	6.24
177.8	82.95	69.57	6.23
178.0	83.04	70.31	6.23
178.2	82.33	69.29	6.22
178.4	81.58	68.23	6.21
178.6	80.85	67.32	6.21
178.8	80.23	66.72	6.2
179.0	79.84	67.38	6.2
179.2	79.73	69.13	6.19
179.4	79.91	70.78	6.19
179.6	80.42	71.97	6.19
179.8	81.54	70.86	6.2
180.0	83.09	68.46	6.21
180.2	84.82	66.28	6.22
180.4	86.59	65.26	6.23
180.6	88.18	68.1	6.24
180.8	89.65	71.62	6.25
181.0	90.95	75.07	6.25
181.2	91.86	76.49	6.26
181.4	92.44	76.11	6.27
181.6	92.89	75.14	6.28
181.8	93.29	73.89	6.29
182.0	93.99	72.97	6.3
182.2	94.63	72.25	6.31
182.4	95.14	71.9	6.32
182.6	95.36	72.42	6.33
182.8	95.14	74.39	6.34
183.0	94.74	76.53	6.35
183.2	94.19	78.47	6.36
183.4	93.66	78.9	6.38
183.6	93.14	77.89	6.39
183.8	92.57	76.37	6.4
184.0	91.94	74.55	6.41
184.2	91.21	72.82	6.42
184.4	90.24	71.81	6.43
184.6	89.26	70.99	6.43
184.8	88.33	70.38	6.44
185.0	87.5	70.01	6.45
185.2	86.89	69.9	6.45
185.4	86.58	70.1	6.46
185.6	86.46	70.58	6.46
185.8	86.53	71.36	6.46
186.0	86.86	72.58	6.46
186.2	87.55	74.55	6.45
186.4	88.3	76.52	6.45
186.6	89.04	78.27	6.44
186.8	89.51	79.17	6.43
187.0	89.64	78.99	6.43
187.2	89.63	78.43	6.42
187.4	89.54	77.65	6.41
187.6	89.48	77.07	6.41
187.8	89.45	76.72	6.4
188.0	89.38	76.41	6.39
188.2	89.24	76.12	6.38
188.4	89.04	75.85	6.38
188.6	88.6	75.55	6.37
188.8	88.09	75.27	6.36
189.0	87.54	75.01	6.36
189.2	86.97	74.78	6.35
189.4	86.4	74.59	6.34
189.6	85.95	74.42	6.35
189.8	85.53	74.29	6.35
190.0	85.15	74.24	6.35
190.2	84.82	74.27	6.33
190.4	84.52	74.38	6.31
190.6	84.05	74.26	6.25
190.8	83.73	74.4	6.17
191.0	83.63	74.94	6.1
191.2	83.84	76.0	6.01
191.4	84.75	78.58	5.94
191.6	86.07	81.84	5.86
191.8	87.6	85.1	5.78
192.0	89.24	88.03	5.7
192.2	90.84	89.49	5.63
192.4	92.37	90.28	5.55
192.6	93.79	90.53	5.47
192.8	94.96	90.27	5.39
193.0	95.77	89.56	5.32
193.2	96.33	88.52	5.24
193.4	96.64	87.25	5.16
193.6	96.6	85.89	5.08
193.8	96.22	84.56	4.99
194.0	95.65	83.21	4.91
194.2	94.94	81.88	4.84
194.4	94.17	80.61	4.78
194.6	93.6	79.63	4.75
194.8	93.01	78.74	4.75
195.0	92.41	77.94	4.76
195.2	91.8	77.21	4.79
195.4	91.17	76.54	4.85
195.6	90.5	75.84	4.94
195.8	89.81	75.15	5.07
196.0	89.09	74.52	5.2
196.2	88.35	73.95	5.35
196.4	87.58	73.45	5.51
196.6	86.8	73.03	5.66
196.8	85.88	72.84	5.81
197.0	84.92	72.76	5.96
197.2	83.99	72.72	6.09
197.4	83.11	72.7	6.21
197.6	82.31	72.66	6.31
197.8	81.62	72.59	6.39
198.0	81.02	71.71	6.42
198.2	80.59	70.95	6.42
198.4	80.37	70.49	6.42
198.6	80.39	70.49	6.41
198.8	80.78	71.45	6.39
199.0	81.84	74.38	6.39
199.2	83.0	77.43	6.39
199.4	84.14	80.21	6.39
199.6	85.04	82.02	6.39
199.8	85.24	81.51	6.38
200.0	85.29	80.26	6.38
200.2	85.25	78.52	6.38
200.4	85.28	76.56	6.38
200.6	85.7	74.82	6.38
200.8	86.18	73.2	6.38
201.0	86.66	71.82	6.37
201.2	87.11	70.84	6.37
201.4	87.44	70.79	6.37
201.6	87.52	72.43	6.37
201.8	87.51	74.37	6.37
202.0	87.4	76.38	6.37
202.2	87.21	78.19	6.36
202.4	86.85	78.93	6.36
202.6	86.25	77.81	6.36
202.8	85.68	76.43	6.36
203.0	85.21	75.05	6.36
203.2	84.91	73.93	6.36
203.4	85.08	74.01	6.36
203.6	85.69	75.22	6.36
203.8	86.46	76.74	6.36
204.0	87.34	78.41	6.37
204.2	88.23	80.02	6.37
204.4	89.06	81.4	6.37
204.6	89.86	82.52	6.38
204.8	90.61	83.27	6.38
205.0	91.29	83.17	6.38
205.2	91.85	82.1	6.39
205.4	92.3	80.76	6.39
205.6	92.6	79.4	6.39
205.8	92.7	78.57	6.39
206.0	92.53	78.9	6.4
206.2	92.21	79.37	6.4
206.4	91.77	79.79	6.4
206.6	91.25	79.98	6.41
206.8	90.77	78.52	6.41
207.0	90.25	76.53	6.41
207.2	89.68	74.36	6.42
207.4	89.06	72.19	6.42
207.6	88.37	70.22	6.42
207.8	87.53	69.6	6.43
208.0	86.61	69.75	6.43
208.2	85.67	70.19	6.43
208.4	84.75	70.81	6.43
208.6	83.87	71.51	6.44
208.8	83.04	71.96	6.44
209.0	82.2	71.49	6.44
209.2	81.54	71.15	6.44
209.4	81.13	71.09	6.44
209.6	81.02	71.44	6.44
209.8	81.4	72.71	6.44
210.0	82.46	75.47	6.44
210.2	83.8	78.44	6.43
210.4	85.34	81.36	6.43
210.6	87.01	83.79	6.43
210.8	88.72	85.21	6.42
211.0	90.4	86.24	6.42
211.2	91.97	86.91	6.42
211.4	93.22	87.37	6.41
211.6	94.15	87.6	6.41
211.8	94.88	87.53	6.41
212.0	95.41	87.14	6.4
212.2	95.76	86.06	6.4
212.4	95.95	84.55	6.4
212.6	96.01	82.96	6.39
212.8	95.97	81.45	6.39
213.0	95.9	80.46	6.39
213.2	95.88	80.61	6.38
213.4	95.8	81.04	6.38
213.6	95.64	81.62	6.38
213.8	95.38	82.26	6.37
214.0	94.95	82.61	6.37
214.2	94.25	82.31	6.37
214.4	93.48	81.9	6.36
214.6	92.66	81.43	6.36
214.8	91.85	80.96	6.36
215.0	91.06	80.54	6.36
215.2	90.37	80.32	6.35
215.4	89.78	80.2	6.35
215.6	89.32	80.18	6.34
215.8	89.03	80.28	6.34
216.0	89.1	80.78	6.34
216.2	89.5	81.6	6.34
216.4	89.96	82.27	6.34
216.6	90.41	82.6	6.34
216.8	90.57	81.84	6.34
217.0	90.39	79.93	6.34
217.2	90.15	77.88	6.34
217.4	89.91	75.98	6.35
217.6	89.87	75.29	6.35
217.8	90.16	76.4	6.35
218.0	90.49	78.01	6.35
218.2	90.81	79.88	6.35
218.4	91.07	81.77	6.35
218.6	91.01	82.92	6.35
218.8	90.56	83.03	6.35
219.0	90.04	82.94	6.35
219.2	89.51	82.71	6.35
219.4	89.02	82.45	6.35
219.6	88.72	82.42	6.35
219.8	88.6	82.55	6.35
220.0	88.61	82.74	6.35
220.2	88.76	82.99	6.35
220.4	89.2	83.42	6.35
220.6	89.96	84.04	6.36
220.8	90.7	84.52	6.36
221.0	91.33	84.74	6.36
221.2	91.47	84.19	6.36
221.4	91.09	82.86	6.36
221.6	90.54	81.32	6.36
221.8	89.91	79.74	6.36
222.0	89.48	78.67	6.36
222.2	89.4	78.37	6.36
222.4	89.36	78.31	6.36
222.6	89.32	78.43	6.36
222.8	89.25	78.65	6.36
223.0	89.06	78.88	6.36
223.2	88.2	78.52	6.37
223.4	87.35	78.26	6.37
223.6	86.6	78.16	6.37
223.8	86.06	78.3	6.37
224.0	85.89	78.86	6.37
224.2	86.59	80.47	6.37
224.4	87.55	82.23	6.37
224.6	88.7	83.98	6.37
224.8	89.97	85.57	6.37
225.0	91.31	86.43	6.36
225.2	92.6	86.96	6.36
225.4	93.77	87.2	6.36
225.6	94.68	87.12	6.36
225.8	94.99	86.57	6.36
226.0	95.07	85.85	6.36
226.2	94.97	85.07	6.36
226.4	94.79	84.34	6.35
226.6	94.86	84.25	6.35
226.8	94.89	84.31	6.35
227.0	94.85	84.46	6.35
227.2	94.72	84.65	6.35
227.4	94.47	84.83	6.35
227.6	93.73	84.75	6.34
227.8	92.85	84.59	6.34
228.0	91.99	84.41	6.34
228.2	91.23	84.23	6.34
228.4	90.76	84.1	6.34
228.6	90.97	84.16	6.34
228.8	91.29	84.17	6.34
229.0	91.61	84.06	6.34
229.2	91.82	83.79	6.34
229.4	91.38	82.82	6.34
229.6	90.76	81.7	6.35
229.8	90.05	80.58	6.35
230.0	89.31	79.59	6.35
230.2	88.82	79.38	6.35
230.4	88.49	79.68	6.35
230.6	88.19	80.16	6.35
230.8	87.88	80.71	6.35
231.0	87.55	81.22	6.35
231.2	86.89	81.17	6.36
231.4	86.07	80.77	6.36
231.6	85.35	80.4	6.36
231.8	84.84	80.16	6.36
232.0	84.72	80.27	6.36
232.2	85.39	81.16	6.34
232.4	86.24	82.14	6.33
232.6	87.16	83.06	6.3
232.8	87.92	83.59	6.27
233.0	88.35	83.53	6.24
233.2	88.72	83.32	6.2
233.4	89.08	83.03	6.15
233.6	89.6	82.88	6.11
233.8	90.2	82.84	6.07
234.0	90.74	82.9	6.03
234.2	91.17	83.08	5.99
234.4	91.32	83.54	5.95
234.6	91.2	84.2	5.91
234.8	90.96	84.91	5.87
235.0	90.62	85.6	5.83
235.2	90.16	86.31	5.79
235.4	89.65	86.87	5.75
235.6	89.23	87.1	5.71
235.8	88.95	86.86	5.67
236.0	89.07	85.02	5.62
236.2	89.4	82.97	5.58
236.4	89.9	81.12	5.55
236.6	90.64	80.5	5.53
236.8	91.58	81.19	5.54
237.0	92.48	82.28	5.55
237.2	93.22	83.47	5.58
237.4	93.37	84.01	5.59
237.6	93.27	84.34	5.61
237.8	92.97	84.44	5.62
238.0	92.53	84.25	5.63
238.2	92.06	83.69	5.65
238.4	91.47	82.87	5.66
238.6	90.75	81.8	5.67
238.8	89.92	80.51	5.68
239.0	88.63	78.31	5.7
239.2	87.29	76.06	5.71
239.4	86.07	74.13	5.72
239.6	85.1	72.81	5.72
239.8	84.85	73.38	5.73
240.0	85.22	75.45	5.72
240.2	85.81	77.84	5.72
240.4	86.53	80.17	5.71
240.6	87.15	81.45	5.7
240.8	87.68	81.94	5.68
241.0	88.14	81.93	5.66
241.2	88.46	81.41	5.64
241.4	88.48	80.05	5.63
241.6	88.38	78.46	5.61
241.8	88.22	76.86	5.59
242.0	88.08	75.78	5.57
242.2	88.07	75.7	5.55
242.4	88.03	75.83	5.54
242.6	87.93	76.01	5.52
242.8	87.72	75.99	5.5
243.0	87.29	75.3	5.48
243.2	86.76	74.45	5.46
243.4	86.16	73.48	5.45
243.6	85.49	72.45	5.43
243.8	84.54	71.41	5.41
244.0	83.64	70.4	5.39
244.2	82.94	69.49	5.38
244.4	82.53	68.71	5.36
244.6	83.01	68.12	5.34
244.8	83.84	67.77	5.32
245.0	84.87	67.7	5.31
245.2	86.0	68.05	5.3
245.4	87.07	69.28	5.29
245.6	88.09	70.6	5.28
245.8	89.01	71.78	5.27
246.0	89.68	72.2	5.26
246.2	90.05	71.6	5.26
246.4	90.22	70.63	5.25
246.6	90.21	69.43	5.24
246.8	89.95	68.17	5.23
247.0	89.42	67.01	5.22
247.2	88.83	65.95	5.22
247.4	88.26	65.05	5.21
247.6	87.83	64.48	5.2
247.8	87.74	64.6	5.19
248.0	87.83	64.92	5.18
248.2	88.11	65.35	5.17
248.4	88.63	65.82	5.17
248.6	89.68	66.25	5.16
248.8	90.75	66.52	5.16
249.0	91.72	66.53	5.16
249.2	92.23	65.97	5.16
249.4	92.04	64.63	5.16
249.6	91.58	63.05	5.16
249.8	90.94	61.4	5.16
250.0	90.26	60.03	5.16
250.2	89.69	59.31	5.16
250.4	89.1	58.77	5.16
250.6	88.49	58.38	5.16
250.8	87.87	58.08	5.16
251.0	87.09	57.63	5.16
251.2	86.24	57.11	5.15
251.4	85.53	56.73	5.15
251.6	85.06	56.57	5.16
251.8	85.02	56.8	5.16
252.0	85.82	57.83	5.16
252.2	86.86	58.97	5.16
252.4	88.0	60.08	5.16
252.6	89.09	60.91	5.16
252.8	89.86	61.11	5.16
253.0	90.5	60.99	5.16
253.2	90.98	60.53	5.16
253.4	91.23	59.6	5.17
253.6	91.18	58.06	5.17
253.8	90.96	56.36	5.17
254.0	90.63	54.69	5.17
254.2	90.23	53.2	5.17
254.4	89.87	52.85	5.17
254.6	89.52	52.94	5.17
254.8	89.14	53.2	5.17
255.0	88.75	53.55	5.18
255.2	88.32	53.71	5.18
255.4	87.71	53.2	5.18
255.6	87.21	52.71	5.18
255.8	86.89	52.35	5.18
256.0	86.85	52.23	5.18
256.2	87.65	53.18	5.18
256.4	88.81	54.45	5.18
256.6	90.04	55.67	5.18
256.8	91.23	56.61	5.18
257.0	91.89	56.34	5.17
257.2	92.28	55.52	5.17
257.4	92.5	54.45	5.17
257.6	92.57	53.28	5.17
257.8	92.54	52.47	5.17
258.0	92.4	51.78	5.16
258.2	92.15	51.22	5.16
258.4	91.8	50.8	5.16
258.6	91.3	50.6	5.16
258.8	90.57	50.68	5.16
259.0	89.86	50.91	5.15
259.2	89.26	51.28	5.15
259.4	88.84	51.77	5.15
259.6	89.02	52.44	5.15
259.8	89.49	53.17	5.16
260.0	90.09	53.86	5.16
260.2	90.75	54.44	5.17
260.4	91.3	54.68	5.17
260.6	91.77	54.69	5.18
260.8	92.17	54.56	5.19
261.0	92.51	54.32	5.19
261.2	92.7	54.03	5.2
261.4	92.79	53.68	5.21
261.6	92.78	53.24	5.21
261.8	92.66	52.74	5.22
262.0	92.41	52.09	5.23
262.2	92.03	51.34	5.23
262.4	91.56	50.6	5.24
262.6	91.03	49.91	5.24
262.8	90.44	49.34	5.25
263.0	89.62	48.99	5.25
263.2	88.83	48.82	5.26
263.4	88.16	48.86	5.26
263.6	87.69	49.13	5.27
263.8	87.72	49.85	5.27
264.0	88.18	50.9	5.27
264.2	88.81	52.07	5.28
264.4	89.53	53.24	5.28
264.6	90.16	54.25	5.28
264.8	90.72	55.06	5.29
265.0	91.25	55.72	5.29
265.2	91.75	56.17	5.29
265.4	92.3	56.29	5.3
265.6	92.83	56.14	5.3
265.8	93.25	55.78	5.3
266.0	93.5	55.22	5.3
266.2	93.39	54.35	5.31
266.4	92.82	53.16	5.31
266.6	92.1	51.98	5.31
266.8	91.31	50.95	5.32
267.0	90.51	50.18	5.32
267.2	89.77	50.31	5.32
267.4	89.17	50.86	5.32
267.6	88.78	51.7	5.32
267.8	88.69	52.76	5.32
268.0	89.32	54.14	5.32
268.2	90.44	55.66	5.32
268.4	91.75	57.09	5.32
268.6	93.11	58.27	5.31
268.8	94.25	58.73	5.31
269.0	95.18	58.62	5.3
269.2	95.97	58.2	5.29
269.4	96.58	57.51	5.29
269.6	96.87	56.62	5.28
269.8	96.93	55.58	5.27
270.0	96.8	54.49	5.26
270.2	96.5	53.4	5.26
270.4	96.01	52.46	5.25
270.6	95.31	51.8	5.24
270.8	94.54	51.28	5.24
271.0	93.73	50.92	5.23
271.2	92.95	50.73	5.22
271.4	92.27	50.8	5.22
271.6	91.76	51.14	5.21
271.8	91.36	51.59	5.2
272.0	91.11	52.09	5.2
272.2	91.05	52.58	5.19
272.4	91.36	52.98	5.18
272.6	91.74	53.3	5.18
272.8	92.13	53.53	5.17
273.0	92.39	53.61	5.16
273.2	92.39	53.44	5.15
273.4	92.26	53.15	5.14
273.6	92.0	52.77	5.13
273.8	91.59	52.3	5.13
274.0	90.99	51.78	5.12
274.2	90.28	51.22	5.11
274.4	89.48	50.66	5.1
274.6	88.61	50.11	5.09
274.8	87.58	49.66	5.09
275.0	86.52	49.27	5.08
275.2	85.55	48.93	5.07
275.4	84.71	48.63	5.06
275.6	84.2	48.33	5.06
275.8	84.16	47.96	5.05
276.0	84.32	47.74	5.06
276.2	84.61	47.72	5.06
276.4	85.0	48.14	5.06
276.6	85.43	49.3	5.07
276.8	85.87	50.56	5.08
277.0	86.28	51.75	5.1
277.2	86.57	52.43	5.11
277.4	86.68	52.36	5.12
277.6	86.7	52.05	5.13
277.8	86.63	51.6	5.14
278.0	86.48	51.3	5.15
278.2	86.25	51.23	5.16
278.4	85.96	51.1	5.17
278.6	85.61	50.85	5.18
278.8	85.16	50.24	5.19
279.0	84.53	48.79	5.2
279.2	83.95	47.38	5.21
279.4	83.49	46.22	5.22
279.6	83.24	45.56	5.23
279.8	83.51	46.61	5.24
280.0	84.02	48.11	5.25
280.2	84.73	49.86	5.26
280.4	85.61	51.6	5.27
280.6	86.65	52.95	5.28
280.8	87.78	54.14	5.29
281.0	88.95	55.12	5.3
281.2	90.1	55.79	5.31
281.4	91.2	56.12	5.32
281.6	92.2	56.2	5.33
281.8	93.06	56.03	5.35
282.0	93.64	55.51	5.36
282.2	94.02	54.82	5.37
282.4	94.21	54.05	5.38
282.6	94.2	53.32	5.39
282.8	93.98	52.74	5.4
283.0	93.62	52.24	5.41
283.2	93.13	51.85	5.43
283.4	92.43	51.61	5.44
283.6	91.66	51.52	5.45
283.8	90.99	51.58	5.46
284.0	90.53	51.82	5.47
284.2	90.87	52.49	5.47
284.4	91.45	53.26	5.47
284.6	92.12	54.0	5.47
284.8	92.75	54.55	5.47
285.0	93.12	54.71	5.47
285.2	93.31	54.61	5.46
285.4	93.29	54.25	5.46
285.6	92.83	53.39	5.46
285.8	91.98	52.12	5.46
286.0	90.94	50.76	5.45
286.2	89.8	49.45	5.45
286.4	88.69	48.72	5.45
286.6	87.65	48.52	5.45
286.8	86.69	48.5	5.45
287.0	85.86	48.57	5.44
287.2	85.22	48.56	5.44
287.4	84.96	48.02	5.44
287.6	84.85	47.61	5.44
287.8	84.88	47.47	5.43
