0.2	72.36	61.26	5.24
0.4	73.7	63.14	5.24
0.6	74.59	64.13	5.23
0.8	75.1	64.39	5.23
1.0	75.29	64.06	5.22
1.2	75.23	63.28	5.22
1.4	74.97	62.2	5.21
1.6	74.57	60.97	5.21
1.8	74.11	59.72	5.2
2.0	73.89	59.15	5.2
2.2	73.72	58.84	5.19
2.4	73.55	58.7	5.19
2.6	73.36	58.71	5.18
2.8	73.13	58.86	5.18
3.0	72.69	59.02	5.17
3.2	72.11	59.24	5.17
3.4	71.56	59.59	5.16
3.6	71.09	60.08	5.16
3.8	70.74	60.75	5.15
4.0	70.82	61.88	5.16
4.2	71.14	63.25	5.17
4.4	71.54	64.59	5.18
4.6	71.95	65.79	5.19
4.8	72.24	66.58	5.2
5.0	72.37	66.84	5.21
5.2	72.42	66.82	5.22
5.4	72.39	66.56	5.23
5.6	72.27	66.0	5.25
5.8	72.04	65.12	5.26
6.0	71.76	64.15	5.27
6.2	71.42	63.19	5.28
6.4	71.06	62.32	5.29
6.6	70.69	62.07	5.3
6.8	70.33	62.11	5.31
7.0	69.96	62.32	5.32
7.2	69.58	62.65	5.33
7.4	69.22	63.04	5.34
7.6	68.8	63.4	5.34
7.8	68.38	63.74	5.35
8.0	68.04	64.08	5.35
8.2	67.81	64.42	5.35
8.4	67.76	64.76	5.35
8.6	68.12	65.17	5.35
8.8	68.54	65.49	5.34
9.0	68.98	65.67	5.34
9.2	69.34	65.62	5.33
9.4	69.31	64.91	5.32
9.6	69.19	64.05	5.31
9.8	68.99	63.15	5.3
10.0	68.76	62.31	5.29
10.2	68.62	62.01	5.28
10.4	68.51	62.03	5.28
10.6	68.41	62.21	5.27
10.8	68.31	62.53	5.26
11.0	68.23	62.95	5.25
11.2	68.01	63.26	5.24
11.4	67.79	63.59	5.23
11.6	67.68	64.04	5.22
11.8	67.72	64.62	5.21
12.0	68.05	65.47	5.21
12.2	68.83	66.78	5.2
12.4	69.76	68.09	5.19
12.6	70.77	69.3	5.19
12.8	71.8	70.14	5.18
13.0	72.77	70.48	5.18
13.2	73.67	70.54	5.18
13.4	74.46	70.36	5.17
13.6	74.99	69.9	5.17
13.8	75.26	69.22	5.17
14.0	75.39	68.39	5.17
14.2	75.42	67.49	5.16
14.4	75.38	66.52	5.16
14.6	75.27	65.54	5.16
14.8	75.18	64.68	5.15
15.0	75.15	64.03	5.15
15.2	75.21	63.67	5.15
15.4	75.66	64.37	5.15
15.6	76.25	65.42	5.15
15.8	76.88	66.47	5.14
16.0	77.48	67.33	5.14
16.2	77.91	67.3	5.15
16.4	78.19	66.64	5.15
16.6	78.36	65.7	5.15
16.8	78.41	64.54	5.15
17.0	78.24	63.33	5.16
17.2	77.9	62.1	5.16
17.4	77.46	60.88	5.16
17.6	76.95	59.72	5.16
17.8	76.41	58.67	5.17
18.0	75.89	57.94	5.17
18.2	75.4	57.41	5.17
18.4	74.96	57.1	5.17
18.6	74.6	57.01	5.17
18.8	74.34	57.15	5.17
19.0	74.32	57.87	5.18
19.2	74.45	58.83	5.19
19.4	74.69	59.86	5.19
19.6	75.05	60.85	5.2
19.8	75.54	61.62	5.21
20.0	76.18	62.0	5.22
20.2	76.86	62.2	5.23
20.4	77.51	62.24	5.23
20.6	78.06	62.07	5.24
20.8	78.38	61.66	5.25
21.0	78.62	61.14	5.26
21.2	78.79	60.55	5.27
21.4	78.9	59.94	5.28
21.6	79.02	59.47	5.29
21.8	79.1	59.03	5.3
22.0	79.14	58.65	5.3
22.2	79.14	58.32	5.31
22.4	79.06	58.05	5.32
22.6	78.76	57.76	5.33
22.8	78.49	57.6	5.33
23.0	78.3	57.62	5.34
23.2	78.25	57.86	5.34
23.4	78.56	58.62	5.34
23.6	79.33	60.04	5.34
23.8	80.23	61.48	5.34
24.0	81.19	62.78	5.34
24.2	82.1	63.61	5.33
24.4	82.84	63.39	5.32
24.6	83.48	62.86	5.31
24.8	83.99	62.11	5.29
25.0	84.32	61.31	5.28
25.2	84.35	60.68	5.26
25.4	84.24	60.07	5.25
25.6	84.05	59.54	5.24
25.8	83.79	59.1	5.22
26.0	83.57	58.96	5.21
26.2	83.38	59.0	5.2
26.4	83.21	59.17	5.18
26.6	83.08	59.44	5.17
26.8	83.0	59.8	5.16
27.0	83.14	60.3	5.14
27.2	83.36	60.84	5.13
27.4	83.58	61.34	5.12
27.6	83.77	61.75	5.1
27.8	83.81	61.93	5.09
28.0	83.63	61.74	5.09
28.2	83.37	61.4	5.09
28.4	83.04	60.95	5.08
28.6	82.68	60.42	5.08
28.8	82.36	59.82	5.08
29.0	82.04	59.19	5.08
29.2	81.72	58.59	5.08
29.4	81.39	58.04	5.08
29.6	81.05	57.57	5.07
29.8	80.61	57.28	5.07
30.0	80.12	57.16	5.07
30.2	79.7	57.22	5.07
30.4	79.4	57.45	5.06
30.6	79.26	57.89	5.06
30.8	79.46	58.73	5.07
31.0	79.98	59.88	5.07
31.2	80.65	61.13	5.08
31.4	81.45	62.4	5.08
31.6	82.37	63.61	5.09
31.8	83.46	64.76	5.1
32.0	84.52	65.65	5.11
32.2	85.47	66.2	5.12
32.4	86.14	66.15	5.13
32.6	86.24	64.98	5.14
32.8	86.13	63.45	5.15
33.0	85.89	61.74	5.16
33.2	85.57	60.02	5.17
33.4	85.47	59.13	5.17
33.6	85.4	58.52	5.18
33.8	85.33	58.1	5.19
34.0	85.26	57.85	5.2
34.2	85.18	57.75	5.21
34.4	84.94	57.63	5.21
34.6	84.62	57.57	5.22
34.8	84.38	57.65	5.22
35.0	84.25	57.9	5.23
35.2	84.3	58.33	5.23
35.4	84.89	59.32	5.24
35.6	85.82	60.62	5.24
35.8	86.79	61.87	5.24
36.0	87.69	62.94	5.25
36.2	88.26	63.45	5.25
36.4	88.36	63.19	5.25
36.6	88.3	62.65	5.26
36.8	88.12	61.93	5.26
37.0	87.92	61.17	5.27
37.2	87.8	60.58	5.27
37.4	87.67	60.0	5.27
37.6	87.53	59.45	5.28
37.8	87.37	58.96	5.28
38.0	87.2	58.56	5.28
38.2	87.02	58.35	5.29
38.4	86.84	58.22	5.29
38.6	86.65	58.17	5.29
38.8	86.45	58.19	5.3
39.0	86.26	58.28	5.3
39.2	85.91	58.4	5.3
39.4	85.57	58.56	5.3
39.6	85.33	58.8	5.3
39.8	85.25	59.09	5.3
40.0	85.36	59.46	5.3
40.2	86.26	60.21	5.3
40.4	87.25	60.91	5.3
40.6	88.19	61.46	5.3
40.8	88.97	61.76	5.3
41.0	88.98	61.21	5.3
41.2	88.67	60.32	5.3
41.4	88.2	59.27	5.3
41.6	87.62	58.19	5.3
41.8	87.23	57.5	5.3
42.0	86.94	57.07	5.29
42.2	86.65	56.77	5.29
42.4	86.37	56.61	5.29
42.6	86.08	56.56	5.29
42.8	85.67	56.59	5.29
43.0	85.12	56.69	5.29
43.2	84.61	56.91	5.29
43.4	84.2	57.26	5.29
43.6	83.93	57.75	5.29
43.8	83.95	58.5	5.28
44.0	84.52	59.68	5.28
44.2	85.18	60.88	5.28
44.4	85.86	61.98	5.28
44.6	86.48	62.87	5.28
44.8	86.73	63.12	5.28
45.0	86.79	62.99	5.28
45.2	86.72	62.64	5.28
45.4	86.55	62.11	5.27
45.6	86.29	61.44	5.27
45.8	85.95	60.69	5.27
46.0	85.58	59.93	5.27
46.2	85.2	59.2	5.27
46.4	84.83	58.57	5.27
46.6	84.55	58.3	5.27
46.8	84.34	58.28	5.26
47.0	84.19	58.42	5.26
47.2	84.11	58.7	5.26
47.4	84.11	59.12	5.26
47.6	84.22	59.74	5.26
47.8	84.45	60.54	5.26
48.0	84.77	61.38	5.26
48.2	85.17	62.19	5.25
48.4	85.67	62.92	5.25
48.6	86.44	63.39	5.25
48.8	87.24	63.72	5.25
49.0	88.0	63.91	5.25
49.2	88.65	63.96	5.25
49.4	88.85	63.75	5.25
49.6	88.82	63.39	5.24
49.8	88.66	62.96	5.24
50.0	88.43	62.5	5.24
50.2	88.21	62.11	5.24
50.4	88.14	61.93	5.24
50.6	88.09	61.8	5.24
50.8	88.03	61.72	5.24
51.0	87.98	61.69	5.23
51.2	87.94	61.69	5.23
51.4	87.74	61.61	5.23
51.6	87.5	61.52	5.23
51.8	87.34	61.52	5.23
52.0	87.31	61.64	5.23
52.2	87.45	61.91	5.23
52.4	88.1	62.69	5.22
52.6	89.06	63.73	5.22
52.8	90.06	64.72	5.22
53.0	91.01	65.53	5.21
53.2	91.64	65.8	5.21
53.4	91.87	65.42	5.2
53.6	91.95	64.78	5.2
53.8	91.93	63.94	5.19
54.0	91.86	62.98	5.19
54.2	91.86	61.99	5.18
54.4	91.83	61.0	5.18
54.6	91.76	60.06	5.17
54.8	91.65	59.23	5.17
55.0	91.44	58.63	5.16
55.2	91.05	58.43	5.16
55.4	90.68	58.4	5.15
55.6	90.4	58.52	5.15
55.8	90.24	58.77	5.14
56.0	90.58	59.28	5.14
56.2	91.27	59.93	5.13
56.4	91.96	60.52	5.13
56.6	92.51	60.94	5.13
56.8	92.58	60.85	5.13
57.0	91.98	60.08	5.13
57.2	91.17	59.12	5.13
57.4	90.23	58.08	5.13
57.6	89.27	57.08	5.13
57.8	88.74	56.66	5.13
58.0	88.27	56.39	5.13
58.2	87.86	56.28	5.13
58.4	87.48	56.31	5.13
58.6	87.13	56.47	5.13
58.8	86.69	56.82	5.13
59.0	86.19	57.31	5.13
59.2	85.74	57.87	5.13
59.4	85.35	58.47	5.14
59.6	85.05	59.09	5.14
59.8	84.97	59.67	5.15
60.0	85.08	60.18	5.16
60.2	85.23	60.65	5.16
60.4	85.4	61.05	5.17
60.6	85.53	61.35	5.18
60.8	85.44	61.37	5.19
61.0	85.31	61.34	5.2
61.2	85.14	61.29	5.2
61.4	84.96	61.26	5.21
61.6	84.76	61.34	5.22
61.8	84.55	61.71	5.22
62.0	84.38	62.15	5.23
62.2	84.25	62.66	5.23
62.4	84.21	63.21	5.24
62.6	84.25	63.79	5.24
62.8	84.46	64.22	5.25
63.0	84.79	64.71	5.25
63.2	85.25	65.27	5.25
63.4	85.85	65.93	5.25
63.6	86.83	67.08	5.25
63.8	88.02	68.47	5.25
64.0	89.13	69.68	5.25
64.2	90.04	70.52	5.26
64.4	90.19	70.14	5.26
64.6	89.82	68.93	5.26
64.8	89.21	67.39	5.26
65.0	88.48	65.7	5.26
65.2	87.95	64.47	5.26
65.4	87.67	63.8	5.26
65.6	87.44	63.31	5.26
65.8	87.22	62.96	5.26
66.0	87.0	62.73	5.26
66.2	86.74	62.59	5.26
66.4	86.19	62.34	5.26
66.6	85.65	62.19	5.27
66.8	85.17	62.12	5.27
67.0	84.79	62.17	5.27
67.2	84.55	62.34	5.27
67.4	84.87	62.99	5.26
67.6	85.33	63.7	5.26
67.8	85.82	64.34	5.26
68.0	86.25	64.82	5.26
68.2	86.37	64.72	5.25
68.4	86.13	64.02	5.25
68.6	85.8	63.14	5.25
68.8	85.41	62.21	5.24
69.0	85.02	61.31	5.24
69.2	84.92	61.02	5.24
69.4	84.88	60.92	5.23
69.6	84.87	60.95	5.23
69.8	84.86	61.07	5.22
70.0	84.85	61.26	5.22
70.2	84.63	61.35	5.22
70.4	84.36	61.43	5.21
70.6	84.12	61.59	5.21
70.8	83.96	61.85	5.21
71.0	83.91	62.22	5.2
71.2	84.36	63.08	5.2
71.4	84.9	64.01	5.19
71.6	85.44	64.87	5.19
71.8	85.91	65.57	5.19
72.0	86.03	65.7	5.18
72.2	85.79	65.26	5.18
72.4	85.43	64.65	5.17
72.6	84.99	63.96	5.17
72.8	84.51	63.29	5.17
73.0	84.27	63.2	5.16
73.2	84.04	63.23	5.16
73.4	83.81	63.34	5.15
73.6	83.59	63.53	5.15
73.8	83.35	63.77	5.14
74.0	82.96	63.92	5.14
74.2	82.51	64.05	5.14
74.4	82.1	64.21	5.13
74.6	81.78	64.42	5.13
74.8	81.58	64.68	5.13
75.0	81.81	65.13	5.13
75.2	82.22	65.65	5.14
75.4	82.65	66.15	5.15
75.6	83.03	66.57	5.16
75.8	83.12	66.75	5.16
76.0	82.89	66.68	5.17
76.2	82.57	66.53	5.18
76.4	82.18	66.34	5.19
76.6	81.77	66.15	5.19
76.8	81.56	66.12	5.2
77.0	81.36	66.14	5.21
77.2	81.18	66.22	5.21
77.4	81.0	66.35	5.22
77.6	80.82	66.55	5.22
77.8	80.43	66.77	5.23
78.0	80.07	67.08	5.23
78.2	79.82	67.48	5.23
78.4	79.72	68.01	5.24
78.6	80.02	68.86	5.24
78.8	80.78	70.07	5.23
79.0	81.6	71.2	5.23
79.2	82.39	72.09	5.22
79.4	82.87	72.34	5.22
79.6	82.87	71.64	5.21
79.8	82.72	70.64	5.2
80.0	82.48	69.48	5.2
80.2	82.24	68.36	5.19
80.4	82.25	67.79	5.18
80.6	82.29	67.36	5.17
80.8	82.32	67.07	5.16
81.0	82.34	66.92	5.16
81.2	82.34	66.9	5.15
81.4	82.1	67.08	5.14
81.6	81.83	67.37	5.13
81.8	81.59	67.74	5.13
82.0	81.41	68.18	5.12
82.2	81.42	68.67	5.11
82.4	81.76	69.23	5.1
82.6	82.12	69.74	5.09
82.8	82.47	70.16	5.08
83.0	82.7	70.42	5.08
83.2	82.56	70.17	5.07
83.4	82.28	69.79	5.06
83.6	81.87	69.35	5.05
83.8	81.36	68.89	5.04
84.0	80.68	68.58	5.03
84.2	79.83	68.53	5.02
84.4	78.98	68.58	5.01
84.6	78.22	68.72	5.0
84.8	77.6	68.94	4.99
85.0	77.41	69.23	4.98
85.2	77.61	69.59	4.98
85.4	77.98	70.03	4.98
85.6	78.46	70.56	4.98
85.8	78.97	71.22	4.99
86.0	79.41	72.07	4.99
86.2	79.88	72.94	4.99
86.4	80.41	73.79	5.0
86.6	81.07	74.6	5.0
86.8	81.98	75.41	5.01
87.0	82.8	75.93	5.01
87.2	83.43	76.05	5.01
87.4	83.48	75.22	5.02
87.6	82.96	73.5	5.03
87.8	82.21	71.49	5.03
88.0	81.34	69.38	5.04
88.2	80.71	67.98	5.04
88.4	80.28	67.2	5.05
88.6	79.91	66.68	5.05
88.8	79.57	66.36	5.05
89.0	79.26	66.18	5.06
89.2	78.94	66.06	5.06
89.4	78.55	65.75	5.07
89.6	78.17	65.49	5.07
89.8	77.79	65.31	5.07
90.0	77.43	65.21	5.08
90.2	77.08	65.19	5.08
90.4	76.76	65.37	5.08
90.6	76.47	65.7	5.08
90.8	76.21	66.06	5.09
91.0	75.99	66.44	5.09
91.2	75.8	66.79	5.1
91.4	75.72	67.02	5.11
91.6	75.68	67.17	5.12
91.8	75.65	67.24	5.14
92.0	75.62	67.24	5.16
92.2	75.44	67.08	5.18
92.4	75.15	66.79	5.21
92.6	74.94	66.53	5.24
92.8	74.86	66.35	5.26
93.0	75.24	66.6	5.29
93.2	75.91	67.09	5.32
93.4	76.64	67.55	5.34
93.6	77.36	67.88	5.37
93.8	77.82	67.74	5.4
94.0	78.11	67.29	5.43
94.2	78.25	66.59	5.46
94.4	78.2	65.58	5.5
94.6	77.83	64.04	5.53
94.8	77.32	62.36	5.57
95.0	76.71	60.69	5.6
95.2	76.06	59.15	5.64
95.4	75.63	58.51	5.67
95.6	75.25	58.29	5.7
95.8	74.88	58.31	5.72
96.0	74.48	58.5	5.75
96.2	74.04	58.79	5.77
96.4	73.39	58.92	5.79
96.6	72.56	58.87	5.8
96.8	71.73	58.89	5.81
97.0	70.96	59.02	5.82
97.2	70.29	59.3	5.83
97.4	69.91	59.96	5.84
97.6	69.83	60.98	5.85
97.8	69.84	62.02	5.85
98.0	69.9	62.98	5.86
98.2	69.95	63.63	5.87
98.4	69.89	63.68	5.87
98.6	69.83	63.59	5.88
98.8	69.79	63.47	5.89
99.0	69.77	63.39	5.89
99.2	69.87	63.87	5.9
99.4	69.99	64.48	5.91
99.6	70.13	65.16	5.91
99.8	70.28	65.89	5.92
100.0	70.38	66.56	5.92
100.2	70.29	66.97	5.93
100.4	70.26	67.42	5.93
100.6	70.36	67.98	5.94
100.8	70.63	68.68	5.94
101.0	71.44	70.03	5.95
101.2	72.52	71.61	5.95
101.4	73.66	73.07	5.96
101.6	74.78	74.23	5.96
101.8	75.56	74.33	5.97
102.0	76.17	73.93	5.98
102.2	76.65	73.24	5.98
102.4	77.02	72.38	5.99
102.6	77.28	71.74	6.0
102.8	77.43	71.11	6.0
103.0	77.49	70.52	6.01
103.2	77.48	70.0	6.01
103.4	77.38	69.6	6.02
103.6	77.18	69.5	6.02
103.8	76.94	69.51	6.03
104.0	76.69	69.62	6.03
104.2	76.46	69.8	6.04
104.4	76.26	70.03	6.04
104.6	76.29	70.43	6.04
104.8	76.37	70.82	6.04
105.0	76.45	71.15	6.04
105.2	76.52	71.36	6.04
105.4	76.51	71.28	6.03
105.6	76.34	70.7	6.03
105.8	76.15	70.07	6.02
106.0	75.95	69.46	6.02
106.2	75.76	68.98	6.01
106.4	75.68	69.17	6.0
106.6	75.64	69.59	6.0
106.8	75.63	70.18	5.99
107.0	75.66	70.94	5.99
107.2	75.72	71.8	5.98
107.4	75.63	72.62	5.97
107.6	75.6	73.51	5.97
107.8	75.69	74.51	5.96
108.0	75.96	75.61	5.96
108.2	76.57	76.97	5.96
108.4	77.89	78.95	5.96
108.6	79.25	80.75	5.96
108.8	80.53	82.14	5.97
109.0	81.44	82.67	5.98
109.2	81.53	81.54	5.99
109.4	81.39	79.9	6.0
109.6	81.09	78.0	6.01
109.8	80.88	76.41	6.02
110.0	80.97	75.69	6.02
110.2	81.1	75.2	6.03
110.4	81.24	74.93	6.04
110.6	81.38	74.83	6.04
110.8	81.48	74.87	6.05
111.0	81.37	74.97	6.05
111.2	81.14	75.13	6.06
111.4	80.9	75.37	6.06
111.6	80.66	75.65	6.07
111.8	80.45	75.97	6.07
112.0	80.3	76.31	6.08
112.2	80.39	76.69	6.08
112.4	80.51	77.04	6.08
112.6	80.66	77.31	6.08
112.8	80.8	77.47	6.09
113.0	80.9	77.43	6.09
113.2	80.93	77.08	6.09
113.4	80.92	76.64	6.09
113.6	80.88	76.12	6.1
113.8	80.8	75.57	6.1
114.0	80.62	74.99	6.1
114.2	80.41	74.45	6.11
114.4	80.2	74.0	6.11
114.6	79.98	73.68	6.11
114.8	79.79	73.58	6.12
115.0	79.69	74.06	6.12
115.2	79.63	74.72	6.12
115.4	79.61	75.5	6.12
115.6	79.62	76.34	6.13
115.8	79.68	77.21	6.13
116.0	79.69	77.86	6.13
116.2	79.76	78.44	6.13
116.4	79.91	79.0	6.13
116.6	80.2	79.57	6.13
116.8	80.66	80.17	6.13
117.0	81.6	81.08	6.13
117.2	82.58	81.86	6.13
117.4	83.51	82.39	6.13
117.6	84.23	82.47	6.13
117.8	84.36	81.51	6.13
118.0	84.31	80.26	6.13
118.2	84.13	78.87	6.13
118.4	83.89	77.48	6.12
118.6	83.87	76.9	6.12
118.8	83.9	76.66	6.12
119.0	83.95	76.63	6.12
119.2	84.0	76.78	6.12
119.4	84.04	77.06	6.12
119.6	83.99	77.4	6.12
119.8	83.72	77.69	6.12
120.0	83.51	78.08	6.12
120.2	83.41	78.58	6.12
120.4	83.48	79.21	6.12
120.6	83.91	80.09	6.12
120.8	85.08	81.54	6.11
121.0	86.27	82.87	6.11
121.2	87.35	83.89	6.11
121.4	88.1	84.33	6.11
121.6	87.89	83.28	6.11
121.8	87.41	81.82	6.11
122.0	86.75	80.17	6.11
122.2	86.07	78.61	6.11
122.4	85.87	78.17	6.11
122.6	85.75	78.0	6.11
122.8	85.66	78.05	6.11
123.0	85.58	78.28	6.11
123.2	85.5	78.62	6.11
123.4	85.25	78.94	6.11
123.6	84.73	79.12	6.11
123.8	84.25	79.36	6.11
124.0	83.85	79.66	6.11
124.2	83.57	80.03	6.11
124.4	83.62	80.58	6.11
124.6	84.22	81.43	6.11
124.8	84.87	82.21	6.11
125.0	85.46	82.81	6.1
125.2	85.85	83.08	6.1
125.4	85.58	82.41	6.1
125.6	85.11	81.49	6.1
125.8	84.5	80.43	6.1
126.0	83.82	79.34	6.1
126.2	83.32	78.77	6.1
126.4	82.87	78.43	6.1
126.6	82.44	78.22	6.1
126.8	82.02	78.13	6.1
127.0	81.6	78.13	6.1
127.2	81.13	78.2	6.1
127.4	80.58	78.29	6.1
127.6	80.07	78.44	6.1
127.8	79.63	78.66	6.1
128.0	79.3	78.94	6.1
128.2	79.15	79.33	6.1
128.4	79.4	79.99	6.1
128.6	79.7	80.57	6.1
128.8	79.98	80.98	6.1
129.0	80.19	81.12	6.1
129.2	79.96	80.31	6.1
129.4	79.61	79.25	6.1
129.6	79.21	78.08	6.09
129.8	78.79	76.94	6.09
130.0	78.55	76.44	6.09
130.2	78.41	76.31	6.09
130.4	78.3	76.36	6.09
130.6	78.23	76.53	6.09
130.8	78.19	76.78	6.09
131.0	78.03	76.91	6.08
131.2	77.79	76.95	6.08
131.4	77.65	77.06	6.08
131.6	77.64	77.27	6.08
131.8	77.83	77.62	6.08
132.0	78.66	78.55	6.08
132.2	79.72	79.61	6.08
132.4	80.77	80.55	6.08
132.6	81.71	81.21	6.07
132.8	82.05	80.88	6.07
133.0	82.05	80.0	6.07
133.2	81.92	78.94	6.07
133.4	81.73	77.84	6.07
133.6	81.83	77.4	6.07
133.8	82.07	77.33	6.07
134.0	82.36	77.43	6.06
134.2	82.67	77.67	6.06
134.4	82.99	78.01	6.06
134.6	83.25	78.39	6.06
134.8	83.34	78.72	6.06
135.0	83.42	79.05	6.07
135.2	83.51	79.37	6.07
135.4	83.62	79.63	6.07
135.6	83.8	79.81	6.08
135.8	84.18	79.83	6.08
136.0	84.55	79.77	6.09
136.2	84.89	79.66	6.09
136.4	85.14	79.49	6.1
136.6	85.11	79.21	6.11
136.8	84.95	78.91	6.11
137.0	84.7	78.61	6.12
137.2	84.38	78.35	6.12
137.4	84.01	78.16	6.13
137.6	83.63	78.19	6.13
137.8	83.23	78.3	6.14
138.0	82.82	78.47	6.14
138.2	82.41	78.69	6.15
138.4	82.0	78.95	6.15
138.6	81.62	79.27	6.15
138.8	81.27	79.6	6.16
139.0	80.96	79.91	6.16
139.2	80.68	80.15	6.16
139.4	80.46	80.32	6.16
139.6	80.39	80.22	6.16
139.8	80.34	80.05	6.16
140.0	80.31	79.82	6.16
140.2	80.26	79.56	6.16
140.4	80.07	79.27	6.17
140.6	79.8	78.98	6.17
140.8	79.52	78.74	6.17
141.0	79.24	78.55	6.17
141.2	79.0	78.46	6.17
141.4	78.82	78.57	6.17
141.6	78.72	78.82	6.17
141.8	78.69	79.19	6.18
142.0	78.73	79.7	6.18
142.2	78.88	80.33	6.18
142.4	79.12	81.29	6.18
142.6	79.48	82.38	6.18
142.8	79.98	83.46	6.18
143.0	80.63	84.45	6.18
143.2	81.6	85.26	6.18
143.4	82.88	85.81	6.18
143.6	84.14	86.12	6.18
143.8	85.26	86.15	6.18
144.0	85.85	85.58	6.17
144.2	86.03	84.6	6.17
144.4	86.01	83.49	6.17
144.6	85.85	82.38	6.17
144.8	85.81	81.84	6.17
145.0	85.79	81.64	6.17
145.2	85.74	81.62	6.17
145.4	85.66	81.73	6.17
145.6	85.53	81.93	6.17
145.8	85.24	82.09	6.17
146.0	84.88	82.24	6.17
146.2	84.52	82.42	6.17
146.4	84.19	82.63	6.16
146.6	83.93	82.87	6.16
146.8	83.93	83.24	6.16
147.0	84.12	83.66	6.16
147.2	84.33	84.01	6.16
147.4	84.49	84.21	6.16
147.6	84.51	84.1	6.16
147.8	84.23	83.43	6.15
148.0	83.87	82.66	6.15
148.2	83.46	81.87	6.15
148.4	83.04	81.16	6.15
148.6	82.79	81.2	6.15
148.8	82.56	81.41	6.14
149.0	82.33	81.72	6.14
149.2	82.09	82.07	6.14
149.4	81.81	82.39	6.14
149.6	81.26	82.22	6.14
149.8	80.72	82.02	6.13
150.0	80.24	81.85	6.13
150.2	79.86	81.74	6.13
150.4	79.76	81.88	6.13
150.6	80.05	82.41	6.13
150.8	80.43	82.96	6.13
151.0	80.84	83.44	6.13
151.2	81.2	83.72	6.13
151.4	81.31	83.44	6.13
151.6	81.35	83.02	6.13
151.8	81.34	82.53	6.13
152.0	81.28	82.05	6.13
152.2	81.21	81.9	6.13
152.4	81.12	81.81	6.13
152.6	80.99	81.79	6.13
152.8	80.84	81.81	6.13
153.0	80.63	81.84	6.13
153.2	80.31	81.8	6.13
153.4	80.03	81.82	6.13
153.6	79.81	81.91	6.13
153.8	79.71	82.1	6.13
154.0	79.93	82.63	6.14
154.2	80.44	83.42	6.14
154.4	80.99	84.13	6.14
154.6	81.52	84.63	6.14
154.8	81.87	84.56	6.15
155.0	81.92	83.71	6.15
155.2	81.9	82.66	6.15
155.4	81.82	81.55	6.16
155.6	81.76	80.68	6.16
155.8	81.79	80.41	6.16
156.0	81.83	80.32	6.17
156.2	81.87	80.4	6.17
156.4	81.91	80.61	6.17
156.6	81.89	80.89	6.17
156.8	81.73	81.16	6.18
157.0	81.63	81.53	6.18
157.2	81.63	82.0	6.18
157.4	81.79	82.59	6.18
157.6	82.33	83.45	6.18
157.8	83.22	84.53	6.18
158.0	84.21	85.56	6.18
158.2	85.23	86.44	6.18
158.4	86.15	86.86	6.18
158.6	86.91	86.72	6.18
158.8	87.57	86.41	6.18
159.0	88.13	86.02	6.18
159.2	88.53	85.82	6.18
159.4	88.76	85.9	6.18
159.6	88.88	86.04	6.18
159.8	88.88	86.2	6.17
160.0	88.79	86.35	6.17
160.2	88.53	86.3	6.17
160.4	88.19	86.17	6.17
160.6	87.83	86.06	6.17
160.8	87.51	86.03	6.17
161.0	87.3	86.17	6.17
161.2	87.42	86.86	6.17
161.4	87.59	87.53	6.17
161.6	87.74	88.07	6.17
161.8	87.83	88.37	6.17
162.0	87.61	87.66	6.16
162.2	87.26	86.55	6.16
162.4	86.84	85.31	6.16
162.6	86.37	84.07	6.15
162.8	85.93	83.34	6.15
163.0	85.53	83.13	6.15
163.2	85.13	83.1	6.15
163.4	84.73	83.2	6.14
163.6	84.32	83.36	6.14
163.8	83.81	83.4	6.14
164.0	83.21	83.27	6.13
164.2	82.69	83.19	6.13
164.4	82.29	83.19	6.13
164.6	82.08	83.28	6.12
164.8	82.38	83.71	6.12
165.0	83.0	84.32	6.12
165.2	83.73	84.94	6.12
165.4	84.47	85.53	6.12
165.6	85.03	85.88	6.12
165.8	85.38	86.0	6.11
166.0	85.66	86.02	6.11
166.2	85.89	85.98	6.11
166.4	86.09	85.93	6.11
166.6	86.28	85.9	6.11
166.8	86.44	85.86	6.11
167.0	86.6	85.81	6.11
167.2	86.74	85.76	6.11
167.4	86.79	85.65	6.11
167.6	86.86	85.57	6.11
167.8	87.0	85.55	6.11
168.0	87.24	85.62	6.11
168.2	87.72	85.93	6.11
168.4	88.59	86.63	6.12
168.6	89.5	87.31	6.12
168.8	90.35	87.87	6.12
169.0	90.99	88.07	6.13
169.2	91.14	87.49	6.13
169.4	91.13	86.73	6.14
169.6	90.99	85.91	6.14
169.8	90.81	85.19	6.15
170.0	90.74	85.08	6.15
170.2	90.65	85.13	6.15
170.4	90.53	85.31	6.16
170.6	90.37	85.59	6.16
170.8	90.16	85.92	6.16
171.0	89.74	86.2	6.16
171.2	89.32	86.51	6.17
171.4	88.94	86.84	6.17
171.6	88.65	87.17	6.17
171.8	88.65	87.58	6.17
172.0	88.98	88.04	6.17
172.2	89.32	88.39	6.17
172.4	89.59	88.56	6.16
172.6	89.59	88.34	6.16
172.8	89.11	87.53	6.16
173.0	88.5	86.57	6.16
173.2	87.83	85.55	6.16
173.4	87.18	84.63	6.16
173.6	86.79	84.18	6.16
173.8	86.46	83.88	6.15
174.0	86.18	83.74	6.15
174.2	85.93	83.75	6.15
174.4	85.69	83.92	6.15
174.6	85.32	84.3	6.15
174.8	85.03	84.8	6.15
175.0	84.85	85.37	6.14
175.2	84.84	86.0	6.14
175.4	85.21	86.69	6.14
175.6	85.92	87.4	6.14
175.8	86.73	88.03	6.14
176.0	87.55	88.53	6.14
176.2	88.24	88.67	6.14
176.4	88.74	88.43	6.14
176.6	89.15	88.08	6.14
176.8	89.45	87.69	6.14
177.0	89.61	87.48	6.14
177.2	89.64	87.52	6.14
177.4	89.57	87.61	6.14
177.6	89.43	87.72	6.14
177.8	89.23	87.83	6.14
178.0	88.95	87.78	6.15
178.2	88.64	87.69	6.15
178.4	88.34	87.56	6.15
178.6	88.08	87.42	6.15
178.8	87.91	87.27	6.16
179.0	88.01	87.18	6.16
179.2	88.14	87.06	6.17
179.4	88.23	86.88	6.18
179.6	88.24	86.64	6.19
179.8	87.92	86.19	6.19
180.0	87.44	85.65	6.2
180.2	86.88	85.07	6.21
180.4	86.27	84.5	6.21
180.6	85.64	83.99	6.22
180.8	85.05	83.57	6.23
181.0	84.47	83.24	6.23
181.2	83.91	83.01	6.24
181.4	83.38	82.9	6.24
181.6	82.88	82.93	6.25
181.8	82.32	83.18	6.25
182.0	81.88	83.58	6.25
182.2	81.59	84.12	6.25
182.4	81.49	84.79	6.25
182.6	81.76	85.7	6.25
182.8	82.56	86.91	6.25
183.0	83.48	88.1	6.24
183.2	84.4	89.14	6.24
183.4	85.17	89.83	6.23
183.6	85.53	89.8	6.23
183.8	85.78	89.56	6.22
184.0	85.93	89.21	6.22
184.2	86.05	88.89	6.22
184.4	86.22	88.85	6.21
184.6	86.36	88.88	6.21
184.8	86.45	88.96	6.2
185.0	86.5	89.09	6.2
185.2	86.39	89.32	6.19
185.4	86.2	89.61	6.19
185.6	86.0	89.92	6.18
185.8	85.86	90.2	6.18
186.0	85.79	90.44	6.17
186.2	86.2	90.75	6.17
186.4	86.64	90.91	6.17
186.6	87.02	90.86	6.17
186.8	87.26	90.53	6.17
187.0	86.93	89.29	6.18
187.2	86.36	87.74	6.18
187.4	85.67	86.1	6.18
187.6	84.92	84.54	6.18
187.8	84.33	83.74	6.19
188.0	83.87	83.6	6.19
188.2	83.47	83.73	6.19
188.4	83.11	84.07	6.19
188.6	82.81	84.56	6.19
188.8	82.51	85.08	6.19
189.0	82.15	85.49	6.19
189.2	81.9	85.93	6.19
189.4	81.79	86.38	6.19
189.6	81.87	86.81	6.19
189.8	82.39	87.23	6.19
190.0	83.23	87.61	6.19
190.2	84.13	87.91	6.19
190.4	84.99	88.08	6.19
190.6	85.51	87.96	6.19
190.8	85.72	87.6	6.19
191.0	85.82	87.17	6.18
191.2	85.85	86.73	6.18
191.4	85.93	86.5	6.18
191.6	86.07	86.48	6.18
191.8	86.21	86.55	6.18
192.0	86.32	86.68	6.18
192.2	86.42	86.87	6.17
192.4	86.39	87.02	6.17
192.6	86.29	87.17	6.17
192.8	86.24	87.38	6.17
193.0	86.28	87.64	6.17
193.2	86.45	87.99	6.17
193.4	87.15	88.76	6.17
193.6	87.92	89.49	6.16
193.8	88.67	90.09	6.16
194.0	89.31	90.43	6.16
194.2	89.45	89.87	6.16
194.4	89.38	88.97	6.16
194.6	89.19	87.95	6.16
194.8	88.91	86.91	6.16
195.0	88.65	86.35	6.16
195.2	88.39	86.06	6.15
195.4	88.12	85.91	6.15
195.6	87.84	85.89	6.15
195.8	87.56	85.98	6.15
196.0	87.2	86.14	6.15
196.2	86.89	86.38	6.15
196.4	86.67	86.69	6.15
196.6	86.58	87.07	6.15
196.8	86.84	87.62	6.14
197.0	87.48	88.33	6.14
197.2	88.14	88.92	6.14
197.4	88.72	89.3	6.14
197.6	88.95	89.11	6.14
197.8	88.69	88.18	6.13
198.0	88.27	87.06	6.13
198.2	87.74	85.89	6.13
198.4	87.19	84.99	6.13
198.6	86.76	84.76	6.12
198.8	86.35	84.72	6.12
199.0	85.98	84.81	6.12
199.2	85.64	84.99	6.12
199.4	85.37	85.13	6.12
199.6	85.18	85.15	6.12
199.8	85.07	85.18	6.12
200.0	85.03	85.22	6.12
200.2	85.09	85.28	6.12
200.4	85.3	85.38	6.12
200.6	85.64	85.51	6.13
200.8	86.03	85.66	6.13
201.0	86.45	85.83	6.14
201.2	86.82	86.02	6.14
201.4	87.0	86.15	6.15
201.6	87.19	86.34	6.15
201.8	87.45	86.61	6.15
202.0	87.8	86.99	6.16
202.2	88.45	87.69	6.16
202.4	89.37	88.69	6.16
202.6	90.38	89.69	6.17
202.8	91.44	90.59	6.17
203.0	92.53	91.25	6.18
203.2	93.66	91.46	6.18
203.4	94.66	91.41	6.19
203.6	95.45	91.1	6.19
203.8	95.79	90.43	6.19
204.0	95.39	89.22	6.2
204.2	94.72	87.9	6.21
204.4	93.89	86.62	6.21
204.6	93.01	85.52	6.22
204.8	92.56	85.54	6.22
205.0	92.24	85.99	6.22
205.2	92.01	86.67	6.23
205.4	91.86	87.48	6.23
205.6	91.78	88.34	6.23
205.8	91.79	88.93	6.24
206.0	91.86	89.29	6.24
206.2	91.98	89.56	6.24
206.4	92.14	89.75	6.24
206.6	92.33	89.85	6.23
206.8	92.61	89.82	6.23
207.0	92.87	89.71	6.23
207.2	93.06	89.52	6.23
207.4	93.14	89.26	6.22
207.6	92.85	88.86	6.22
207.8	92.44	88.43	6.22
208.0	91.97	88.01	6.22
208.2	91.49	87.63	6.21
208.4	91.14	87.43	6.21
208.6	90.9	87.39	6.21
208.8	90.72	87.42	6.21
209.0	90.56	87.51	6.2
209.2	90.45	87.66	6.2
209.4	90.25	87.76	6.2
209.6	90.05	87.87	6.2
209.8	89.95	88.04	6.19
210.0	89.99	88.3	6.19
210.2	90.25	88.7	6.19
210.4	91.03	89.47	6.19
210.6	91.89	90.23	6.19
210.8	92.73	90.88	6.18
211.0	93.42	91.26	6.18
211.2	93.61	90.91	6.18
211.4	93.66	90.38	6.18
211.6	93.61	89.75	6.18
211.8	93.53	89.16	6.18
212.0	93.61	89.04	6.18
212.2	93.68	89.0	6.18
212.4	93.73	89.03	6.18
212.6	93.75	89.08	6.17
212.8	93.69	89.07	6.17
213.0	93.41	88.79	6.17
213.2	93.15	88.57	6.17
213.4	92.96	88.45	6.17
213.6	92.9	88.48	6.17
213.8	93.3	89.14	6.17
214.0	94.03	90.21	6.17
214.2	94.73	91.17	6.16
214.4	95.28	91.84	6.16
214.6	95.3	91.55	6.16
214.8	94.78	90.35	6.16
215.0	94.07	88.85	6.16
215.2	93.26	87.24	6.16
215.4	92.61	86.05	6.16
215.6	92.13	85.28	6.16
215.8	91.69	84.7	6.15
216.0	91.28	84.28	6.15
216.2	90.91	84.03	6.15
216.4	90.5	83.97	6.15
216.6	90.06	84.07	6.15
216.8	89.69	84.3	6.15
217.0	89.43	84.64	6.15
217.2	89.29	85.07	6.14
217.4	89.46	85.65	6.14
217.6	89.87	86.3	6.14
217.8	90.35	86.91	6.14
218.0	90.85	87.44	6.14
218.2	91.24	87.66	6.13
218.4	91.49	87.57	6.13
218.6	91.7	87.4	6.13
218.8	91.9	87.19	6.12
219.0	92.13	87.15	6.12
219.2	92.41	87.34	6.12
219.4	92.68	87.57	6.11
219.6	92.92	87.81	6.11
219.8	93.11	88.03	6.11
220.0	93.03	87.91	6.11
220.2	92.92	87.75	6.1
220.4	92.86	87.68	6.1
220.6	92.92	87.76	6.1
220.8	93.46	88.55	6.09
221.0	94.31	89.77	6.09
221.2	95.14	90.85	6.09
221.4	95.81	91.55	6.09
221.6	95.83	90.83	6.08
221.8	95.41	89.23	6.08
222.0	94.8	87.35	6.08
222.2	94.08	85.44	6.08
222.4	93.55	84.5	6.08
222.6	93.1	84.1	6.08
222.8	92.66	83.93	6.07
223.0	92.24	83.94	6.07
223.2	91.83	84.03	6.07
223.4	91.27	83.85	6.07
223.6	90.75	83.68	6.07
223.8	90.33	83.57	6.07
224.0	90.04	83.55	6.07
224.2	90.02	83.71	6.07
224.4	90.49	84.2	6.07
224.6	91.04	84.71	6.08
224.8	91.59	85.17	6.08
225.0	92.01	85.45	6.09
225.2	91.97	85.26	6.09
225.4	91.83	84.95	6.1
225.6	91.65	84.58	6.1
225.8	91.52	84.24	6.11
226.0	91.67	84.15	6.11
226.2	91.88	84.13	6.12
226.4	92.11	84.18	6.12
226.6	92.33	84.3	6.13
226.8	92.37	84.48	6.13
227.0	92.26	84.73	6.13
227.2	92.2	85.03	6.14
227.4	92.25	85.4	6.14
227.6	92.6	85.87	6.14
227.8	93.48	86.52	6.14
228.0	94.39	87.11	6.14
228.2	95.22	87.57	6.13
228.4	95.67	87.69	6.13
228.6	95.53	87.31	6.13
228.8	95.19	86.78	6.12
229.0	94.72	86.18	6.11
229.2	94.28	85.69	6.11
229.4	93.95	85.42	6.1
229.6	93.63	85.24	6.1
229.8	93.32	85.12	6.09
230.0	93.02	85.08	6.09
230.2	92.67	85.11	6.08
230.4	92.3	85.22	6.08
230.6	92.01	85.38	6.07
230.8	91.83	85.6	6.07
231.0	91.81	85.87	6.07
231.2	92.36	86.38	6.07
231.4	93.08	86.91	6.08
231.6	93.76	87.29	6.09
231.8	94.28	87.44	6.09
232.0	94.11	86.77	6.1
232.2	93.5	85.65	6.11
232.4	92.71	84.4	6.12
232.6	91.83	83.18	6.12
232.8	91.09	82.46	6.13
233.0	90.6	82.45	6.14
233.2	90.17	82.66	6.14
233.4	89.81	83.03	6.15
233.6	89.52	83.51	6.15
233.8	89.26	83.89	6.16
234.0	88.97	84.01	6.16
234.2	88.82	84.2	6.17
234.4	88.82	84.51	6.17
234.6	89.02	84.99	6.16
234.8	89.79	86.12	6.15
235.0	90.82	87.49	6.13
235.2	91.86	88.76	6.1
235.4	92.8	89.76	6.07
235.6	93.17	89.71	6.04
235.8	93.2	89.08	6.01
236.0	93.07	88.21	5.97
236.2	92.84	87.26	5.94
236.4	92.74	86.79	5.91
236.6	92.68	86.58	5.87
236.8	92.59	86.47	5.84
237.0	92.47	86.45	5.81
237.2	92.29	86.5	5.78
237.4	91.75	86.46	5.74
237.6	91.23	86.48	5.71
237.8	90.82	86.57	5.67
238.0	90.61	86.75	5.64
238.2	90.99	87.13	5.61
238.4	91.96	87.69	5.59
238.6	93.02	88.29	5.57
238.8	94.04	88.87	5.56
239.0	94.67	89.32	5.55
239.2	94.77	89.59	5.54
239.4	94.72	89.78	5.54
239.6	94.6	89.9	5.54
239.8	94.6	89.95	5.54
240.0	94.77	89.94	5.54
240.2	94.96	89.89	5.54
240.4	95.15	89.84	5.54
240.6	95.34	89.81	5.54
240.8	95.6	90.01	5.54
241.0	95.77	90.16	5.53
241.2	95.8	90.22	5.53
241.4	95.64	90.12	5.53
241.6	94.83	89.4	5.53
241.8	93.89	88.58	5.53
242.0	92.94	87.77	5.53
242.2	92.15	87.13	5.52
242.4	91.93	87.13	5.52
242.6	91.88	87.25	5.52
242.8	91.96	87.42	5.52
243.0	92.17	87.53	5.52
243.2	92.54	87.48	5.51
243.4	92.85	87.22	5.51
243.6	92.98	86.67	5.5
243.8	92.64	85.51	5.5
244.0	91.6	83.53	5.49
244.2	90.35	81.36	5.49
244.4	89.01	79.2	5.48
244.6	87.82	77.49	5.47
244.8	87.17	76.94	5.47
245.0	86.64	76.7	5.46
245.2	86.18	76.69	5.45
245.4	85.78	76.79	5.45
245.6	85.32	76.82	5.44
245.8	84.36	75.92	5.43
246.0	83.52	75.17	5.43
246.2	82.91	74.72	5.42
246.4	82.65	74.73	5.41
246.6	83.2	76.04	5.4
246.8	84.45	78.36	5.38
247.0	86.0	80.88	5.36
247.2	87.72	83.35	5.34
247.4	89.48	85.22	5.31
247.6	91.19	86.45	5.27
247.8	92.81	87.22	5.24
248.0	94.24	87.46	5.2
248.2	95.2	86.67	5.16
248.4	95.9	85.42	5.12
248.6	96.38	83.91	5.09
248.8	96.68	82.37	5.05
249.0	96.79	81.36	5.01
249.2	96.8	80.43	4.97
249.4	96.74	79.57	4.93
249.6	96.66	78.76	4.9
249.8	96.78	78.07	4.89
250.0	96.92	77.37	4.88
250.2	97.01	76.64	4.88
250.4	97.01	75.81	4.89
250.6	96.75	74.62	4.92
250.8	96.33	73.24	4.96
251.0	95.81	71.82	5.01
251.2	95.24	70.4	5.06
251.4	94.65	69.13	5.1
251.6	94.14	68.22	5.14
251.8	93.62	67.43	5.18
252.0	93.09	66.75	5.21
252.2	92.55	66.15	5.24
252.4	92.01	65.62	5.27
252.6	91.29	64.95	5.3
252.8	90.51	64.24	5.32
253.0	89.81	63.68	5.35
253.2	89.27	63.32	5.37
253.4	88.94	63.2	5.39
253.6	89.01	63.6	5.4
253.8	89.61	64.67	5.4
254.0	90.41	65.89	5.4
254.2	91.37	67.12	5.4
254.4	92.42	68.28	5.39
254.6	93.59	69.06	5.39
254.8	94.74	69.6	5.39
255.0	95.79	69.87	5.38
255.2	96.66	69.81	5.38
255.4	96.9	68.95	5.37
255.6	96.93	67.82	5.37
255.8	96.82	66.55	5.37
256.0	96.65	65.27	5.36
256.2	96.7	64.49	5.36
256.4	96.88	64.05	5.35
256.6	97.1	63.77	5.35
256.8	97.33	63.61	5.35
257.0	97.56	63.54	5.34
257.2	97.7	63.47	5.34
257.4	97.78	63.41	5.34
257.6	97.87	63.41	5.33
257.8	97.99	63.46	5.33
258.0	98.16	63.56	5.32
258.2	98.58	63.91	5.32
258.4	99.14	64.37	5.31
258.6	99.65	64.71	5.31
258.8	100.02	64.83	5.3
259.0	100.07	64.48	5.29
259.2	99.56	63.31	5.28
259.4	98.88	61.92	5.27
259.6	98.12	60.42	5.26
259.8	97.34	58.94	5.25
260.0	96.98	58.09	5.24
260.2	96.72	57.45	5.23
260.4	96.52	56.98	5.22
260.6	96.37	56.67	5.21
260.8	96.25	56.53	5.2
261.0	96.03	56.53	5.19
261.2	95.64	56.66	5.18
261.4	95.33	56.93	5.17
261.6	95.14	57.33	5.16
261.8	95.1	57.85	5.15
262.0	95.37	58.57	5.15
262.2	96.29	59.7	5.15
262.4	97.26	60.75	5.16
262.6	98.19	61.61	5.17
262.8	98.94	62.16	5.18
263.0	98.94	61.61	5.19
263.2	98.63	60.62	5.2
263.4	98.17	59.43	5.21
263.6	97.64	58.18	5.22
263.8	97.32	57.32	5.22
264.0	97.22	56.88	5.23
264.2	97.19	56.63	5.24
264.4	97.22	56.55	5.25
264.6	97.29	56.65	5.25
264.8	97.41	56.9	5.26
265.0	97.58	57.52	5.26
265.2	97.77	58.24	5.27
265.4	97.96	59.0	5.28
265.6	98.14	59.72	5.29
265.8	98.28	60.36	5.3
266.0	98.32	60.62	5.31
266.2	98.33	60.77	5.32
266.4	98.29	60.81	5.33
266.6	98.22	60.77	5.35
266.8	98.12	60.63	5.36
267.0	97.99	60.42	5.37
267.2	97.83	60.2	5.38
267.4	97.65	59.97	5.39
267.6	97.44	59.78	5.4
267.8	97.16	59.69	5.41
268.0	96.82	59.73	5.42
268.2	96.51	59.84	5.43
268.4	96.26	60.05	5.43
268.6	96.08	60.36	5.44
268.8	96.04	60.78	5.45
269.0	96.23	61.39	5.45
269.2	96.55	62.09	5.45
269.4	97.0	62.87	5.45
269.6	97.56	63.72	5.45
269.8	98.52	64.98	5.44
270.0	99.65	66.35	5.43
270.2	100.62	67.41	5.42
270.4	101.27	67.93	5.41
270.6	100.89	66.81	5.4
270.8	99.8	64.6	5.39
271.0	98.46	62.07	5.38
271.2	97.04	59.52	5.37
271.4	96.28	58.37	5.36
271.6	96.14	58.52	5.35
271.8	96.21	59.13	5.34
272.0	96.42	60.05	5.32
272.2	96.7	61.14	5.31
272.4	97.0	62.26	5.3
272.6	96.86	62.58	5.29
272.8	96.61	62.62	5.28
273.0	96.43	62.67	5.27
273.2	96.37	62.76	5.26
273.4	96.49	62.97	5.25
273.6	97.26	63.8	5.24
273.8	98.22	64.74	5.23
274.0	99.19	65.56	5.22
274.2	100.08	66.15	5.21
274.4	100.49	65.88	5.2
274.6	100.57	65.05	5.19
274.8	100.52	64.02	5.19
275.0	100.37	62.92	5.18
275.2	100.24	62.04	5.17
275.4	100.24	61.69	5.17
275.6	100.25	61.49	5.16
275.8	100.27	61.43	5.15
276.0	100.31	61.49	5.14
276.2	100.37	61.66	5.14
276.4	100.38	61.9	5.13
276.6	100.44	62.22	5.12
276.8	100.57	62.58	5.11
277.0	100.81	62.97	5.11
277.2	101.28	63.44	5.1
277.4	102.12	64.01	5.1
277.6	102.95	64.47	5.1
277.8	103.68	64.75	5.1
278.0	104.14	64.71	5.1
278.2	103.92	63.93	5.1
278.4	103.49	62.94	5.1
278.6	102.91	61.84	5.1
278.8	102.25	60.72	5.1
279.0	101.78	60.01	5.1
279.2	101.37	59.5	5.1
279.4	100.98	59.11	5.1
279.6	100.61	58.85	5.1
279.8	100.26	58.7	5.1
280.0	99.83	58.6	5.1
280.2	99.38	58.6	5.1
280.4	99.01	58.72	5.11
280.6	98.75	58.99	5.12
280.8	98.64	59.42	5.12
281.0	98.93	60.28	5.13
281.2	99.55	61.46	5.14
281.4	100.22	62.6	5.15
281.6	100.87	63.56	5.16
281.8	101.35	64.07	5.18
282.0	101.34	63.54	5.19
282.2	101.23	62.75	5.2
282.4	101.05	61.84	5.21
282.6	100.87	60.92	5.22
282.8	100.92	60.63	5.24
283.0	101.08	60.65	5.25
283.2	101.27	60.8	5.26
283.4	101.47	61.04	5.26
283.6	101.66	61.35	5.27
283.8	101.65	61.46	5.28
284.0	101.59	61.56	5.29
284.2	101.6	61.74	5.29
284.4	101.7	62.03	5.3
284.6	102.03	62.56	5.3
284.8	102.71	63.47	5.3
285.0	103.51	64.45	5.29
285.2	104.38	65.43	5.29
285.4	105.27	66.3	5.28
285.6	106.11	66.92	5.28
285.8	106.92	67.4	5.27
286.0	107.67	67.72	5.26
286.2	108.46	67.95	5.25
286.4	109.28	68.11	5.24
286.6	109.77	67.92	5.24
286.8	109.79	67.24	5.23
287.0	108.5	65.23	5.22
287.2	106.42	62.49	5.21
287.4	104.05	59.62	5.21
287.6	101.61	56.95	5.2
287.8	100.33	56.24	5.19
