0.2	96.59	50.92	4.97
0.4	96.62	51.98	4.97
0.6	96.82	52.91	4.97
0.8	97.15	53.71	4.96
1.0	97.6	54.39	4.96
1.2	98.14	54.94	4.96
1.4	98.74	55.38	4.95
1.6	99.37	55.71	4.95
1.8	100.02	55.94	4.94
2.0	100.64	56.06	4.94
2.2	101.23	56.1	4.94
2.4	101.67	56.0	4.93
2.6	101.93	55.75	4.93
2.8	102.12	55.46	4.92
3.0	102.24	55.15	4.92
3.2	102.3	54.84	4.92
3.4	102.32	54.58	4.91
3.6	102.33	54.63	4.91
3.8	102.3	54.77	4.91
4.0	102.24	54.92	4.91
4.2	102.14	55.05	4.9
4.4	102.01	55.13	4.89
4.6	101.81	55.01	4.88
4.8	101.54	54.56	4.86
5.0	101.26	54.07	4.83
5.2	100.98	53.56	4.8
5.4	100.72	53.09	4.77
5.6	100.5	52.69	4.73
5.8	100.46	52.75	4.7
6.0	100.47	52.9	4.67
6.2	100.51	53.1	4.63
6.4	100.57	53.3	4.6
6.6	100.63	53.46	4.57
6.8	100.64	53.36	4.53
7.0	100.6	52.97	4.5
7.2	100.54	52.56	4.47
7.4	100.5	52.17	4.44
7.6	100.46	51.84	4.43
7.8	100.45	51.63	4.42
8.0	100.46	51.91	4.45
8.2	100.51	52.3	4.48
8.4	100.59	52.76	4.53
8.6	100.72	53.26	4.58
8.8	100.9	53.77	4.63
9.0	101.24	54.1	4.67
9.2	101.65	54.37	4.72
9.4	102.07	54.63	4.76
9.6	102.49	54.9	4.8
9.8	102.88	55.18	4.84
10.0	103.13	55.62	4.89
10.2	103.27	56.12	4.93
10.4	103.37	56.61	4.98
10.6	103.44	57.06	5.02
10.8	103.47	57.44	5.06
11.0	103.46	57.6	5.09
11.2	103.42	57.44	5.11
11.4	103.38	57.23	5.13
11.6	103.36	57.01	5.14
11.8	103.37	56.82	5.15
12.0	103.44	56.73	5.16
12.2	103.71	57.05	5.16
12.4	104.01	57.46	5.16
12.6	104.34	57.93	5.16
12.8	104.67	58.43	5.16
13.0	104.98	58.92	5.15
13.2	105.22	59.37	5.15
13.4	105.42	59.76	5.14
13.6	105.58	60.08	5.14
13.8	105.67	60.31	5.14
14.0	105.69	60.39	5.13
14.2	105.57	60.14	5.13
14.4	105.4	59.8	5.13
14.6	105.17	59.38	5.12
14.8	104.89	58.92	5.12
15.0	104.59	58.44	5.11
15.2	104.29	58.17	5.11
15.4	103.98	57.92	5.11
15.6	103.64	57.67	5.1
15.8	103.29	57.42	5.1
16.0	102.91	57.16	5.1
16.2	102.52	56.8	5.09
16.4	102.11	56.37	5.09
16.6	101.69	55.92	5.09
16.8	101.26	55.49	5.08
17.0	100.81	55.07	5.08
17.2	100.36	54.69	5.08
17.4	99.83	54.44	5.07
17.6	99.31	54.23	5.06
17.8	98.83	54.06	5.05
18.0	98.4	53.93	5.05
18.2	98.04	53.84	5.04
18.4	97.92	53.82	5.03
18.6	97.93	53.84	5.02
18.8	97.98	53.85	5.01
19.0	98.05	53.84	5.0
19.2	98.13	53.79	4.99
19.4	98.07	53.62	4.98
19.6	97.92	53.33	4.97
19.8	97.75	52.99	4.97
20.0	97.58	52.59	4.96
20.2	97.41	52.14	4.95
20.4	97.29	51.62	4.94
20.6	97.26	51.01	4.93
20.8	97.24	50.39	4.92
21.0	97.24	49.78	4.91
21.2	97.25	49.21	4.9
21.4	97.25	48.7	4.89
21.6	97.16	48.41	4.88
21.8	97.08	48.2	4.87
22.0	97.01	48.06	4.86
22.2	96.97	47.99	4.86
22.4	96.98	47.98	4.85
22.6	97.14	48.05	4.85
22.8	97.38	48.18	4.85
23.0	97.64	48.33	4.85
23.2	97.89	48.49	4.85
23.4	98.13	48.65	4.85
23.6	98.25	48.75	4.85
23.8	98.29	48.81	4.85
24.0	98.29	48.85	4.85
24.2	98.24	48.87	4.85
24.4	98.16	48.88	4.85
24.6	98.04	48.87	4.85
24.8	97.89	48.83	4.85
25.0	97.7	48.79	4.86
25.2	97.5	48.74	4.86
25.4	97.28	48.7	4.87
25.6	97.06	48.67	4.88
25.8	96.85	48.64	4.88
26.0	96.64	48.64	4.89
26.2	96.43	48.66	4.9
26.4	96.22	48.71	4.91
26.6	96.02	48.8	4.91
26.8	95.79	48.92	4.92
27.0	95.51	49.09	4.93
27.2	95.27	49.32	4.94
27.4	95.09	49.6	4.94
27.6	95.0	49.95	4.95
27.8	95.07	50.42	4.96
28.0	95.46	51.12	4.97
28.2	95.93	51.85	4.97
28.4	96.47	52.58	4.98
28.6	97.02	53.26	4.99
28.8	97.56	53.85	5.0
29.0	97.89	54.12	5.01
29.2	98.18	54.28	5.01
29.4	98.43	54.32	5.02
29.6	98.64	54.27	5.03
29.8	98.81	54.11	5.04
30.0	98.95	53.79	5.04
30.2	99.07	53.36	5.05
30.4	99.15	52.91	5.05
30.6	99.21	52.47	5.05
30.8	99.25	52.08	5.06
31.0	99.25	51.87	5.06
31.2	99.22	51.9	5.05
31.4	99.17	52.0	5.05
31.6	99.13	52.16	5.05
31.8	99.09	52.36	5.04
32.0	99.08	52.58	5.04
32.2	99.13	52.78	5.03
32.4	99.2	52.98	5.03
32.6	99.28	53.16	5.02
32.8	99.38	53.33	5.01
33.0	99.49	53.47	5.01
33.2	99.66	53.49	5.0
33.4	99.82	53.49	4.99
33.6	99.97	53.46	4.98
33.8	100.09	53.41	4.98
34.0	100.17	53.36	4.97
34.2	100.13	53.33	4.97
34.4	99.99	53.32	4.97
34.6	99.83	53.31	4.97
34.8	99.67	53.32	4.98
35.0	99.53	53.33	4.99
35.2	99.48	53.34	4.99
35.4	99.51	53.35	5.0
35.6	99.59	53.4	5.01
35.8	99.71	53.47	5.02
36.0	99.88	53.59	5.03
36.2	100.14	53.89	5.04
36.4	100.46	54.27	5.05
36.6	100.78	54.65	5.06
36.8	101.1	54.97	5.08
37.0	101.4	55.21	5.09
37.2	101.6	55.13	5.1
37.4	101.74	54.9	5.11
37.6	101.82	54.57	5.12
37.8	101.86	54.15	5.13
38.0	101.83	53.66	5.14
38.2	101.72	53.11	5.15
38.4	101.54	52.53	5.16
38.6	101.31	51.94	5.17
38.8	101.05	51.35	5.18
39.0	100.76	50.79	5.19
39.2	100.46	50.33	5.2
39.4	100.17	50.03	5.2
39.6	99.86	49.78	5.21
39.8	99.54	49.56	5.21
40.0	99.2	49.36	5.22
40.2	98.85	49.15	5.22
40.4	98.38	48.85	5.23
40.6	97.91	48.54	5.24
40.8	97.46	48.23	5.24
41.0	97.04	47.92	5.25
41.2	96.68	47.63	5.25
41.4	96.51	47.38	5.26
41.6	96.49	47.16	5.26
41.8	96.52	46.97	5.27
42.0	96.57	46.8	5.27
42.2	96.64	46.68	5.28
42.4	96.65	46.55	5.28
42.6	96.47	46.35	5.29
42.8	96.29	46.23	5.29
43.0	96.13	46.22	5.3
43.2	96.02	46.35	5.3
43.4	95.97	46.66	5.31
43.6	96.19	47.6	5.31
43.8	96.49	48.71	5.32
44.0	96.85	49.9	5.32
44.2	97.25	51.08	5.33
44.4	97.67	52.19	5.33
44.6	98.05	52.82	5.34
44.8	98.41	53.23	5.35
45.0	98.75	53.52	5.35
45.2	99.09	53.71	5.36
45.4	99.42	53.83	5.36
45.6	99.67	53.91	5.36
45.8	99.89	53.96	5.36
46.0	100.12	54.0	5.36
46.2	100.36	54.02	5.36
46.4	100.63	54.05	5.36
46.6	100.97	54.19	5.35
46.8	101.38	54.38	5.35
47.0	101.83	54.57	5.34
47.2	102.34	54.72	5.33
47.4	102.9	54.82	5.33
47.6	103.6	54.74	5.32
47.8	104.36	54.57	5.31
48.0	105.12	54.33	5.3
48.2	105.85	54.03	5.3
48.4	106.52	53.68	5.29
48.6	106.99	53.28	5.28
48.8	107.34	52.84	5.28
49.0	107.6	52.38	5.27
49.2	107.77	51.9	5.26
49.4	107.86	51.43	5.26
49.6	107.87	51.01	5.25
49.8	107.81	50.63	5.24
50.0	107.67	50.26	5.24
50.2	107.47	49.91	5.23
50.4	107.2	49.58	5.22
50.6	106.85	49.25	5.21
50.8	106.38	48.92	5.21
51.0	105.88	48.61	5.2
51.2	105.37	48.33	5.19
51.4	104.86	48.09	5.18
51.6	104.39	47.91	5.17
51.8	104.11	47.88	5.16
52.0	103.85	47.88	5.15
52.2	103.61	47.9	5.14
52.4	103.36	47.94	5.13
52.6	103.1	47.98	5.12
52.8	102.69	47.95	5.11
53.0	102.23	47.88	5.1
53.2	101.76	47.79	5.09
53.4	101.27	47.69	5.09
53.6	100.78	47.58	5.08
53.8	100.32	47.41	5.07
54.0	99.91	47.18	5.05
54.2	99.52	46.97	5.04
54.4	99.15	46.79	5.03
54.6	98.81	46.68	5.03
54.8	98.49	46.65	5.02
55.0	98.16	46.9	5.02
55.2	97.85	47.3	5.02
55.4	97.6	47.75	5.02
55.6	97.4	48.23	5.02
55.8	97.27	48.72	5.02
56.0	97.3	49.13	5.02
56.2	97.49	49.45	5.03
56.4	97.72	49.74	5.03
56.6	97.99	49.99	5.03
56.8	98.27	50.22	5.03
57.0	98.51	50.42	5.04
57.2	98.64	50.6	5.04
57.4	98.75	50.75	5.04
57.6	98.85	50.86	5.04
57.8	98.94	50.93	5.05
58.0	99.02	50.96	5.05
58.2	99.14	50.84	5.05
58.4	99.25	50.68	5.05
58.6	99.36	50.52	5.05
58.8	99.46	50.37	5.06
59.0	99.54	50.26	5.06
59.2	99.58	50.25	5.06
59.4	99.56	50.38	5.06
59.6	99.54	50.56	5.06
59.8	99.53	50.8	5.06
60.0	99.53	51.07	5.06
60.2	99.55	51.38	5.06
60.4	99.59	51.58	5.06
60.6	99.68	51.83	5.06
60.8	99.82	52.16	5.06
61.0	100.03	52.61	5.06
61.2	100.31	53.19	5.05
61.4	100.71	54.21	5.05
61.6	101.23	55.47	5.05
61.8	101.83	56.8	5.05
62.0	102.52	58.11	5.05
62.2	103.29	59.34	5.05
62.4	104.22	60.27	5.05
62.6	105.25	60.97	5.05
62.8	106.31	61.51	5.05
63.0	107.38	61.86	5.05
63.2	108.44	62.03	5.05
63.4	109.39	61.83	5.05
63.6	110.28	61.46	5.05
63.8	111.11	60.97	5.05
64.0	111.87	60.41	5.05
64.2	112.55	59.81	5.05
64.4	113.13	59.42	5.05
64.6	113.62	59.04	5.05
64.8	114.0	58.65	5.04
65.0	114.27	58.25	5.04
65.2	114.4	57.83	5.04
65.4	114.32	57.32	5.04
65.6	114.04	56.75	5.04
65.8	113.66	56.16	5.04
66.0	113.18	55.57	5.04
66.2	112.64	55.0	5.04
66.4	112.04	54.44	5.04
66.6	111.53	54.03	5.04
66.8	111.02	53.66	5.04
67.0	110.47	53.32	5.04
67.2	109.89	53.0	5.04
67.4	109.27	52.7	5.04
67.6	108.61	52.39	5.04
67.8	107.81	52.01	5.02
68.0	106.94	51.61	5.01
68.2	106.06	51.22	4.99
68.4	105.19	50.85	4.97
68.6	104.36	50.5	4.95
68.8	103.59	50.2	4.93
69.0	103.08	50.03	4.91
69.2	102.66	49.92	4.89
69.4	102.28	49.84	4.88
69.6	101.93	49.77	4.86
69.8	101.59	49.71	4.84
70.0	101.24	49.64	4.82
70.2	100.74	49.45	4.8
70.4	100.22	49.25	4.79
70.6	99.69	49.04	4.77
70.8	99.15	48.85	4.75
71.0	98.62	48.66	4.73
71.2	98.09	48.5	4.71
71.4	97.58	48.4	4.7
71.6	97.09	48.33	4.68
71.8	96.63	48.28	4.67
72.0	96.21	48.24	4.65
72.2	95.83	48.23	4.62
72.4	95.54	48.21	4.6
72.6	95.33	48.2	4.56
72.8	95.17	48.21	4.52
73.0	95.06	48.27	4.49
73.2	95.01	48.37	4.45
73.4	95.0	48.53	4.4
73.6	95.08	48.86	4.37
73.8	95.19	49.24	4.33
74.0	95.34	49.65	4.29
74.2	95.51	50.08	4.25
74.4	95.71	50.52	4.22
74.6	95.89	50.92	4.18
74.8	96.06	51.27	4.13
75.0	96.24	51.59	4.09
75.2	96.43	51.89	4.06
75.4	96.63	52.16	4.02
75.6	96.85	52.4	3.99
75.8	97.12	52.58	3.96
76.0	97.41	52.73	3.95
76.2	97.71	52.85	3.93
76.4	98.01	52.94	3.93
76.6	98.3	53.01	3.93
76.8	98.57	53.04	3.95
77.0	98.77	53.03	3.98
77.2	98.97	53.01	4.02
77.4	99.17	53.01	4.07
77.6	99.39	53.04	4.12
77.8	99.63	53.12	4.17
78.0	99.93	53.35	4.22
78.2	100.26	53.64	4.26
78.4	100.63	53.97	4.31
78.6	101.02	54.32	4.36
78.8	101.44	54.68	4.4
79.0	101.94	55.06	4.45
79.2	102.47	55.43	4.5
79.4	103.0	55.77	4.55
79.6	103.5	56.07	4.6
79.8	103.96	56.3	4.65
80.0	104.29	56.32	4.69
80.2	104.52	56.2	4.74
80.4	104.7	56.05	4.79
80.6	104.84	55.88	4.84
80.8	104.94	55.74	4.88
81.0	105.04	55.74	4.93
81.2	105.16	56.0	4.99
81.4	105.26	56.28	5.04
81.6	105.33	56.57	5.08
81.8	105.36	56.83	5.12
82.0	105.35	57.03	5.16
82.2	105.25	56.96	5.18
82.4	105.11	56.79	5.19
82.6	104.92	56.55	5.19
82.8	104.68	56.26	5.18
83.0	104.41	55.92	5.17
83.2	104.06	55.56	5.15
83.4	103.65	55.17	5.12
83.6	103.24	54.78	5.08
83.8	102.83	54.4	5.04
84.0	102.45	54.04	5.0
84.2	102.16	53.74	4.96
84.4	102.02	53.55	4.93
84.6	101.93	53.39	4.89
84.8	101.87	53.25	4.85
85.0	101.85	53.12	4.82
85.2	101.84	53.0	4.79
85.4	101.71	52.62	4.75
85.6	101.58	52.21	4.72
85.8	101.5	51.91	4.7
86.0	101.49	51.78	4.69
86.2	101.57	51.87	4.68
86.4	101.91	52.61	4.7
86.6	102.49	53.98	4.73
86.8	103.13	55.47	4.77
87.0	103.78	56.98	4.82
87.2	104.42	58.39	4.87
87.4	104.9	59.3	4.92
87.6	105.2	59.65	4.96
87.8	105.43	59.81	5.01
88.0	105.6	59.83	5.05
88.2	105.72	59.74	5.1
88.4	105.69	59.58	5.14
88.6	105.59	59.41	5.19
88.8	105.52	59.29	5.23
89.0	105.53	59.26	5.28
89.2	105.66	59.39	5.32
89.4	106.36	60.15	5.37
89.6	107.35	61.24	5.42
89.8	108.34	62.38	5.46
90.0	109.25	63.47	5.5
90.2	109.98	64.42	5.54
90.4	110.06	64.73	5.56
90.6	109.71	64.64	5.58
90.8	109.1	64.35	5.58
91.0	108.28	63.91	5.58
91.2	107.26	63.34	5.56
91.4	105.92	62.71	5.54
91.6	104.47	62.03	5.5
91.8	103.0	61.34	5.46
92.0	101.59	60.67	5.41
92.2	100.31	60.05	5.36
92.4	99.64	59.64	5.32
92.6	99.18	59.33	5.28
92.8	98.85	59.1	5.23
93.0	98.62	58.96	5.19
93.2	98.43	58.9	5.15
93.4	98.14	58.92	5.1
93.6	97.87	59.02	5.06
93.8	97.62	59.18	5.02
94.0	97.39	59.4	4.97
94.2	97.16	59.68	4.93
94.4	96.94	59.99	4.88
94.6	96.73	60.35	4.84
94.8	96.55	60.75	4.8
95.0	96.4	61.18	4.75
95.2	96.33	61.69	4.71
95.4	96.33	62.26	4.67
95.6	96.34	62.8	4.62
95.8	96.35	63.29	4.58
96.0	96.35	63.7	4.54
96.2	96.26	63.9	4.49
96.4	96.15	63.98	4.45
96.6	96.01	63.96	4.41
96.8	95.85	63.82	4.36
97.0	95.65	63.51	4.31
97.2	95.42	63.0	4.26
97.4	95.17	62.43	4.21
97.6	94.91	61.84	4.16
97.8	94.65	61.25	4.13
98.0	94.42	60.83	4.13
98.2	94.22	60.58	4.15
98.4	94.02	60.38	4.19
98.6	93.81	60.2	4.23
98.8	93.59	60.04	4.29
99.0	93.32	59.83	4.34
99.2	93.01	59.57	4.38
99.4	92.68	59.28	4.43
99.6	92.33	58.96	4.48
99.8	91.96	58.62	4.53
100.0	91.58	58.24	4.58
100.2	91.18	57.79	4.62
100.4	90.78	57.32	4.67
100.6	90.38	56.83	4.72
100.8	89.99	56.33	4.77
101.0	89.62	55.83	4.81
101.2	89.28	55.4	4.85
101.4	88.96	54.96	4.89
101.6	88.66	54.5	4.92
101.8	88.38	54.01	4.96
102.0	88.13	53.49	4.99
102.2	87.92	52.75	5.03
102.4	87.75	51.94	5.06
102.6	87.59	51.15	5.09
102.8	87.45	50.43	5.13
103.0	87.32	49.81	5.16
103.2	87.18	49.5	5.2
103.4	87.04	49.47	5.24
103.6	86.91	49.57	5.27
103.8	86.79	49.75	5.31
104.0	86.7	50.0	5.34
104.2	86.63	50.24	5.37
104.4	86.56	50.4	5.39
104.6	86.54	50.59	5.41
104.8	86.59	50.8	5.43
105.0	86.72	51.04	5.44
105.2	86.98	51.32	5.45
105.4	87.41	51.62	5.46
105.6	87.94	51.97	5.46
105.8	88.55	52.37	5.46
106.0	89.23	52.83	5.46
106.2	89.98	53.43	5.46
106.4	90.79	54.22	5.46
106.6	91.63	55.04	5.46
106.8	92.5	55.82	5.46
107.0	93.36	56.52	5.47
107.2	94.19	57.0	5.47
107.4	94.96	57.13	5.47
107.6	95.7	57.15	5.47
107.8	96.4	57.08	5.47
108.0	97.08	56.95	5.47
108.2	97.69	56.82	5.48
108.4	98.22	56.76	5.48
108.6	98.73	56.7	5.49
108.8	99.23	56.63	5.49
109.0	99.73	56.55	5.5
109.2	100.29	56.45	5.51
109.4	100.96	56.34	5.51
109.6	101.65	56.22	5.52
109.8	102.33	56.08	5.53
110.0	103.0	55.94	5.54
110.2	103.63	55.8	5.54
110.4	104.18	55.68	5.55
110.6	104.69	55.54	5.56
110.8	105.14	55.38	5.56
111.0	105.52	55.19	5.57
111.2	105.82	54.97	5.58
111.4	105.98	54.62	5.58
111.6	106.07	54.24	5.59
111.8	106.09	53.84	5.6
112.0	106.05	53.45	5.6
112.2	105.96	53.06	5.61
112.4	105.83	52.72	5.62
112.6	105.67	52.44	5.63
112.8	105.47	52.19	5.63
113.0	105.25	51.97	5.64
113.2	105.01	51.79	5.65
113.4	104.75	51.65	5.66
113.6	104.49	51.58	5.67
113.8	104.23	51.54	5.68
114.0	103.98	51.54	5.69
114.2	103.75	51.57	5.7
114.4	103.53	51.62	5.71
114.6	103.4	51.7	5.72
114.8	103.31	51.81	5.73
115.0	103.25	51.93	5.74
115.2	103.2	52.07	5.75
115.4	103.15	52.22	5.76
115.6	103.11	52.39	5.77
115.8	103.04	52.57	5.78
116.0	102.97	52.76	5.79
116.2	102.88	52.95	5.79
116.4	102.78	53.13	5.8
116.6	102.67	53.31	5.81
116.8	102.54	53.46	5.82
117.0	102.38	53.57	5.83
117.2	102.21	53.66	5.84
117.4	102.01	53.76	5.85
117.6	101.79	53.84	5.86
117.8	101.54	53.93	5.87
118.0	101.23	54.04	5.88
118.2	100.88	54.15	5.88
118.4	100.53	54.27	5.88
118.6	100.17	54.39	5.88
118.8	99.82	54.51	5.88
119.0	99.48	54.64	5.88
119.2	99.18	54.77	5.88
119.4	98.91	54.9	5.88
119.6	98.68	55.04	5.87
119.8	98.49	55.17	5.87
120.0	98.35	55.31	5.87
120.2	98.31	55.42	5.86
120.4	98.36	55.51	5.86
120.6	98.47	55.62	5.86
120.8	98.61	55.75	5.85
121.0	98.77	55.9	5.85
121.2	98.96	56.1	5.85
121.4	99.09	56.42	5.85
121.6	99.23	56.8	5.84
121.8	99.38	57.2	5.84
122.0	99.56	57.62	5.84
122.2	99.77	58.06	5.83
122.4	100.03	58.49	5.83
122.6	100.39	58.9	5.83
122.8	100.76	59.29	5.82
123.0	101.15	59.67	5.82
123.2	101.53	60.03	5.82
123.4	101.91	60.37	5.81
123.6	102.2	60.65	5.82
123.8	102.43	60.88	5.82
124.0	102.65	61.09	5.82
124.2	102.87	61.27	5.83
124.4	103.08	61.44	5.84
124.6	103.33	61.6	5.84
124.8	103.67	61.79	5.85
125.0	104.01	61.95	5.86
125.2	104.34	62.09	5.86
125.4	104.65	62.2	5.87
125.6	104.92	62.26	5.88
125.8	105.1	62.23	5.89
126.0	105.22	62.13	5.89
126.2	105.3	62.01	5.9
126.4	105.33	61.87	5.91
126.6	105.31	61.72	5.92
126.8	105.25	61.58	5.92
127.0	105.16	61.49	5.93
127.2	105.02	61.41	5.93
127.4	104.84	61.32	5.94
127.6	104.61	61.23	5.94
127.8	104.33	61.13	5.94
128.0	103.97	61.0	5.94
128.2	103.53	60.85	5.94
128.4	103.06	60.7	5.94
128.6	102.58	60.56	5.94
128.8	102.08	60.43	5.94
129.0	101.6	60.32	5.94
129.2	101.16	60.3	5.93
129.4	100.73	60.29	5.93
129.6	100.33	60.28	5.93
129.8	99.95	60.27	5.93
130.0	99.59	60.25	5.92
130.2	99.3	60.13	5.92
130.4	99.04	59.95	5.92
130.6	98.81	59.78	5.92
130.8	98.59	59.61	5.91
131.0	98.37	59.46	5.91
131.2	98.16	59.35	5.91
131.4	97.91	59.42	5.91
131.6	97.66	59.52	5.91
131.8	97.4	59.65	5.91
132.0	97.15	59.79	5.91
132.2	96.9	59.92	5.91
132.4	96.65	59.99	5.91
132.6	96.39	59.95	5.92
132.8	96.15	59.9	5.92
133.0	95.93	59.84	5.92
133.2	95.73	59.79	5.93
133.4	95.56	59.75	5.93
133.6	95.43	59.76	5.94
133.8	95.35	59.81	5.94
134.0	95.29	59.89	5.95
134.2	95.27	60.01	5.95
134.4	95.27	60.16	5.95
134.6	95.34	60.42	5.96
134.8	95.45	60.76	5.96
135.0	95.58	61.12	5.97
135.2	95.72	61.49	5.97
135.4	95.85	61.83	5.98
135.6	95.97	62.13	5.98
135.8	96.01	62.22	5.98
136.0	96.02	62.27	5.99
136.2	96.02	62.28	5.99
136.4	96.0	62.25	6.0
136.6	95.98	62.2	6.0
136.8	95.93	62.14	6.0
137.0	95.87	62.08	6.0
137.2	95.81	62.03	6.0
137.4	95.77	61.98	6.0
137.6	95.75	61.94	6.0
137.8	95.77	61.92	6.0
138.0	95.85	61.97	6.0
138.2	95.98	62.04	6.0
138.4	96.15	62.14	6.0
138.6	96.37	62.26	6.0
138.8	96.63	62.41	5.99
139.0	97.0	62.59	5.99
139.2	97.44	62.8	5.99
139.4	97.9	63.02	5.99
139.6	98.37	63.24	5.99
139.8	98.82	63.46	5.98
140.0	99.22	63.64	5.98
140.2	99.5	63.77	5.98
140.4	99.75	63.87	5.98
140.6	99.95	63.97	5.98
140.8	100.12	64.06	5.98
141.0	100.26	64.14	5.97
141.2	100.39	64.23	5.97
141.4	100.5	64.33	5.97
141.6	100.58	64.43	5.97
141.8	100.63	64.55	5.97
142.0	100.65	64.67	5.97
142.2	100.62	64.83	5.97
142.4	100.5	65.05	5.97
142.6	100.36	65.27	5.97
142.8	100.21	65.49	5.97
143.0	100.05	65.7	5.97
143.2	99.9	65.88	5.97
143.4	99.88	65.99	5.97
143.6	99.88	66.04	5.97
143.8	99.88	66.06	5.97
144.0	99.86	66.05	5.97
144.2	99.81	65.99	5.97
144.4	99.64	65.9	5.97
144.6	99.31	65.75	5.97
144.8	98.95	65.58	5.97
145.0	98.55	65.38	5.97
145.2	98.15	65.16	5.98
145.4	97.75	64.93	5.98
145.6	97.43	64.65	5.98
145.8	97.18	64.37	5.98
146.0	96.94	64.08	5.98
146.2	96.71	63.82	5.98
146.4	96.5	63.58	5.98
146.6	96.29	63.39	5.98
146.8	96.0	63.28	5.98
147.0	95.7	63.23	5.98
147.2	95.44	63.23	5.98
147.4	95.23	63.29	5.97
147.6	95.1	63.42	5.97
147.8	95.09	63.63	5.97
148.0	95.29	64.0	5.97
148.2	95.59	64.4	5.97
148.4	95.96	64.81	5.97
148.6	96.39	65.2	5.97
148.8	96.88	65.55	5.97
149.0	97.41	65.66	5.97
149.2	97.96	65.68	5.96
149.4	98.55	65.65	5.96
149.6	99.14	65.6	5.96
149.8	99.74	65.55	5.96
150.0	100.33	65.55	5.96
150.2	100.86	65.7	5.96
150.4	101.38	65.87	5.96
150.6	101.91	66.03	5.96
150.8	102.43	66.18	5.96
151.0	102.96	66.3	5.96
151.2	103.57	66.3	5.96
151.4	104.2	66.23	5.96
151.6	104.81	66.13	5.96
151.8	105.38	66.0	5.96
152.0	105.89	65.85	5.96
152.2	106.29	65.73	5.96
152.4	106.55	65.63	5.96
152.6	106.73	65.52	5.96
152.8	106.84	65.4	5.96
153.0	106.88	65.26	5.97
153.2	106.85	65.09	5.97
153.4	106.74	64.85	5.97
153.6	106.57	64.58	5.97
153.8	106.35	64.3	5.97
154.0	106.1	64.01	5.97
154.2	105.82	63.72	5.97
154.4	105.54	63.43	5.97
154.6	105.28	63.16	5.96
154.8	105.0	62.9	5.96
155.0	104.71	62.67	5.96
155.2	104.4	62.48	5.96
155.4	104.06	62.35	5.96
155.6	103.69	62.36	5.95
155.8	103.29	62.42	5.95
156.0	102.88	62.5	5.95
156.2	102.45	62.59	5.95
156.4	102.02	62.68	5.95
156.6	101.58	62.68	5.95
156.8	101.13	62.58	5.94
157.0	100.68	62.47	5.94
157.2	100.24	62.35	5.94
157.4	99.8	62.23	5.94
157.6	99.38	62.12	5.94
157.8	98.94	62.05	5.94
158.0	98.52	62.02	5.93
158.2	98.13	62.02	5.93
158.4	97.78	62.03	5.93
158.6	97.5	62.07	5.93
158.8	97.33	62.16	5.93
159.0	97.32	62.31	5.93
159.2	97.38	62.48	5.93
159.4	97.48	62.64	5.93
159.6	97.6	62.79	5.92
159.8	97.73	62.9	5.92
160.0	97.79	62.86	5.92
160.2	97.82	62.75	5.92
160.4	97.84	62.63	5.92
160.6	97.84	62.5	5.92
160.8	97.83	62.37	5.92
161.0	97.77	62.29	5.92
161.2	97.63	62.31	5.92
161.4	97.49	62.36	5.92
161.6	97.37	62.43	5.92
161.8	97.27	62.52	5.92
162.0	97.22	62.62	5.93
162.2	97.33	62.73	5.93
162.4	97.53	62.84	5.93
162.6	97.76	62.95	5.93
162.8	98.03	63.06	5.94
163.0	98.31	63.15	5.94
163.2	98.59	63.23	5.94
163.4	98.84	63.29	5.95
163.6	99.09	63.33	5.95
163.8	99.32	63.33	5.95
164.0	99.53	63.29	5.96
164.2	99.69	63.18	5.96
164.4	99.75	62.9	5.96
164.6	99.79	62.6	5.97
164.8	99.81	62.3	5.97
165.0	99.81	62.02	5.97
165.2	99.82	61.79	5.97
165.4	99.84	61.76	5.98
165.6	99.89	61.88	5.98
165.8	99.95	62.05	5.98
166.0	100.03	62.25	5.98
166.2	100.14	62.44	5.98
166.4	100.28	62.6	5.98
166.6	100.51	62.63	5.98
166.8	100.76	62.63	5.99
167.0	101.01	62.62	5.99
167.2	101.25	62.59	5.99
167.4	101.47	62.55	5.99
167.6	101.59	62.52	5.99
167.8	101.68	62.49	5.99
168.0	101.75	62.46	6.0
168.2	101.79	62.43	6.0
168.4	101.81	62.4	6.0
168.6	101.85	62.38	6.0
168.8	101.91	62.37	6.0
169.0	101.94	62.36	6.0
169.2	101.95	62.34	6.0
169.4	101.91	62.33	6.01
169.6	101.82	62.3	6.01
169.8	101.61	62.26	6.01
170.0	101.32	62.21	6.01
170.2	100.98	62.15	6.01
170.4	100.62	62.08	6.01
170.6	100.24	62.01	6.02
170.8	99.87	61.94	6.02
171.0	99.57	61.88	6.02
171.2	99.27	61.81	6.02
171.4	98.97	61.74	6.02
171.6	98.67	61.64	6.02
171.8	98.36	61.52	6.02
172.0	98.02	61.34	6.03
172.2	97.64	61.09	6.03
172.4	97.26	60.82	6.03
172.6	96.88	60.57	6.03
172.8	96.51	60.33	6.03
173.0	96.17	60.12	6.03
173.2	95.86	60.02	6.03
173.4	95.59	59.98	6.04
173.6	95.35	59.99	6.04
173.8	95.16	60.05	6.04
174.0	95.0	60.14	6.04
174.2	94.9	60.29	6.04
174.4	94.86	60.5	6.04
174.6	94.87	60.74	6.05
174.8	94.92	61.01	6.05
175.0	95.01	61.29	6.05
175.2	95.14	61.59	6.05
175.4	95.35	61.92	6.05
175.6	95.61	62.24	6.05
175.8	95.87	62.55	6.05
176.0	96.12	62.84	6.05
176.2	96.34	63.08	6.06
176.4	96.48	63.26	6.06
176.6	96.42	63.26	6.06
176.8	96.31	63.22	6.06
177.0	96.2	63.16	6.06
177.2	96.09	63.08	6.06
177.4	96.01	62.99	6.06
177.6	96.11	62.98	6.06
177.8	96.31	63.01	6.06
178.0	96.53	63.05	6.06
178.2	96.77	63.1	6.06
178.4	97.02	63.17	6.06
178.6	97.24	63.25	6.06
178.8	97.34	63.36	6.06
179.0	97.44	63.48	6.06
179.2	97.54	63.59	6.06
179.4	97.65	63.68	6.06
179.6	97.77	63.76	6.06
179.8	98.01	63.79	6.06
180.0	98.28	63.79	6.06
180.2	98.54	63.76	6.06
180.4	98.78	63.69	6.06
180.6	98.99	63.59	6.06
180.8	99.08	63.41	6.06
181.0	99.06	63.18	6.06
181.2	99.0	62.93	6.06
181.4	98.9	62.66	6.06
181.6	98.77	62.39	6.06
181.8	98.6	62.14	6.06
182.0	98.44	61.98	6.06
182.2	98.26	61.83	6.06
182.4	98.07	61.68	6.06
182.6	97.87	61.53	6.06
182.8	97.66	61.36	6.06
183.0	97.45	61.14	6.06
183.2	97.25	60.83	6.06
183.4	97.05	60.52	6.05
183.6	96.86	60.23	6.05
183.8	96.66	59.97	6.05
184.0	96.46	59.77	6.05
184.2	96.26	59.8	6.05
184.4	96.06	59.88	6.05
184.6	95.87	60.01	6.05
184.8	95.68	60.16	6.05
185.0	95.5	60.33	6.05
185.2	95.33	60.46	6.05
185.4	95.18	60.52	6.04
185.6	95.04	60.57	6.04
185.8	94.91	60.61	6.04
186.0	94.8	60.65	6.04
186.2	94.71	60.69	6.05
186.4	94.61	60.7	6.05
186.6	94.52	60.7	6.05
186.8	94.47	60.72	6.05
187.0	94.46	60.79	6.06
187.2	94.5	60.91	6.06
187.4	94.63	61.15	6.06
187.6	94.92	61.64	6.07
187.8	95.27	62.16	6.07
188.0	95.65	62.7	6.07
188.2	96.06	63.23	6.07
188.4	96.48	63.71	6.08
188.6	96.86	63.95	6.08
188.8	97.21	64.06	6.08
189.0	97.53	64.1	6.08
189.2	97.84	64.09	6.09
189.4	98.11	64.02	6.09
189.6	98.33	63.92	6.09
189.8	98.43	63.8	6.09
190.0	98.5	63.67	6.09
190.2	98.56	63.53	6.09
190.4	98.61	63.39	6.09
190.6	98.68	63.26	6.1
190.8	98.86	63.23	6.1
191.0	99.1	63.25	6.1
191.2	99.34	63.26	6.1
191.4	99.57	63.25	6.1
191.6	99.77	63.2	6.1
191.8	99.89	63.03	6.1
192.0	99.88	62.66	6.1
192.2	99.81	62.25	6.11
192.4	99.71	61.82	6.11
192.6	99.56	61.39	6.11
192.8	99.37	60.99	6.11
193.0	99.14	60.75	6.11
193.2	98.87	60.63	6.11
193.4	98.6	60.55	6.11
193.6	98.34	60.5	6.11
193.8	98.1	60.47	6.11
194.0	97.91	60.45	6.11
194.2	97.79	60.35	6.11
194.4	97.74	60.26	6.11
194.6	97.75	60.21	6.11
194.8	97.83	60.2	6.11
195.0	98.0	60.26	6.11
195.2	98.31	60.52	6.11
195.4	98.72	60.86	6.11
195.6	99.21	61.23	6.12
195.8	99.75	61.6	6.12
196.0	100.36	61.95	6.12
196.2	101.02	62.12	6.12
196.4	101.75	62.11	6.12
196.6	102.48	62.07	6.12
196.8	103.21	62.02	6.12
197.0	103.91	62.01	6.12
197.2	104.56	62.06	6.12
197.4	105.03	62.49	6.12
197.6	105.44	62.96	6.12
197.8	105.81	63.44	6.12
198.0	106.12	63.88	6.12
198.2	106.41	64.25	6.12
198.4	106.7	64.3	6.12
198.6	106.98	64.11	6.12
198.8	107.23	63.86	6.12
199.0	107.42	63.6	6.12
199.2	107.57	63.35	6.12
199.4	107.63	63.28	6.12
199.6	107.58	63.46	6.12
199.8	107.48	63.69	6.12
200.0	107.33	63.95	6.11
200.2	107.13	64.23	6.11
200.4	106.88	64.51	6.12
200.6	106.54	64.65	6.12
200.8	106.18	64.76	6.12
201.0	105.82	64.84	6.12
201.2	105.48	64.91	6.13
201.4	105.18	64.96	6.13
201.6	105.01	64.99	6.14
201.8	104.97	64.99	6.14
202.0	104.98	65.0	6.14
202.2	105.03	65.01	6.15
202.4	105.1	65.04	6.15
202.6	105.18	65.13	6.16
202.8	105.24	65.33	6.16
203.0	105.31	65.53	6.16
203.2	105.38	65.71	6.17
203.4	105.44	65.86	6.17
203.6	105.48	65.95	6.18
203.8	105.51	65.85	6.18
204.0	105.51	65.68	6.18
204.2	105.49	65.45	6.18
204.4	105.43	65.17	6.19
204.6	105.34	64.85	6.19
204.8	105.19	64.44	6.19
205.0	104.95	63.96	6.19
205.2	104.7	63.48	6.19
205.4	104.43	63.05	6.19
205.6	104.15	62.68	6.19
205.8	103.9	62.43	6.19
206.0	103.73	62.56	6.18
206.2	103.58	62.79	6.18
206.4	103.43	63.07	6.18
206.6	103.28	63.37	6.18
206.8	103.13	63.67	6.18
207.0	102.95	63.81	6.18
207.2	102.74	63.86	6.18
207.4	102.52	63.84	6.18
207.6	102.27	63.77	6.18
207.8	101.99	63.63	6.18
208.0	101.68	63.43	6.18
208.2	101.26	63.02	6.17
208.4	100.81	62.58	6.17
208.6	100.36	62.12	6.17
208.8	99.91	61.68	6.17
209.0	99.47	61.27	6.17
209.2	99.1	61.04	6.17
209.4	98.8	60.95	6.17
209.6	98.51	60.91	6.17
209.8	98.25	60.89	6.17
210.0	98.0	60.89	6.17
210.2	97.74	60.85	6.17
210.4	97.46	60.72	6.17
210.6	97.2	60.59	6.17
210.8	96.95	60.46	6.17
211.0	96.71	60.34	6.17
211.2	96.51	60.23	6.16
211.4	96.33	60.08	6.16
211.6	96.19	59.96	6.16
211.8	96.08	59.89	6.16
212.0	96.0	59.9	6.16
212.2	95.95	60.0	6.16
212.4	95.92	60.28	6.16
212.6	95.89	60.78	6.16
212.8	95.93	61.37	6.16
213.0	96.03	62.03	6.16
213.2	96.21	62.76	6.15
213.4	96.51	63.53	6.15
213.6	97.05	64.37	6.14
213.8	97.68	65.21	6.14
214.0	98.36	66.0	6.14
214.2	99.08	66.72	6.13
214.4	99.82	67.34	6.13
214.6	100.49	67.57	6.12
214.8	101.14	67.65	6.12
215.0	101.76	67.66	6.11
215.2	102.35	67.62	6.11
215.4	102.91	67.59	6.1
215.6	103.35	67.71	6.1
215.8	103.71	67.98	6.09
216.0	104.04	68.27	6.09
216.2	104.37	68.55	6.08
216.4	104.7	68.81	6.08
216.6	105.14	69.0	6.08
216.8	105.7	69.12	6.07
217.0	106.25	69.17	6.07
217.2	106.79	69.15	6.06
217.4	107.28	69.04	6.06
217.6	107.66	68.79	6.05
217.8	107.9	68.37	6.05
218.0	108.05	67.89	6.05
218.2	108.12	67.36	6.04
218.4	108.1	66.83	6.04
218.6	107.99	66.3	6.03
218.8	107.72	65.94	6.03
219.0	107.37	65.61	6.02
219.2	106.96	65.31	6.02
219.4	106.51	65.03	6.02
219.6	106.04	64.77	6.02
219.8	105.6	64.54	6.01
220.0	105.22	64.34	6.02
220.2	104.82	64.14	6.02
220.4	104.41	63.93	6.02
220.6	103.98	63.71	6.02
220.8	103.51	63.46	6.03
221.0	102.91	63.08	6.03
221.2	102.29	62.67	6.03
221.4	101.66	62.26	6.03
221.6	101.03	61.84	6.03
221.8	100.42	61.44	6.04
222.0	99.88	61.09	6.04
222.2	99.44	60.81	6.04
222.4	99.03	60.57	6.04
222.6	98.64	60.35	6.04
222.8	98.29	60.17	6.04
223.0	97.96	60.01	6.04
223.2	97.58	59.84	6.04
223.4	97.19	59.69	6.04
223.6	96.85	59.57	6.04
223.8	96.56	59.51	6.04
224.0	96.35	59.5	6.04
224.2	96.24	59.57	6.04
224.4	96.35	59.75	6.04
224.6	96.55	60.01	6.04
224.8	96.84	60.35	6.04
225.0	97.19	60.77	6.05
225.2	97.61	61.27	6.05
225.4	98.07	61.98	6.05
225.6	98.57	62.79	6.05
225.8	99.09	63.63	6.05
226.0	99.64	64.45	6.05
226.2	100.2	65.22	6.05
226.4	100.75	65.82	6.05
226.6	101.29	66.12	6.05
226.8	101.81	66.32	6.05
227.0	102.31	66.45	6.05
227.2	102.77	66.53	6.05
227.4	103.18	66.59	6.05
227.6	103.44	66.63	6.04
227.8	103.62	66.68	6.03
228.0	103.77	66.76	6.02
228.2	103.93	66.9	6.01
228.4	104.11	67.1	5.99
228.6	104.4	67.5	5.97
228.8	104.85	68.15	5.93
229.0	105.32	68.85	5.9
229.2	105.81	69.57	5.86
229.4	106.3	70.27	5.82
229.6	106.76	70.89	5.78
229.8	107.14	71.3	5.75
230.0	107.48	71.63	5.71
230.2	107.77	71.87	5.67
230.4	108.01	72.01	5.64
230.6	108.19	72.06	5.6
230.8	108.2	71.86	5.56
231.0	108.13	71.53	5.52
231.2	108.03	71.17	5.49
231.4	107.92	70.82	5.45
231.6	107.83	70.51	5.43
231.8	107.84	70.34	5.41
232.0	108.05	70.46	5.41
232.2	108.28	70.65	5.41
232.4	108.5	70.9	5.42
232.6	108.7	71.2	5.43
232.8	108.83	71.54	5.43
233.0	108.79	71.93	5.44
233.2	108.68	72.3	5.44
233.4	108.51	72.63	5.45
233.6	108.29	72.91	5.45
233.8	108.03	73.1	5.46
234.0	107.76	73.03	5.46
234.2	107.46	72.81	5.46
234.4	107.12	72.49	5.47
234.6	106.73	72.11	5.47
234.8	106.28	71.67	5.47
235.0	105.75	71.18	5.48
235.2	105.08	70.65	5.48
235.4	104.38	70.11	5.49
235.6	103.67	69.6	5.49
235.8	102.97	69.13	5.5
236.0	102.3	68.72	5.5
236.2	101.64	68.45	5.5
236.4	101.07	68.27	5.51
236.6	100.62	68.19	5.51
236.8	100.32	68.2	5.52
237.0	100.27	68.34	5.52
237.2	100.7	68.71	5.53
237.4	101.27	69.15	5.53
237.6	101.92	69.61	5.54
237.8	102.58	70.06	5.54
238.0	103.08	70.42	5.55
238.2	103.34	70.62	5.55
238.4	103.53	70.76	5.56
238.6	103.66	70.84	5.56
238.8	103.73	70.86	5.56
239.0	103.78	70.85	5.57
239.2	103.82	70.81	5.57
239.4	103.82	70.71	5.58
239.6	103.76	70.54	5.58
239.8	103.66	70.32	5.59
240.0	103.46	69.94	5.59
240.2	103.16	69.43	5.59
240.4	102.84	68.91	5.59
240.6	102.53	68.42	5.59
240.8	102.25	68.01	5.59
241.0	102.1	67.95	5.58
241.2	102.04	68.12	5.57
241.4	102.02	68.32	5.56
241.6	102.03	68.51	5.55
241.8	102.03	68.62	5.54
242.0	101.97	68.27	5.53
242.2	101.9	67.79	5.52
242.4	101.82	67.26	5.51
242.6	101.75	66.73	5.5
242.8	101.69	66.31	5.48
243.0	101.68	66.19	5.47
243.2	101.66	66.12	5.46
243.4	101.63	66.1	5.45
243.6	101.57	66.1	5.44
243.8	101.45	66.07	5.43
244.0	101.26	65.94	5.42
244.2	101.02	65.8	5.41
244.4	100.73	65.63	5.4
244.6	100.39	65.46	5.39
244.8	99.99	65.28	5.38
245.0	99.48	65.12	5.37
245.2	98.95	64.94	5.36
245.4	98.39	64.75	5.35
245.6	97.83	64.54	5.34
245.8	97.28	64.31	5.33
246.0	96.84	64.01	5.31
246.2	96.44	63.69	5.3
246.4	96.04	63.34	5.29
246.6	95.66	62.97	5.28
246.8	95.28	62.57	5.27
247.0	94.86	62.15	5.26
247.2	94.41	61.72	5.25
247.4	93.98	61.26	5.24
247.6	93.56	60.79	5.24
247.8	93.17	60.29	5.23
248.0	92.84	59.73	5.22
248.2	92.58	59.12	5.22
248.4	92.35	58.52	5.22
248.6	92.16	57.95	5.21
248.8	92.0	57.44	5.21
249.0	91.85	57.06	5.2
249.2	91.72	56.9	5.2
249.4	91.61	56.8	5.2
249.6	91.52	56.73	5.19
249.8	91.45	56.68	5.19
250.0	91.4	56.62	5.18
250.2	91.31	56.33	5.18
250.4	91.25	56.02	5.17
250.6	91.23	55.74	5.17
250.8	91.28	55.51	5.17
251.0	91.39	55.35	5.16
251.2	91.7	55.51	5.16
251.4	92.1	55.78	5.16
251.6	92.53	56.07	5.16
251.8	92.99	56.36	5.16
252.0	93.43	56.61	5.15
252.2	93.75	56.55	5.15
252.4	94.03	56.39	5.15
252.6	94.29	56.2	5.15
252.8	94.52	55.99	5.14
253.0	94.73	55.8	5.14
253.2	94.91	55.77	5.14
253.4	95.08	55.82	5.14
253.6	95.25	55.9	5.14
253.8	95.43	56.0	5.14
254.0	95.61	56.11	5.14
254.2	95.85	56.19	5.14
254.4	96.13	56.26	5.14
254.6	96.43	56.31	5.14
254.8	96.72	56.33	5.15
255.0	97.01	56.32	5.15
255.2	97.27	56.23	5.16
255.4	97.5	56.07	5.16
255.6	97.71	55.9	5.16
255.8	97.91	55.72	5.17
256.0	98.09	55.55	5.17
256.2	98.25	55.45	5.17
256.4	98.38	55.45	5.18
256.6	98.5	55.46	5.18
256.8	98.61	55.47	5.18
257.0	98.71	55.46	5.19
257.2	98.81	55.41	5.19
257.4	98.91	55.22	5.19
257.6	99.0	55.02	5.2
257.8	99.09	54.8	5.2
258.0	99.18	54.6	5.2
258.2	99.27	54.42	5.2
258.4	99.29	54.3	5.21
258.6	99.31	54.24	5.21
258.8	99.37	54.23	5.22
259.0	99.49	54.28	5.22
259.2	99.69	54.4	5.22
259.4	100.14	54.75	5.23
259.6	100.73	55.19	5.23
259.8	101.38	55.65	5.23
260.0	102.06	56.06	5.24
260.2	102.73	56.4	5.24
260.4	103.28	56.41	5.24
260.6	103.75	56.2	5.25
260.8	104.18	55.91	5.25
261.0	104.57	55.57	5.25
261.2	104.91	55.22	5.26
261.4	105.24	55.02	5.26
261.6	105.54	54.97	5.27
261.8	105.79	54.92	5.27
262.0	105.96	54.86	5.27
262.2	106.05	54.76	5.27
262.4	106.04	54.57	5.28
262.6	105.75	54.05	5.28
262.8	105.38	53.48	5.28
263.0	104.98	52.9	5.28
263.2	104.55	52.36	5.27
263.4	104.14	51.88	5.27
263.6	103.93	51.71	5.26
263.8	103.81	51.72	5.26
264.0	103.72	51.8	5.25
264.2	103.63	51.94	5.24
264.4	103.53	52.11	5.23
264.6	103.38	52.27	5.22
264.8	103.11	52.37	5.21
265.0	102.82	52.44	5.2
265.2	102.5	52.49	5.19
265.4	102.17	52.5	5.18
265.6	101.82	52.46	5.18
265.8	101.45	52.23	5.17
266.0	101.07	51.92	5.17
266.2	100.7	51.6	5.17
266.4	100.35	51.3	5.17
266.6	100.03	51.04	5.17
266.8	99.77	50.95	5.17
267.0	99.6	51.11	5.17
267.2	99.46	51.32	5.18
267.4	99.34	51.55	5.18
267.6	99.23	51.78	5.19
267.8	99.12	51.97	5.2
268.0	98.96	51.9	5.2
268.2	98.79	51.74	5.21
268.4	98.6	51.55	5.21
268.6	98.41	51.35	5.22
268.8	98.21	51.17	5.22
269.0	97.98	51.03	5.23
269.2	97.68	51.0	5.23
269.4	97.4	51.02	5.24
269.6	97.16	51.08	5.24
269.8	96.96	51.21	5.25
270.0	96.84	51.39	5.25
270.2	96.98	51.75	5.26
270.4	97.2	52.16	5.26
270.6	97.46	52.59	5.27
270.8	97.74	53.03	5.27
271.0	98.02	53.46	5.28
271.2	98.2	53.81	5.28
271.4	98.29	54.09	5.29
271.6	98.35	54.32	5.3
271.8	98.39	54.5	5.3
272.0	98.41	54.64	5.31
272.2	98.42	54.7	5.31
272.4	98.43	54.62	5.31
272.6	98.43	54.51	5.31
272.8	98.43	54.39	5.31
273.0	98.43	54.29	5.31
273.2	98.45	54.23	5.31
273.4	98.51	54.36	5.31
273.6	98.6	54.6	5.31
273.8	98.7	54.87	5.31
274.0	98.78	55.16	5.31
274.2	98.85	55.46	5.31
274.4	98.88	55.71	5.31
274.6	98.87	55.89	5.31
274.8	98.83	56.05	5.3
275.0	98.76	56.16	5.3
275.2	98.68	56.22	5.3
275.4	98.58	56.23	5.3
275.6	98.46	56.08	5.3
275.8	98.32	55.89	5.3
276.0	98.18	55.67	5.29
276.2	98.03	55.43	5.29
276.4	97.89	55.2	5.29
276.6	97.77	55.05	5.29
276.8	97.67	54.96	5.29
277.0	97.57	54.9	5.29
277.2	97.48	54.84	5.28
277.4	97.37	54.78	5.28
277.6	97.26	54.7	5.28
277.8	97.12	54.56	5.28
278.0	96.96	54.42	5.28
278.2	96.81	54.3	5.28
278.4	96.64	54.21	5.28
278.6	96.47	54.16	5.27
278.8	96.31	54.26	5.27
279.0	96.15	54.43	5.27
279.2	95.98	54.62	5.27
279.4	95.8	54.82	5.27
279.6	95.62	55.02	5.27
279.8	95.4	55.15	5.27
280.0	95.1	55.12	5.27
280.2	94.82	55.09	5.27
280.4	94.56	55.09	5.27
280.6	94.34	55.13	5.27
280.8	94.19	55.24	5.27
281.0	94.25	55.72	5.27
281.2	94.38	56.26	5.27
281.4	94.56	56.82	5.27
281.6	94.75	57.34	5.27
281.8	94.96	57.79	5.28
282.0	95.1	57.93	5.28
282.2	95.19	57.84	5.28
282.4	95.27	57.66	5.28
282.6	95.32	57.41	5.28
282.8	95.35	57.1	5.28
283.0	95.34	56.79	5.28
283.2	95.28	56.52	5.29
283.4	95.2	56.25	5.29
283.6	95.1	56.01	5.29
283.8	95.0	55.78	5.29
284.0	94.9	55.6	5.3
284.2	94.82	55.52	5.3
284.4	94.76	55.49	5.3
284.6	94.7	55.51	5.31
284.8	94.67	55.57	5.31
285.0	94.65	55.66	5.32
285.2	94.67	55.78	5.32
285.4	94.74	55.93	5.32
285.6	94.81	56.09	5.33
285.8	94.88	56.28	5.33
286.0	94.94	56.49	5.33
286.2	94.97	56.72	5.34
286.4	94.95	57.01	5.34
286.6	94.9	57.29	5.35
286.8	94.83	57.56	5.35
287.0	94.74	57.8	5.35
287.2	94.63	58.0	5.36
287.4	94.47	58.07	5.36
287.6	94.29	58.05	5.36
287.8	94.1	57.99	5.36
