0.2	134.68	92.64	5.83
0.4	133.87	92.45	5.83
0.6	133.04	92.1	5.83
0.8	132.28	91.67	5.83
1.0	131.67	91.26	5.83
1.2	131.29	90.97	5.83
1.4	131.23	90.91	5.83
1.6	131.56	91.18	5.83
1.8	132.63	92.31	5.83
2.0	134.11	93.69	5.83
2.2	135.89	95.12	5.84
2.4	137.94	96.32	5.84
2.6	140.09	97.22	5.84
2.8	142.21	97.74	5.84
3.0	144.1	97.57	5.84
3.2	145.7	96.83	5.84
3.4	147.01	95.72	5.85
3.6	147.89	94.34	5.85
3.8	148.35	92.77	5.85
4.0	148.45	91.06	5.85
4.2	148.16	89.27	5.85
4.4	147.47	87.47	5.86
4.6	146.6	85.72	5.86
4.8	145.65	84.07	5.86
5.0	145.08	82.69	5.86
5.2	144.59	81.51	5.86
5.4	144.08	80.53	5.87
5.6	143.48	79.73	5.87
5.8	142.54	79.14	5.87
6.0	141.46	78.75	5.87
6.2	140.29	78.53	5.87
6.4	139.04	78.51	5.87
6.6	137.74	78.83	5.88
6.8	136.44	79.19	5.88
7.0	135.19	79.46	5.88
7.2	133.96	79.1	5.88
7.4	132.85	78.35	5.88
7.6	132.0	77.86	5.88
7.8	131.54	78.09	5.89
8.0	131.65	79.73	5.89
8.2	132.16	81.81	5.89
8.4	133.07	84.06	5.89
8.6	134.54	86.0	5.88
8.8	136.21	87.84	5.88
9.0	137.91	89.49	5.88
9.2	139.37	90.78	5.87
9.4	140.63	91.86	5.87
9.6	141.6	92.79	5.87
9.8	142.07	93.81	5.86
10.0	142.25	94.53	5.86
10.2	142.21	94.8	5.86
10.4	142.09	93.86	5.86
10.6	141.81	92.55	5.85
10.8	141.38	91.12	5.85
11.0	140.71	90.16	5.85
11.2	139.91	89.59	5.84
11.4	139.13	89.21	5.84
11.6	138.49	88.99	5.84
11.8	138.12	88.88	5.83
12.0	138.01	88.99	5.83
12.2	138.21	89.38	5.83
12.4	139.03	90.37	5.83
12.6	140.14	91.52	5.82
12.8	141.41	92.65	5.82
13.0	142.68	93.45	5.82
13.2	143.95	93.96	5.81
13.4	145.17	94.12	5.81
13.6	146.31	93.69	5.81
13.8	147.32	92.83	5.8
14.0	148.14	91.75	5.8
14.2	148.66	90.71	5.8
14.4	148.87	89.69	5.79
14.6	148.84	88.58	5.79
14.8	148.57	87.24	5.79
15.0	148.06	85.52	5.79
15.2	147.37	83.82	5.78
15.4	146.56	82.29	5.78
15.6	145.69	81.45	5.78
15.8	144.78	81.1	5.77
16.0	143.84	80.99	5.77
16.2	142.87	81.0	5.77
16.4	141.95	80.94	5.76
16.6	141.02	80.86	5.76
16.8	140.07	80.71	5.76
17.0	139.07	80.39	5.76
17.2	137.95	79.71	5.75
17.4	136.86	79.03	5.75
17.6	135.88	78.46	5.75
17.8	135.05	78.2	5.74
18.0	134.43	78.25	5.74
18.2	134.09	78.64	5.74
18.4	134.18	79.55	5.73
18.6	134.78	81.02	5.74
18.8	135.63	82.69	5.74
19.0	136.64	84.41	5.74
19.2	137.72	85.96	5.74
19.4	138.84	87.4	5.74
19.6	139.97	88.6	5.75
19.8	141.01	89.35	5.75
20.0	141.99	90.0	5.75
20.2	142.92	90.7	5.75
20.4	143.8	91.99	5.76
20.6	144.55	93.08	5.76
20.8	145.09	93.63	5.76
21.0	145.2	92.62	5.76
21.2	145.15	91.18	5.77
21.4	145.03	89.61	5.77
21.6	145.15	88.86	5.77
21.8	145.28	88.32	5.77
22.0	145.36	87.83	5.78
22.2	145.24	87.12	5.78
22.4	144.94	86.22	5.78
22.6	144.53	85.29	5.78
22.8	144.02	84.41	5.79
23.0	143.46	83.71	5.79
23.2	142.82	83.09	5.79
23.4	142.14	82.52	5.79
23.6	141.39	81.94	5.8
23.8	140.6	81.4	5.8
24.0	139.82	81.01	5.8
24.2	139.04	80.88	5.8
24.4	138.24	81.26	5.81
24.6	137.6	81.79	5.81
24.8	137.19	82.37	5.81
25.0	137.37	82.58	5.81
25.2	137.85	82.75	5.81
25.4	138.48	83.07	5.82
25.6	139.02	84.01	5.82
25.8	139.51	85.28	5.82
26.0	140.03	86.5	5.82
26.2	140.7	87.28	5.83
26.4	141.42	87.61	5.83
26.6	142.01	87.64	5.83
26.8	142.18	87.29	5.83
27.0	141.98	86.65	5.84
27.2	141.62	85.94	5.84
27.4	141.24	85.44	5.84
27.6	140.88	85.18	5.84
27.8	140.46	84.91	5.84
28.0	139.99	84.45	5.85
28.2	139.44	83.65	5.85
28.4	138.86	82.83	5.85
28.6	138.23	82.05	5.85
28.8	137.62	81.52	5.86
29.0	136.97	81.18	5.86
29.2	136.27	81.06	5.86
29.4	135.46	81.34	5.86
29.6	134.56	81.94	5.87
29.8	133.71	82.64	5.87
30.0	132.95	83.26	5.87
30.2	132.38	83.64	5.87
30.4	131.96	83.9	5.87
30.6	131.71	84.05	5.88
30.8	131.75	83.87	5.88
31.0	131.94	83.69	5.88
31.2	132.22	83.66	5.88
31.4	132.54	84.1	5.89
31.6	132.89	84.87	5.89
31.8	133.24	85.88	5.89
32.0	133.43	87.2	5.89
32.2	133.62	88.67	5.9
32.4	133.98	90.13	5.9
32.6	134.81	91.33	5.9
32.8	136.0	92.28	5.9
33.0	137.43	92.99	5.9
33.2	139.05	93.31	5.9
33.4	140.77	93.37	5.9
33.6	142.47	93.37	5.9
33.8	143.97	93.59	5.9
34.0	145.3	93.89	5.9
34.2	146.48	94.18	5.9
34.4	147.51	94.56	5.9
34.6	148.36	94.72	5.9
34.8	149.01	94.49	5.9
35.0	149.41	93.1	5.9
35.2	149.6	91.36	5.9
35.4	149.59	89.54	5.9
35.6	149.41	88.45	5.9
35.8	149.04	87.54	5.9
36.0	148.5	86.69	5.9
36.2	147.72	85.57	5.9
36.4	146.74	84.26	5.9
36.6	145.64	83.0	5.9
36.8	144.44	81.89	5.9
37.0	143.24	81.29	5.9
37.2	142.02	80.99	5.9
37.4	140.79	80.89	5.9
37.6	139.56	80.95	5.9
37.8	138.39	81.13	5.9
38.0	137.26	81.37	5.9
38.2	136.13	81.63	5.9
38.4	134.98	81.86	5.9
38.6	133.54	81.64	5.9
38.8	132.17	81.42	5.9
39.0	131.06	81.42	5.9
39.2	130.56	81.99	5.9
39.4	130.82	83.3	5.9
39.6	131.33	84.79	5.9
39.8	131.93	86.24	5.9
40.0	132.33	87.21	5.9
40.2	132.67	88.07	5.9
40.4	132.91	88.85	5.9
40.6	132.87	89.74	5.9
40.8	132.73	90.54	5.9
41.0	132.58	91.17	5.9
41.2	132.57	91.31	5.9
41.4	132.66	91.18	5.9
41.6	132.82	91.03	5.9
41.8	133.05	91.16	5.9
42.0	133.36	91.63	5.9
42.2	133.74	92.24	5.9
42.4	134.1	92.89	5.9
42.6	134.47	93.56	5.9
42.8	135.13	94.42	5.9
43.0	136.38	95.69	5.9
43.2	138.39	97.44	5.9
43.4	140.71	99.27	5.9
43.6	143.18	100.98	5.89
43.8	145.65	102.41	5.89
44.0	147.87	103.37	5.88
44.2	149.7	103.62	5.88
44.4	150.88	103.05	5.87
44.6	151.11	101.58	5.87
44.8	149.31	98.52	5.86
45.0	146.05	94.37	5.86
45.2	142.32	89.92	5.85
45.4	139.63	86.42	5.85
45.6	138.57	84.39	5.84
45.8	138.03	82.99	5.84
46.0	137.84	82.12	5.83
46.2	137.81	81.68	5.83
46.4	137.29	81.56	5.82
46.6	136.46	81.67	5.82
46.8	135.6	81.93	5.81
47.0	134.73	82.24	5.81
47.2	133.9	82.46	5.8
47.4	133.18	82.33	5.8
47.6	132.48	82.13	5.79
47.8	131.78	81.89	5.79
48.0	131.05	81.59	5.78
48.2	130.21	81.14	5.77
48.4	129.41	80.8	5.77
48.6	128.69	80.69	5.76
48.8	128.06	81.06	5.76
49.0	127.59	81.91	5.75
49.2	127.37	83.04	5.75
49.4	127.53	84.38	5.74
49.6	128.24	85.91	5.74
49.8	129.26	87.5	5.74
50.0	130.52	89.06	5.74
50.2	131.95	90.35	5.74
50.4	133.49	91.56	5.74
50.6	135.08	92.76	5.74
50.8	136.61	94.31	5.74
51.0	138.07	95.68	5.74
51.2	139.41	96.66	5.74
51.4	140.63	96.46	5.74
51.6	141.59	95.83	5.74
51.8	142.19	95.01	5.74
52.0	142.01	94.68	5.74
52.2	141.45	94.35	5.74
52.4	140.63	93.92	5.74
52.6	139.79	93.09	5.74
52.8	138.9	92.03	5.74
53.0	137.95	90.89	5.74
53.2	136.99	89.76	5.74
53.4	136.13	88.79	5.74
53.6	135.27	87.95	5.74
53.8	134.42	87.26	5.74
54.0	133.56	86.77	5.74
54.2	132.57	86.66	5.74
54.4	131.64	86.75	5.74
54.6	130.81	86.99	5.74
54.8	130.11	87.29	5.74
55.0	129.58	87.58	5.74
55.2	129.34	88.08	5.75
55.4	129.44	88.84	5.75
55.6	130.19	90.31	5.75
55.8	131.3	91.96	5.75
56.0	132.68	93.59	5.75
56.2	134.3	94.64	5.75
56.4	136.04	95.4	5.76
56.6	137.77	96.13	5.76
56.8	139.32	97.45	5.76
57.0	140.68	98.92	5.76
57.2	141.86	99.95	5.76
57.4	142.84	99.45	5.76
57.6	143.59	97.84	5.77
57.8	144.1	95.86	5.77
58.0	144.24	94.25	5.77
58.2	144.02	93.29	5.77
58.4	143.59	92.44	5.77
58.6	143.03	91.64	5.78
58.8	142.42	90.46	5.78
59.0	141.8	89.33	5.78
59.2	141.24	88.36	5.78
59.4	140.86	87.77	5.78
59.6	140.71	87.63	5.78
59.8	140.68	87.76	5.79
60.0	140.76	88.09	5.79
60.2	141.04	88.72	5.79
60.4	141.35	89.42	5.79
60.6	141.61	90.08	5.79
60.8	141.63	90.5	5.79
61.0	141.47	90.68	5.8
61.2	141.2	90.6	5.8
61.4	140.88	90.13	5.8
61.6	140.52	89.26	5.8
61.8	140.06	88.17	5.8
62.0	139.48	86.98	5.8
62.2	138.7	85.8	5.81
62.4	137.83	84.62	5.81
62.6	136.91	83.46	5.81
62.8	135.99	82.32	5.81
63.0	135.08	81.28	5.81
63.2	134.18	80.42	5.81
63.4	133.28	79.92	5.82
63.6	132.42	80.08	5.82
63.8	131.55	80.32	5.82
64.0	130.66	80.45	5.82
64.2	129.58	79.68	5.82
64.4	128.5	78.62	5.83
64.6	127.55	77.65	5.83
64.8	126.91	77.19	5.83
65.0	126.63	77.36	5.83
65.2	126.61	77.92	5.83
65.4	126.86	78.87	5.83
65.6	127.38	80.21	5.83
65.8	128.07	81.74	5.83
66.0	128.88	83.29	5.83
66.2	129.75	84.69	5.83
66.4	130.65	86.01	5.83
66.6	131.54	87.22	5.82
66.8	132.36	88.36	5.82
67.0	133.14	89.15	5.82
67.2	133.87	89.28	5.82
67.4	134.58	88.35	5.82
67.6	135.12	87.11	5.82
67.8	135.38	85.97	5.82
68.0	135.14	85.47	5.81
68.2	134.72	85.06	5.81
68.4	134.19	84.6	5.81
68.6	133.78	83.57	5.81
68.8	133.36	82.58	5.81
69.0	132.94	81.78	5.81
69.2	132.41	81.67	5.81
69.4	131.92	82.04	5.8
69.6	131.64	82.66	5.8
69.8	131.9	83.44	5.8
70.0	132.69	84.3	5.8
70.2	133.65	85.18	5.8
70.4	134.56	85.99	5.8
70.6	135.27	86.66	5.8
70.8	135.9	87.19	5.8
71.0	136.46	87.47	5.79
71.2	136.97	87.44	5.79
71.4	137.33	87.3	5.79
71.6	137.48	87.2	5.79
71.8	137.3	87.37	5.79
72.0	136.98	87.42	5.79
72.2	136.57	87.19	5.79
72.4	136.19	85.88	5.78
72.6	135.81	84.39	5.78
72.8	135.44	82.97	5.78
73.0	135.19	82.33	5.78
73.2	135.01	82.35	5.78
73.4	134.79	82.6	5.78
73.6	134.45	82.89	5.78
73.8	133.68	82.79	5.78
74.0	132.95	82.75	5.77
74.2	132.39	82.85	5.77
74.4	132.25	83.34	5.77
74.6	132.53	84.07	5.77
74.8	133.28	84.95	5.77
75.0	134.8	85.89	5.77
75.2	136.86	86.92	5.77
75.4	139.19	88.04	5.76
75.6	141.58	89.57	5.76
75.8	143.92	91.06	5.76
76.0	146.1	92.08	5.76
76.2	147.96	91.48	5.75
76.4	149.43	90.31	5.75
76.6	150.43	89.12	5.75
76.8	150.63	89.31	5.75
77.0	150.35	89.65	5.75
77.2	149.68	89.84	5.74
77.4	148.67	88.81	5.74
77.6	147.48	87.45	5.74
77.8	146.21	85.98	5.74
78.0	145.22	84.91	5.73
78.2	144.45	84.24	5.73
78.4	143.7	83.72	5.73
78.6	142.91	83.34	5.73
78.8	141.85	82.96	5.72
79.0	140.71	82.69	5.72
79.2	139.54	82.57	5.72
79.4	138.42	82.72	5.72
79.6	137.39	83.21	5.72
79.8	136.41	83.72	5.71
80.0	135.48	84.14	5.71
80.2	134.43	83.86	5.71
80.4	133.5	83.45	5.71
80.6	132.85	83.19	5.7
80.8	132.75	83.72	5.7
81.0	133.17	84.86	5.71
81.2	133.91	86.05	5.71
81.4	134.89	86.76	5.72
81.6	136.04	86.93	5.72
81.8	137.31	87.05	5.73
82.0	138.64	87.49	5.74
82.2	139.95	88.3	5.74
82.4	141.22	89.15	5.75
82.6	142.37	89.96	5.75
82.8	143.36	90.59	5.76
83.0	144.2	90.91	5.77
83.2	144.88	90.58	5.77
83.4	145.39	89.66	5.78
83.6	145.69	88.42	5.78
83.8	145.74	87.05	5.79
84.0	145.55	85.62	5.8
84.2	145.2	84.19	5.8
84.4	144.73	82.91	5.81
84.6	144.21	81.92	5.81
84.8	143.62	80.99	5.82
85.0	143.0	80.03	5.83
85.2	142.39	78.59	5.83
85.4	141.77	77.15	5.84
85.6	141.12	75.94	5.84
85.8	140.39	75.44	5.85
86.0	139.59	75.72	5.86
86.2	138.89	76.24	5.86
86.4	138.37	76.79	5.87
86.6	138.2	76.82	5.87
86.8	138.29	76.94	5.87
87.0	138.64	77.29	5.87
87.2	139.39	78.38	5.88
87.4	140.35	79.73	5.88
87.6	141.46	81.22	5.88
87.8	142.61	82.65	5.88
88.0	143.79	84.0	5.88
88.2	144.98	85.21	5.88
88.4	146.19	86.14	5.88
88.6	147.32	86.81	5.88
88.8	148.28	87.19	5.88
89.0	148.86	87.06	5.88
89.2	149.21	86.69	5.89
89.4	149.34	86.19	5.89
89.6	149.37	85.79	5.89
89.8	149.24	85.48	5.89
90.0	148.89	85.27	5.89
90.2	148.21	85.28	5.89
90.4	147.2	85.54	5.89
90.6	146.07	85.8	5.89
90.8	144.97	85.92	5.89
91.0	144.17	85.56	5.89
91.2	143.39	85.1	5.9
91.4	142.57	84.65	5.9
91.6	141.36	84.33	5.9
91.8	140.11	84.18	5.9
92.0	139.12	84.25	5.9
92.2	138.83	84.76	5.9
92.4	139.18	85.63	5.9
92.6	139.88	86.61	5.9
92.8	140.82	87.56	5.91
93.0	141.89	88.41	5.91
93.2	142.98	89.09	5.91
93.4	143.92	89.27	5.92
93.6	144.67	89.14	5.92
93.8	145.22	89.16	5.92
94.0	145.44	90.16	5.92
94.2	145.41	91.68	5.93
94.4	145.23	93.06	5.93
94.6	145.14	93.38	5.93
94.8	144.99	92.98	5.93
95.0	144.63	92.13	5.94
95.2	143.72	90.71	5.94
95.4	142.5	89.1	5.94
95.6	141.24	87.75	5.94
95.8	140.2	87.44	5.95
96.0	139.46	88.01	5.95
96.2	139.06	89.01	5.95
96.4	139.29	90.23	5.95
96.6	140.01	91.56	5.96
96.8	140.91	92.92	5.96
97.0	141.75	94.17	5.96
97.2	142.5	95.24	5.97
97.4	143.14	96.08	5.97
97.6	143.62	96.56	5.97
97.8	143.87	96.67	5.97
98.0	143.81	96.4	5.98
98.2	143.08	95.38	5.98
98.4	142.07	94.14	5.98
98.6	140.96	92.95	5.98
98.8	140.02	92.33	5.99
99.0	139.26	92.11	5.99
99.2	138.77	92.31	5.99
99.4	138.94	93.21	5.99
99.6	139.39	94.47	6.0
99.8	139.99	95.93	6.0
100.0	140.55	97.61	6.0
100.2	141.09	99.1	6.01
100.4	141.51	100.06	6.01
100.6	141.67	99.83	6.01
100.8	141.7	99.23	6.01
101.0	141.62	98.59	6.02
101.2	141.46	98.27	6.02
101.4	141.17	98.09	6.02
101.6	140.69	98.21	6.02
101.8	140.01	98.7	6.03
102.0	139.29	99.14	6.03
102.2	138.72	99.08	6.03
102.4	138.33	98.4	6.03
102.6	137.88	97.69	6.04
102.8	137.1	97.52	6.04
103.0	135.98	97.91	6.04
103.2	134.74	98.22	6.05
103.4	133.5	97.71	6.05
103.6	132.33	96.42	6.05
103.8	131.29	95.23	6.05
104.0	130.45	95.02	6.06
104.2	129.87	95.77	6.06
104.4	129.62	96.75	6.06
104.6	129.86	97.29	6.07
104.8	130.52	97.6	6.08
105.0	131.44	98.15	6.09
105.2	132.49	99.87	6.1
105.4	133.63	101.79	6.11
105.6	134.81	103.19	6.12
105.8	135.87	102.75	6.13
106.0	136.94	101.91	6.14
106.2	138.08	101.38	6.15
106.4	139.31	101.66	6.16
106.6	140.52	102.25	6.17
106.8	141.67	103.26	6.18
107.0	142.69	104.49	6.19
107.2	143.47	105.35	6.2
107.4	143.77	104.84	6.21
107.6	143.65	103.22	6.22
107.8	143.31	101.29	6.23
108.0	142.95	99.81	6.24
108.2	142.57	98.75	6.25
108.4	142.08	97.8	6.26
108.6	141.47	96.75	6.27
108.8	140.72	95.63	6.28
109.0	139.87	94.67	6.29
109.2	138.87	94.06	6.3
109.4	137.67	93.99	6.31
109.6	136.54	94.17	6.32
109.8	135.63	94.53	6.33
110.0	135.24	94.93	6.34
110.2	135.15	95.41	6.34
110.4	135.36	95.95	6.35
110.6	135.97	96.47	6.35
110.8	136.77	97.03	6.35
111.0	137.67	97.63	6.36
111.2	138.44	98.38	6.36
111.4	139.21	99.11	6.36
111.6	140.01	99.72	6.37
111.8	140.87	99.88	6.37
112.0	141.78	100.02	6.37
112.2	142.73	100.37	6.37
112.4	143.74	101.34	6.38
112.6	144.79	102.34	6.38
112.8	145.94	103.07	6.38
113.0	147.25	103.2	6.38
113.2	148.43	103.16	6.39
113.4	149.24	103.2	6.39
113.6	149.48	103.47	6.39
113.8	149.47	103.61	6.4
114.0	149.36	103.35	6.4
114.2	149.31	102.42	6.4
114.4	149.12	101.37	6.4
114.6	148.74	100.41	6.41
114.8	147.8	100.21	6.41
115.0	146.82	100.18	6.41
115.2	145.98	100.21	6.42
115.4	145.8	99.89	6.42
115.6	146.04	99.48	6.42
115.8	146.48	99.22	6.42
116.0	146.95	99.47	6.43
116.2	147.38	100.21	6.43
116.4	147.82	101.11	6.43
116.6	148.24	101.98	6.44
116.8	148.62	102.72	6.44
117.0	148.91	103.34	6.44
117.2	149.04	103.81	6.45
117.4	148.98	104.08	6.45
117.6	148.79	104.14	6.45
117.8	148.5	103.9	6.46
118.0	148.12	103.29	6.46
118.2	147.69	102.59	6.46
118.4	147.24	101.94	6.47
118.6	146.91	101.88	6.47
118.8	146.52	101.78	6.47
119.0	146.0	101.48	6.48
119.2	145.15	100.21	6.48
119.4	144.08	98.48	6.48
119.6	142.93	96.82	6.49
119.8	141.76	95.8	6.49
120.0	140.64	95.72	6.49
120.2	139.58	95.98	6.5
120.4	138.62	96.43	6.5
120.6	137.71	96.67	6.5
120.8	137.08	97.07	6.5
121.0	136.83	97.7	6.51
121.2	137.31	98.71	6.51
121.4	138.26	100.0	6.51
121.6	139.59	101.53	6.51
121.8	141.34	103.56	6.51
122.0	143.25	105.58	6.51
122.2	145.1	107.27	6.51
122.4	146.59	108.07	6.51
122.6	147.9	108.51	6.51
122.8	149.03	108.77	6.51
123.0	149.99	109.02	6.51
123.2	150.68	109.11	6.51
123.4	151.01	108.97	6.51
123.6	150.95	108.61	6.51
123.8	150.66	108.14	6.51
124.0	150.22	107.63	6.51
124.2	149.68	107.11	6.51
124.4	149.03	106.56	6.52
124.6	148.25	105.94	6.52
124.8	147.37	105.25	6.52
125.0	146.39	104.56	6.52
125.2	145.3	103.89	6.52
125.4	144.02	103.26	6.52
125.6	142.75	102.72	6.52
125.8	141.57	102.3	6.52
126.0	140.58	101.96	6.52
126.2	139.86	101.85	6.52
126.4	139.5	102.08	6.52
126.6	139.8	103.1	6.52
126.8	140.57	104.56	6.52
127.0	141.54	106.05	6.52
127.2	142.47	106.94	6.53
127.4	143.36	107.49	6.53
127.6	144.26	108.0	6.53
127.8	145.13	108.87	6.53
128.0	145.96	109.8	6.53
128.2	146.75	110.59	6.53
128.4	147.46	110.71	6.53
128.6	148.11	110.71	6.53
128.8	148.68	110.85	6.53
129.0	149.22	111.89	6.53
129.2	149.63	112.96	6.54
129.4	149.86	113.79	6.54
129.6	149.81	113.58	6.54
129.8	149.55	113.06	6.54
130.0	149.1	112.41	6.54
130.2	148.46	112.14	6.54
130.4	147.65	111.83	6.54
130.6	146.69	111.44	6.54
130.8	145.32	110.5	6.54
131.0	143.95	109.54	6.54
131.2	142.81	108.8	6.55
131.4	142.42	108.85	6.55
131.6	142.56	109.44	6.55
131.8	143.09	110.35	6.55
132.0	143.95	111.52	6.55
132.2	145.07	112.81	6.55
132.4	146.34	114.06	6.55
132.6	147.62	115.01	6.55
132.8	148.91	115.71	6.55
133.0	150.21	116.22	6.55
133.2	151.61	116.46	6.55
133.4	152.91	116.56	6.55
133.6	153.96	116.64	6.55
133.8	154.44	117.04	6.55
134.0	154.66	117.28	6.55
134.2	154.75	117.1	6.55
134.4	154.89	115.93	6.56
134.6	154.89	114.53	6.56
134.8	154.66	113.18	6.56
135.0	153.99	112.69	6.56
135.2	153.12	112.34	6.56
135.4	152.12	111.98	6.56
135.6	151.21	111.11	6.56
135.8	150.28	110.01	6.56
136.0	149.27	108.93	6.56
136.2	147.97	108.07	6.56
136.4	146.26	107.63	6.56
136.6	144.7	107.42	6.56
136.8	143.54	107.46	6.56
137.0	143.55	107.78	6.56
137.2	144.1	108.32	6.56
137.4	145.0	109.05	6.56
137.6	146.05	110.0	6.56
137.8	147.21	111.04	6.56
138.0	148.43	112.04	6.56
138.2	149.59	112.73	6.56
138.4	150.69	113.25	6.56
138.6	151.75	113.75	6.56
138.8	152.79	114.6	6.56
139.0	153.72	115.41	6.56
139.2	154.46	115.93	6.56
139.4	154.85	115.51	6.56
139.6	154.97	114.7	6.56
139.8	154.84	113.75	6.56
140.0	154.42	113.18	6.56
140.2	153.79	112.71	6.56
140.4	152.99	112.19	6.56
140.6	152.13	111.36	6.56
140.8	151.22	110.25	6.56
141.0	150.23	109.12	6.56
141.2	149.15	108.09	6.56
141.4	148.01	107.59	6.56
141.6	146.78	107.22	6.56
141.8	145.47	106.91	6.56
142.0	143.93	106.4	6.56
142.2	142.18	105.62	6.55
142.4	140.59	105.04	6.55
142.6	139.35	104.86	6.55
142.8	138.96	105.91	6.55
143.0	139.06	107.34	6.56
143.2	139.59	108.82	6.56
143.4	140.58	109.73	6.56
143.6	141.86	110.31	6.56
143.8	143.28	110.81	6.56
144.0	144.57	111.39	6.56
144.2	145.77	112.04	6.57
144.4	146.91	112.71	6.57
144.6	148.02	113.42	6.57
144.8	149.04	114.14	6.57
145.0	149.94	114.85	6.58
145.2	150.65	115.62	6.58
145.4	151.2	116.29	6.58
145.6	151.61	116.76	6.58
145.8	151.86	116.75	6.59
146.0	151.98	116.48	6.59
146.2	152.02	116.0	6.59
146.4	152.08	115.28	6.59
146.6	152.09	114.46	6.59
146.8	151.98	113.66	6.6
147.0	151.66	113.14	6.6
147.2	151.1	113.03	6.6
147.4	150.4	112.94	6.6
147.6	149.6	112.78	6.61
147.8	148.65	111.96	6.61
148.0	147.69	111.03	6.61
148.2	146.85	110.19	6.61
148.4	146.21	109.71	6.61
148.6	145.88	109.73	6.62
148.8	145.9	110.15	6.62
149.0	146.4	111.03	6.62
149.2	147.76	112.72	6.62
149.4	149.43	114.63	6.62
149.6	151.23	116.57	6.62
149.8	152.87	118.23	6.62
150.0	154.41	119.56	6.62
150.2	155.76	120.43	6.62
150.4	156.77	120.3	6.62
150.6	157.52	119.82	6.62
150.8	157.99	119.26	6.62
151.0	158.08	119.18	6.62
151.2	157.94	119.13	6.62
151.4	157.63	119.02	6.62
151.6	157.32	118.61	6.62
151.8	156.9	118.06	6.62
152.0	156.38	117.4	6.62
152.2	155.73	116.58	6.62
152.4	154.96	115.67	6.62
152.6	154.11	114.74	6.62
152.8	153.2	113.82	6.62
153.0	152.28	113.1	6.62
153.2	151.31	112.46	6.62
153.4	150.27	111.89	6.62
153.6	149.13	111.37	6.62
153.8	147.73	110.88	6.62
154.0	146.32	110.44	6.62
154.2	144.95	110.06	6.62
154.4	143.64	109.67	6.62
154.6	142.45	109.27	6.62
154.8	141.62	109.07	6.62
155.0	141.27	109.18	6.62
155.2	142.0	109.9	6.62
155.4	143.2	110.97	6.62
155.6	144.7	112.32	6.62
155.8	146.18	114.11	6.62
156.0	147.72	115.96	6.62
156.2	149.32	117.61	6.62
156.4	151.01	118.46	6.62
156.6	152.66	118.91	6.62
156.8	154.14	119.11	6.62
157.0	155.25	119.26	6.62
157.2	156.12	119.33	6.62
157.4	156.76	119.38	6.62
157.6	157.24	119.62	6.62
157.8	157.49	119.78	6.62
158.0	157.52	119.73	6.62
158.2	157.18	119.1	6.62
158.4	156.64	118.18	6.62
158.6	155.99	117.08	6.62
158.8	155.43	115.9	6.62
159.0	155.01	114.72	6.62
159.2	154.54	113.59	6.62
159.4	153.96	112.57	6.62
159.6	153.08	111.91	6.62
159.8	151.98	111.51	6.62
160.0	150.79	111.25	6.62
160.2	149.55	111.06	6.62
160.4	148.12	110.62	6.62
160.6	146.83	110.28	6.62
160.8	145.85	110.19	6.62
161.0	145.54	110.73	6.62
161.2	146.02	111.98	6.62
161.4	146.84	113.22	6.62
161.6	147.84	114.03	6.62
161.8	148.8	113.75	6.62
162.0	149.79	113.25	6.62
162.2	150.71	112.8	6.62
162.4	151.43	112.91	6.62
162.6	152.08	113.13	6.62
162.8	152.71	113.35	6.63
163.0	153.38	113.4	6.63
163.2	153.98	113.47	6.63
163.4	154.44	113.64	6.63
163.6	154.71	114.15	6.63
163.8	154.79	114.6	6.63
164.0	154.69	114.82	6.63
164.2	154.31	114.23	6.63
164.4	153.77	113.38	6.63
164.6	153.08	112.38	6.63
164.8	152.32	111.52	6.63
165.0	151.48	110.76	6.63
165.2	150.56	110.05	6.63
165.4	149.56	109.4	6.63
165.6	148.51	108.86	6.63
165.8	147.39	108.39	6.63
166.0	146.2	108.0	6.63
166.2	144.76	107.6	6.64
166.4	143.14	107.23	6.64
166.6	141.72	107.07	6.64
166.8	140.69	107.23	6.64
167.0	140.51	108.07	6.64
167.2	140.84	109.16	6.64
167.4	141.65	110.4	6.64
167.6	143.04	111.56	6.64
167.8	144.8	112.72	6.64
168.0	146.81	113.89	6.64
168.2	148.87	115.07	6.64
168.4	150.97	116.23	6.64
168.6	153.06	117.34	6.65
168.8	155.1	118.47	6.65
169.0	156.97	119.42	6.65
169.2	158.57	120.07	6.65
169.4	159.79	120.28	6.65
169.6	160.6	120.05	6.65
169.8	160.82	119.21	6.65
170.0	160.18	117.44	6.65
170.2	159.19	115.4	6.66
170.4	158.06	113.37	6.66
170.6	157.51	112.36	6.66
170.8	157.15	111.81	6.66
171.0	156.78	111.48	6.66
171.2	156.32	111.27	6.66
171.4	155.39	110.79	6.66
171.6	154.2	110.21	6.66
171.8	152.92	109.65	6.66
172.0	151.58	109.12	6.67
172.2	150.43	108.82	6.67
172.4	149.36	108.63	6.67
172.6	148.25	108.38	6.67
172.8	147.06	107.99	6.67
173.0	145.4	106.88	6.67
173.2	143.54	105.41	6.67
173.4	141.9	104.23	6.67
173.6	140.7	103.63	6.67
173.8	140.56	104.9	6.67
174.0	141.0	106.71	6.67
174.2	141.98	108.72	6.67
174.4	143.59	110.11	6.67
174.6	145.6	111.24	6.67
174.8	147.75	112.51	6.67
175.0	149.75	114.66	6.67
175.2	151.54	117.2	6.67
175.4	153.18	119.32	6.67
175.6	154.65	119.79	6.67
175.8	155.87	119.2	6.67
176.0	156.78	118.22	6.67
176.2	157.18	117.61	6.67
176.4	157.19	117.17	6.67
176.6	156.94	116.79	6.67
176.8	156.51	116.65	6.67
177.0	155.96	116.55	6.67
177.2	155.3	116.31	6.67
177.4	154.65	115.56	6.67
177.6	154.11	114.01	6.67
177.8	153.5	112.32	6.67
178.0	152.79	110.7	6.67
178.2	151.87	109.72	6.67
178.4	150.73	109.36	6.67
178.6	149.47	109.2	6.67
178.8	148.1	109.17	6.67
179.0	146.4	108.84	6.67
179.2	144.73	108.55	6.67
179.4	143.3	108.42	6.67
179.6	142.46	108.61	6.67
179.8	142.44	109.24	6.67
180.0	142.85	110.13	6.67
180.2	143.64	111.26	6.67
180.4	144.8	112.76	6.67
180.6	146.14	114.32	6.67
180.8	147.55	115.79	6.67
181.0	148.65	116.78	6.67
181.2	149.76	117.56	6.67
181.4	150.99	118.24	6.67
181.6	152.7	118.93	6.67
181.8	154.49	119.59	6.68
182.0	156.24	120.22	6.68
182.2	157.7	121.02	6.68
182.4	158.92	121.65	6.68
182.6	159.83	121.89	6.68
182.8	160.29	121.32	6.68
183.0	160.43	120.43	6.68
183.2	160.3	119.39	6.68
183.4	159.92	118.56	6.68
183.6	159.34	117.79	6.68
183.8	158.62	117.09	6.68
184.0	157.83	116.53	6.68
184.2	157.05	116.2	6.68
184.4	156.19	115.93	6.68
184.6	155.24	115.68	6.68
184.8	154.02	115.26	6.68
185.0	152.49	114.61	6.68
185.2	151.08	114.06	6.68
185.4	149.95	113.7	6.68
185.6	149.66	113.99	6.68
185.8	149.98	114.69	6.68
186.0	150.57	115.43	6.69
186.2	151.29	115.96	6.69
186.4	151.98	115.98	6.69
186.6	152.62	115.86	6.69
186.8	153.12	115.67	6.7
187.0	153.27	115.69	6.7
187.2	153.22	115.63	6.7
187.4	152.99	115.45	6.7
187.6	152.5	114.82	6.7
187.8	151.9	114.04	6.71
188.0	151.3	113.27	6.71
188.2	150.97	112.83	6.71
188.4	150.84	112.68	6.71
188.6	150.72	112.59	6.72
188.8	150.46	112.42	6.72
189.0	149.84	111.97	6.72
189.2	149.13	111.46	6.72
189.4	148.38	110.95	6.73
189.6	147.81	110.54	6.73
189.8	147.28	110.21	6.73
190.0	146.68	109.9	6.73
190.2	145.84	109.6	6.74
190.4	144.49	109.24	6.74
190.6	143.2	108.96	6.74
190.8	142.17	108.8	6.74
191.0	141.87	108.83	6.74
191.2	142.12	109.08	6.74
191.4	142.85	109.61	6.74
191.6	144.18	110.66	6.74
191.8	145.99	112.1	6.74
192.0	147.97	113.61	6.74
192.2	149.85	114.81	6.74
192.4	151.56	115.7	6.74
192.6	153.15	116.56	6.74
192.8	154.63	117.73	6.74
193.0	155.94	118.96	6.74
193.2	156.98	119.88	6.74
193.4	157.63	119.85	6.74
193.6	157.95	119.24	6.74
193.8	157.96	118.31	6.74
194.0	157.66	117.33	6.74
194.2	157.11	116.3	6.74
194.4	156.38	115.25	6.74
194.6	155.61	114.3	6.74
194.8	154.79	113.47	6.74
195.0	153.89	112.72	6.74
195.2	152.89	112.07	6.73
195.4	151.72	111.61	6.73
195.6	150.45	111.24	6.73
195.8	149.12	110.93	6.73
196.0	147.77	110.63	6.73
196.2	146.43	110.22	6.73
196.4	145.12	109.77	6.73
196.6	143.86	109.32	6.73
196.8	142.66	108.88	6.73
197.0	141.34	108.31	6.73
197.2	140.19	107.83	6.73
197.4	139.39	107.57	6.73
197.6	139.18	107.74	6.73
197.8	139.87	108.58	6.73
198.0	140.94	109.65	6.73
198.2	142.25	110.82	6.73
198.4	143.56	111.82	6.73
198.6	144.96	112.79	6.73
198.8	146.39	113.7	6.73
199.0	147.82	114.47	6.73
199.2	149.23	115.17	6.73
199.4	150.58	115.83	6.73
199.6	151.85	116.47	6.73
199.8	153.02	117.11	6.73
200.0	154.04	117.77	6.74
200.2	154.91	118.73	6.74
200.4	155.57	119.61	6.74
200.6	156.01	120.21	6.74
200.8	156.07	119.89	6.74
201.0	155.86	119.06	6.74
201.2	155.46	118.02	6.74
201.4	154.99	117.1	6.74
201.6	154.51	116.51	6.74
201.8	153.88	115.95	6.74
202.0	153.08	115.38	6.74
202.2	151.83	114.48	6.74
202.4	150.34	113.5	6.74
202.6	148.91	112.71	6.74
202.8	147.67	112.25	6.74
203.0	147.04	112.95	6.74
203.2	146.74	113.86	6.75
203.4	146.78	114.77	6.75
203.6	147.27	115.04	6.75
203.8	148.13	114.8	6.75
204.0	149.11	114.6	6.75
204.2	150.02	114.93	6.75
204.4	150.74	115.98	6.76
204.6	151.34	117.05	6.76
204.8	151.79	117.76	6.76
205.0	152.04	117.76	6.76
205.2	152.13	117.5	6.76
205.4	152.07	117.1	6.77
205.6	151.83	116.69	6.77
205.8	151.49	116.2	6.77
206.0	151.1	115.64	6.77
206.2	150.73	115.02	6.77
206.4	150.28	114.36	6.78
206.6	149.72	113.67	6.78
206.8	148.9	112.89	6.78
207.0	147.98	112.15	6.78
207.2	147.05	111.51	6.78
207.4	146.28	111.19	6.79
207.6	145.73	111.23	6.79
207.8	145.16	111.28	6.79
208.0	144.51	111.22	6.79
208.2	143.47	110.46	6.79
208.4	142.27	109.48	6.8
208.6	141.04	108.5	6.8
208.8	139.88	107.78	6.8
209.0	138.85	107.45	6.8
209.2	137.96	107.3	6.8
209.4	137.24	107.3	6.8
209.6	136.53	107.22	6.81
209.8	136.23	107.4	6.81
210.0	136.53	107.95	6.81
210.2	138.09	109.22	6.81
210.4	140.3	110.91	6.81
210.6	142.9	112.86	6.81
210.8	145.57	115.09	6.81
211.0	148.29	117.27	6.8
211.2	150.94	119.17	6.8
211.4	153.36	120.47	6.8
211.6	155.53	121.25	6.8
211.8	157.32	121.34	6.8
212.0	158.67	120.65	6.8
212.2	159.6	119.57	6.8
212.4	159.95	118.28	6.79
212.6	159.79	116.94	6.79
212.8	159.33	115.7	6.79
213.0	158.84	114.92	6.79
213.2	158.48	114.87	6.79
213.4	158.01	114.97	6.79
213.6	157.37	115.05	6.78
213.8	156.39	114.54	6.78
214.0	155.1	113.54	6.78
214.2	153.67	112.38	6.78
214.4	152.16	111.16	6.78
214.6	150.75	110.09	6.78
214.8	149.39	109.15	6.77
215.0	147.99	108.28	6.77
215.2	146.54	107.5	6.77
215.4	144.6	106.61	6.77
215.6	142.59	105.85	6.77
215.8	140.95	105.42	6.77
216.0	139.93	105.49	6.77
216.2	140.44	106.64	6.77
216.4	141.61	108.24	6.77
216.6	143.31	110.17	6.77
216.8	145.43	112.35	6.77
217.0	147.79	114.59	6.77
217.2	150.24	116.69	6.77
217.4	152.6	118.27	6.77
217.6	154.75	119.43	6.77
217.8	156.56	120.3	6.77
218.0	157.73	121.09	6.78
218.2	158.37	121.63	6.78
218.4	158.58	121.75	6.78
218.6	158.33	120.87	6.78
218.8	157.77	119.39	6.78
219.0	157.08	117.83	6.78
219.2	156.53	116.83	6.79
219.4	156.41	117.01	6.79
219.6	156.3	117.47	6.79
219.8	156.1	118.01	6.79
220.0	155.63	118.29	6.79
220.2	154.71	118.01	6.79
220.4	153.6	117.53	6.79
220.6	152.34	116.84	6.8
220.8	150.83	115.77	6.8
221.0	149.14	114.38	6.8
221.2	147.58	113.07	6.8
221.4	146.3	112.01	6.8
221.6	145.69	111.72	6.8
221.8	145.64	112.02	6.8
222.0	146.04	112.66	6.8
222.2	146.98	113.61	6.8
222.4	148.54	114.8	6.81
222.6	150.26	116.14	6.81
222.8	151.9	117.54	6.81
223.0	152.98	119.06	6.81
223.2	153.83	120.36	6.81
223.4	154.45	121.22	6.81
223.6	154.78	120.84	6.81
223.8	154.94	120.05	6.81
224.0	154.98	119.14	6.81
224.2	155.07	118.88	6.82
224.4	155.09	118.76	6.82
224.6	155.0	118.57	6.82
224.8	154.68	117.88	6.82
225.0	154.16	116.78	6.82
225.2	153.56	115.64	6.82
225.4	152.94	114.66	6.82
225.6	152.46	114.38	6.82
225.8	151.96	114.26	6.82
226.0	151.41	114.21	6.82
226.2	150.62	113.89	6.83
226.4	149.61	113.29	6.83
226.6	148.75	112.85	6.83
226.8	148.22	112.75	6.83
227.0	148.6	113.62	6.83
227.2	149.3	114.8	6.83
227.4	150.17	116.12	6.83
227.6	150.98	117.46	6.83
227.8	151.75	118.64	6.83
228.0	152.43	119.5	6.83
228.2	153.01	119.56	6.84
228.4	153.4	118.99	6.84
228.6	153.5	118.12	6.84
228.8	153.07	117.13	6.84
229.0	152.13	116.13	6.84
229.2	150.96	115.25	6.84
229.4	149.73	114.69	6.84
229.6	148.58	114.74	6.84
229.8	147.53	114.97	6.84
230.0	146.67	115.27	6.85
230.2	146.17	115.21	6.85
230.4	145.98	115.12	6.85
230.6	146.1	115.2	6.85
230.8	146.79	115.86	6.85
231.0	147.85	116.92	6.84
231.2	148.9	117.96	6.84
231.4	149.53	118.53	6.83
231.6	149.65	118.57	6.82
231.8	149.56	118.4	6.81
232.0	149.36	118.15	6.8
232.2	149.09	117.88	6.79
232.4	148.77	117.58	6.78
232.6	148.43	117.32	6.77
232.8	148.14	117.15	6.77
233.0	147.82	117.0	6.76
233.2	147.44	116.84	6.75
233.4	146.97	116.66	6.74
233.6	146.42	116.45	6.73
233.8	145.78	116.2	6.72
234.0	145.02	115.92	6.71
234.2	144.13	115.58	6.7
234.4	143.18	115.15	6.69
234.6	142.18	114.58	6.68
234.8	141.09	113.51	6.67
235.0	140.04	112.47	6.67
235.2	139.11	111.62	6.66
235.4	138.23	111.24	6.65
235.6	137.6	111.41	6.64
235.8	137.48	112.14	6.63
236.0	138.4	113.94	6.62
236.2	140.32	116.62	6.61
236.4	142.64	119.25	6.6
236.6	144.99	120.76	6.59
236.8	147.19	121.12	6.59
237.0	149.21	121.24	6.58
237.2	150.86	121.93	6.57
237.4	152.1	122.97	6.56
237.6	152.9	123.75	6.55
237.8	153.09	123.57	6.55
238.0	152.77	122.71	6.54
238.2	152.03	121.4	6.53
238.4	150.79	119.68	6.52
238.6	149.25	117.76	6.52
238.8	147.62	115.84	6.51
239.0	146.21	114.27	6.5
239.2	145.37	113.47	6.49
239.4	144.67	112.91	6.48
239.6	144.05	112.52	6.48
239.8	143.39	112.15	6.47
240.0	142.5	111.57	6.46
240.2	141.59	111.01	6.45
240.4	140.69	110.48	6.45
240.6	139.84	110.04	6.44
240.8	139.11	109.77	6.43
241.0	138.4	109.5	6.42
241.2	137.67	109.17	6.41
241.4	136.85	108.68	6.41
241.6	135.9	107.95	6.4
241.8	134.95	107.16	6.39
242.0	134.06	106.36	6.38
242.2	133.21	105.51	6.38
242.4	132.51	104.76	6.37
242.6	132.02	104.22	6.36
242.8	131.78	103.99	6.35
243.0	131.86	104.16	6.34
243.2	132.36	104.74	6.34
243.4	133.43	105.85	6.33
243.6	135.38	107.82	6.32
243.8	137.71	109.98	6.32
244.0	140.25	112.07	6.31
244.2	142.81	113.67	6.31
244.4	145.31	114.89	6.3
244.6	147.69	115.65	6.3
244.8	149.99	115.88	6.3
245.0	151.55	115.4	6.3
245.2	151.6	113.85	6.29
245.4	149.31	110.83	6.29
245.6	146.3	107.38	6.29
245.8	143.43	104.16	6.29
246.0	142.93	102.78	6.28
246.2	143.04	101.97	6.28
246.4	143.57	101.58	6.28
246.6	144.28	101.45	6.27
246.8	144.81	101.31	6.27
247.0	144.62	100.83	6.27
247.2	144.27	100.33	6.27
247.4	143.75	99.8	6.26
247.6	143.05	99.21	6.26
247.8	142.04	98.38	6.26
248.0	140.85	97.48	6.25
248.2	139.58	96.59	6.25
248.4	138.28	95.76	6.25
248.6	136.91	95.04	6.25
248.8	135.61	94.48	6.24
249.0	134.5	94.11	6.24
249.2	133.65	94.0	6.24
249.4	133.23	94.26	6.24
249.6	133.22	94.84	6.23
249.8	133.66	95.72	6.23
250.0	134.72	96.97	6.23
250.2	136.42	98.59	6.22
250.4	138.48	100.43	6.22
250.6	140.8	102.48	6.22
250.8	143.34	104.84	6.22
251.0	145.82	106.95	6.22
251.2	148.05	108.45	6.21
251.4	149.64	108.54	6.21
251.6	150.86	108.04	6.21
251.8	151.73	107.18	6.21
252.0	152.22	106.46	6.21
252.2	152.4	105.59	6.2
252.4	152.31	104.55	6.2
252.6	151.98	103.2	6.2
252.8	151.44	101.63	6.2
253.0	150.76	100.04	6.2
253.2	149.97	98.54	6.19
253.4	149.23	97.5	6.19
253.6	148.5	96.79	6.19
253.8	147.71	96.27	6.19
254.0	146.84	95.89	6.19
254.2	145.88	95.7	6.18
254.4	144.81	95.61	6.18
254.6	143.64	95.5	6.18
254.8	142.37	95.29	6.18
255.0	140.73	94.61	6.18
255.2	138.93	93.62	6.17
255.4	137.33	92.67	6.17
255.6	136.11	91.91	6.17
255.8	135.91	91.64	6.17
256.0	136.26	91.78	6.17
256.2	137.02	92.35	6.16
256.4	138.14	93.67	6.16
256.6	139.52	95.59	6.16
256.8	140.98	97.58	6.15
257.0	142.31	99.24	6.15
257.2	143.38	100.3	6.15
257.4	144.37	100.97	6.14
257.6	145.38	101.16	6.14
257.8	146.44	100.84	6.14
258.0	147.32	100.29	6.13
258.2	147.78	99.71	6.13
258.4	147.69	99.25	6.13
258.6	147.36	98.85	6.12
258.8	146.98	98.65	6.12
259.0	146.74	98.81	6.12
259.2	146.46	98.93	6.11
259.4	146.09	98.88	6.11
259.6	145.58	98.02	6.11
259.8	144.95	96.74	6.1
260.0	144.17	95.36	6.1
260.2	143.22	94.09	6.1
260.4	141.99	93.43	6.09
260.6	140.66	92.87	6.09
260.8	139.26	92.37	6.09
261.0	137.88	91.64	6.08
261.2	136.55	90.73	6.08
261.4	135.28	89.92	6.08
261.6	134.09	89.32	6.08
261.8	132.82	89.31	6.07
262.0	131.77	89.6	6.07
262.2	131.12	90.1	6.06
262.4	131.27	90.7	6.06
262.6	132.18	91.38	6.06
262.8	133.41	92.19	6.06
263.0	134.72	93.19	6.05
263.2	135.93	94.39	6.05
263.4	137.14	95.62	6.05
263.6	138.32	96.83	6.05
263.8	139.46	97.94	6.05
264.0	140.44	98.81	6.05
264.2	141.17	99.14	6.05
264.4	141.58	98.83	6.05
264.6	141.73	98.3	6.05
264.8	141.6	97.93	6.05
265.0	141.2	97.9	6.05
265.2	140.55	97.66	6.04
265.4	139.64	96.8	6.04
265.6	138.44	94.79	6.04
265.8	137.12	92.5	6.04
266.0	135.77	90.23	6.04
266.2	134.66	88.77	6.04
266.4	133.66	87.8	6.04
266.6	132.7	87.13	6.04
266.8	131.74	86.7	6.04
267.0	130.71	86.56	6.04
267.2	129.64	86.53	6.04
267.4	128.54	86.5	6.03
267.6	127.29	86.22	6.03
267.8	125.79	85.46	6.03
268.0	124.46	84.78	6.03
268.2	123.48	84.34	6.03
268.4	123.25	84.44	6.03
268.6	123.58	85.04	6.03
268.8	124.41	86.13	6.03
269.0	125.87	88.16	6.03
269.2	127.77	90.71	6.02
269.4	129.91	93.23	6.02
269.6	132.02	94.97	6.02
269.8	134.08	96.05	6.02
270.0	136.1	96.84	6.01
270.2	138.06	97.57	6.01
270.4	139.88	98.19	6.01
270.6	141.42	98.63	6.0
270.8	142.46	99.02	6.0
271.0	143.15	99.12	6.0
271.2	143.56	98.76	6.0
271.4	143.72	97.21	5.99
271.6	143.68	95.32	5.99
271.8	143.5	93.37	5.99
272.0	143.27	92.16	5.98
272.2	142.97	91.38	5.98
272.4	142.6	90.86	5.98
272.6	142.17	90.57	5.98
272.8	141.74	90.71	5.97
273.0	141.25	90.88	5.97
273.2	140.67	90.92	5.97
273.4	139.98	90.58	5.96
273.6	139.11	89.06	5.96
273.8	138.14	87.42	5.96
274.0	137.1	85.9	5.95
274.2	135.86	85.0	5.95
274.4	134.48	84.93	5.95
274.6	133.26	85.2	5.95
274.8	132.36	85.73	5.94
275.0	132.24	86.38	5.94
275.2	132.55	87.14	5.94
275.4	133.2	87.97	5.94
275.6	134.26	88.82	5.94
275.8	135.51	89.63	5.94
276.0	136.78	90.32	5.95
276.2	137.75	90.65	5.95
276.4	138.49	90.82	5.95
276.6	139.07	91.04	5.95
276.8	139.54	91.92	5.96
277.0	139.86	92.95	5.96
277.2	140.0	93.66	5.96
277.4	139.8	93.1	5.96
277.6	139.44	91.93	5.97
277.8	139.01	90.49	5.97
278.0	138.79	89.33	5.97
278.2	138.64	88.33	5.97
278.4	138.43	87.39	5.98
278.6	138.03	86.53	5.98
278.8	137.33	85.76	5.98
279.0	136.51	85.03	5.98
279.2	135.6	84.32	5.99
279.4	134.69	83.53	5.99
279.6	133.73	82.75	5.99
279.8	132.73	82.03	5.99
280.0	131.68	81.45	6.0
280.2	130.6	81.08	6.0
280.4	129.47	80.78	6.0
280.6	128.32	80.52	6.0
280.8	126.93	80.13	6.01
281.0	125.57	79.75	6.01
281.2	124.46	79.46	6.01
281.4	123.83	79.25	6.01
281.6	123.79	79.2	6.01
281.8	124.21	79.56	6.02
282.0	125.2	80.73	6.02
282.2	126.79	82.92	6.02
282.4	128.57	85.36	6.01
282.6	130.17	87.65	6.01
282.8	131.39	89.47	6.01
283.0	132.51	90.9	6.01
283.2	133.67	91.59	6.0
283.4	134.87	91.56	6.0
283.6	135.97	91.35	6.0
283.8	136.88	91.59	5.99
284.0	137.53	92.21	5.99
284.2	137.93	92.61	5.99
284.4	137.92	92.08	5.99
284.6	137.58	90.77	5.98
284.8	137.01	89.19	5.98
285.0	136.28	87.72	5.98
285.2	135.46	86.49	5.98
285.4	134.53	85.33	5.97
285.6	133.55	84.25	5.97
285.8	132.58	83.27	5.97
286.0	131.59	82.39	5.96
286.2	130.59	81.62	5.96
286.4	129.58	81.03	5.96
286.6	128.57	80.68	5.96
286.8	127.58	80.36	5.95
287.0	126.63	80.0	5.95
287.2	125.76	79.25	5.95
287.4	124.96	78.25	5.95
287.6	124.16	77.37	5.94
287.8	123.32	76.77	5.94
