0.2	99.86	55.4	4.91
0.4	99.11	54.95	4.91
0.6	98.61	54.77	4.92
0.8	98.35	54.82	4.92
1.0	98.3	55.05	4.92
1.2	98.41	55.42	4.92
1.4	98.68	55.9	4.93
1.6	99.05	56.45	4.93
1.8	99.52	57.02	4.94
2.0	100.04	57.57	4.94
2.2	100.55	57.97	4.94
2.4	101.01	58.09	4.95
2.6	101.45	58.16	4.95
2.8	101.89	58.22	4.96
3.0	102.31	58.32	4.96
3.2	102.64	58.54	4.96
3.4	102.78	59.02	4.97
3.6	102.95	59.57	4.97
3.8	103.22	60.17	4.97
4.0	103.65	60.8	4.98
4.2	104.46	61.5	4.98
4.4	105.9	62.28	4.98
4.6	107.41	62.98	4.99
4.8	108.86	63.53	4.99
5.0	110.14	63.87	5.0
5.2	110.68	63.53	5.0
5.4	110.78	62.83	5.0
5.6	110.65	62.0	5.01
5.8	110.32	61.11	5.01
6.0	109.85	60.26	5.01
6.2	109.21	59.89	5.02
6.4	108.54	59.62	5.02
6.6	107.92	59.44	5.02
6.8	107.41	59.34	5.02
7.0	107.3	59.33	5.01
7.2	107.64	59.4	5.01
7.4	108.1	59.46	5.0
7.6	108.57	59.48	4.98
7.8	109.0	59.42	4.97
8.0	108.97	58.99	4.96
8.2	108.81	58.45	4.95
8.4	108.53	57.86	4.94
8.6	108.15	57.26	4.92
8.8	107.67	56.7	4.91
9.0	107.0	56.25	4.9
9.2	106.33	55.89	4.88
9.4	105.71	55.63	4.87
9.6	105.2	55.48	4.86
9.8	105.02	55.6	4.86
10.0	105.25	55.99	4.86
10.2	105.59	56.45	4.86
10.4	105.98	56.93	4.87
10.6	106.37	57.36	4.88
10.8	106.47	57.37	4.88
11.0	106.48	57.26	4.88
11.2	106.43	57.11	4.89
11.4	106.34	56.96	4.89
11.6	106.23	56.86	4.89
11.8	105.92	57.04	4.89
12.0	105.66	57.3	4.9
12.2	105.51	57.63	4.9
12.4	105.54	58.01	4.9
12.6	105.99	58.5	4.91
12.8	107.09	59.15	4.91
13.0	108.3	59.72	4.91
13.2	109.51	60.16	4.92
13.4	110.61	60.37	4.92
13.6	111.04	59.78	4.93
13.8	111.15	58.85	4.93
14.0	111.08	57.79	4.93
14.2	110.86	56.68	4.94
14.4	110.52	55.69	4.94
14.6	110.05	55.14	4.94
14.8	109.58	54.74	4.94
15.0	109.17	54.5	4.94
15.2	108.89	54.43	4.94
15.4	109.09	54.68	4.94
15.6	109.66	55.17	4.93
15.8	110.32	55.71	4.93
16.0	110.97	56.2	4.93
16.2	111.52	56.55	4.92
16.4	111.55	56.25	4.92
16.6	111.41	55.79	4.91
16.8	111.13	55.22	4.91
17.0	110.71	54.59	4.9
17.2	110.14	53.96	4.9
17.4	109.25	53.37	4.9
17.6	108.34	52.88	4.89
17.8	107.51	52.53	4.89
18.0	106.83	52.39	4.89
18.2	106.5	52.61	4.89
18.4	106.95	53.64	4.9
18.6	107.6	54.8	4.91
18.8	108.39	55.98	4.92
19.0	109.24	57.06	4.94
19.2	110.0	57.65	4.95
19.4	110.62	57.67	4.96
19.6	111.15	57.5	4.97
19.8	111.58	57.18	4.98
20.0	111.87	56.78	4.99
20.2	111.92	56.38	5.01
20.4	111.84	55.97	5.02
20.6	111.64	55.57	5.03
20.8	111.32	55.24	5.04
21.0	110.74	55.07	5.06
21.2	110.14	54.99	5.07
21.4	109.6	54.98	5.08
21.6	109.19	55.06	5.09
21.8	109.42	55.34	5.11
22.0	109.91	55.69	5.12
22.2	110.48	56.02	5.13
22.4	111.01	56.27	5.14
22.6	111.3	56.26	5.15
22.8	111.08	55.79	5.16
23.0	110.73	55.24	5.17
23.2	110.3	54.7	5.18
23.4	109.83	54.24	5.19
23.6	109.38	54.2	5.19
23.8	108.98	54.4	5.19
24.0	108.7	54.74	5.19
24.2	108.58	55.18	5.19
24.4	108.83	55.71	5.19
24.6	109.57	56.33	5.18
24.8	110.43	56.93	5.17
25.0	111.33	57.48	5.17
25.2	112.18	57.93	5.16
25.4	112.59	57.95	5.16
25.6	112.83	57.82	5.15
25.8	112.91	57.59	5.14
26.0	112.85	57.29	5.14
26.2	112.61	56.98	5.13
26.4	112.09	56.74	5.12
26.6	111.48	56.52	5.12
26.8	110.84	56.32	5.11
27.0	110.21	56.16	5.11
27.2	109.82	56.09	5.1
27.4	109.64	56.11	5.1
27.6	109.49	56.15	5.1
27.8	109.35	56.18	5.1
28.0	109.18	56.17	5.1
28.2	108.76	55.96	5.09
28.4	108.28	55.71	5.09
28.6	107.75	55.45	5.09
28.8	107.17	55.2	5.09
29.0	106.57	54.97	5.09
29.2	105.81	54.86	5.09
29.4	105.09	54.8	5.09
29.6	104.43	54.8	5.08
29.8	103.9	54.87	5.08
30.0	103.62	55.07	5.08
30.2	103.8	55.51	5.07
30.4	104.09	55.94	5.07
30.6	104.44	56.32	5.06
30.8	104.78	56.58	5.05
31.0	104.86	56.31	5.05
31.2	104.81	55.82	5.04
31.4	104.7	55.26	5.03
31.6	104.56	54.71	5.03
31.8	104.37	54.29	5.02
32.0	104.09	54.22	5.01
32.2	103.85	54.28	5.01
32.4	103.71	54.5	5.01
32.6	103.73	54.86	5.01
32.8	104.19	55.55	5.01
33.0	104.94	56.41	5.02
33.2	105.78	57.28	5.03
33.4	106.65	58.07	5.04
33.6	107.4	58.54	5.05
33.8	107.95	58.55	5.05
34.0	108.4	58.41	5.06
34.2	108.74	58.16	5.07
34.4	108.98	57.85	5.08
34.6	109.01	57.59	5.09
34.8	108.93	57.37	5.1
35.0	108.8	57.18	5.1
35.2	108.63	57.05	5.11
35.4	108.44	57.06	5.12
35.6	108.26	57.21	5.13
35.8	108.14	57.46	5.14
36.0	108.13	57.78	5.15
36.2	108.25	58.17	5.15
36.4	108.88	58.74	5.16
36.6	109.65	59.34	5.17
36.8	110.46	59.89	5.18
37.0	111.23	60.35	5.19
37.2	111.76	60.55	5.19
37.4	111.98	60.44	5.2
37.6	112.07	60.18	5.21
37.8	112.01	59.81	5.22
38.0	111.83	59.35	5.23
38.2	111.32	58.7	5.24
38.4	110.76	58.04	5.25
38.6	110.22	57.43	5.25
38.8	109.79	56.94	5.25
39.0	109.78	56.85	5.23
39.2	110.19	57.16	5.18
39.4	110.69	57.55	5.13
39.6	111.2	57.95	5.07
39.8	111.61	58.25	5.0
40.0	111.55	58.05	4.92
40.2	111.38	57.74	4.83
40.4	111.13	57.37	4.73
40.6	110.84	56.95	4.64
40.8	110.59	56.57	4.55
41.0	110.39	56.25	4.46
41.2	110.21	55.98	4.37
41.4	110.04	55.78	4.28
41.6	109.88	55.68	4.19
41.8	109.75	55.83	4.1
42.0	109.64	56.06	4.01
42.2	109.57	56.35	3.92
42.4	109.52	56.68	3.83
42.6	109.55	57.01	3.74
42.8	109.62	57.32	3.65
43.0	109.72	57.6	3.56
43.2	109.84	57.83	3.47
43.4	109.95	57.95	3.38
43.6	110.03	57.83	3.29
43.8	110.11	57.68	3.2
44.0	110.19	57.54	3.11
44.2	110.27	57.46	3.02
44.4	110.39	57.66	2.92
44.6	110.52	57.98	2.82
44.8	110.64	58.36	2.73
45.0	110.76	58.77	2.65
45.2	110.85	59.13	2.58
45.4	110.89	59.41	2.53
45.6	110.95	59.7	2.5
45.8	111.03	59.99	2.5
46.0	111.17	60.3	2.54
46.2	111.48	60.73	2.64
46.4	111.83	61.16	2.78
46.6	112.21	61.59	2.94
46.8	112.58	61.98	3.1
47.0	112.88	62.2	3.25
47.2	113.13	62.34	3.39
47.4	113.37	62.48	3.53
47.6	113.6	62.64	3.67
47.8	113.83	62.95	3.82
48.0	114.06	63.45	3.97
48.2	114.31	63.99	4.13
48.4	114.6	64.55	4.28
48.6	114.98	65.07	4.44
48.8	115.56	65.49	4.6
49.0	116.14	65.86	4.75
49.2	116.65	66.19	4.9
49.4	117.03	66.48	5.04
49.6	116.92	66.69	5.17
49.8	116.6	66.85	5.29
50.0	116.19	67.0	5.4
50.2	115.75	67.15	5.49
50.4	115.42	67.34	5.54
50.6	115.3	67.6	5.56
50.8	115.25	67.88	5.56
51.0	115.24	68.15	5.55
51.2	115.29	68.42	5.53
51.4	115.53	68.68	5.53
51.6	115.76	68.9	5.52
51.8	115.94	69.08	5.52
52.0	115.99	69.21	5.51
52.2	115.7	69.22	5.51
52.4	115.01	69.09	5.51
52.6	114.23	68.94	5.5
52.8	113.42	68.79	5.5
53.0	112.66	68.67	5.5
53.2	112.22	68.66	5.49
53.4	111.89	68.73	5.49
53.6	111.66	68.86	5.49
53.8	111.51	69.08	5.48
54.0	111.52	69.51	5.48
54.2	111.63	70.06	5.48
54.4	111.76	70.63	5.47
54.6	111.89	71.17	5.47
54.8	111.94	71.62	5.47
55.0	111.7	71.72	5.46
55.2	111.44	71.76	5.46
55.4	111.22	71.79	5.45
55.6	111.08	71.85	5.45
55.8	111.32	72.18	5.45
56.0	111.79	72.66	5.44
56.2	112.31	73.14	5.44
56.4	112.79	73.58	5.44
56.6	113.11	73.86	5.43
56.8	113.11	73.89	5.43
57.0	112.98	73.8	5.43
57.2	112.75	73.59	5.42
57.4	112.41	73.27	5.42
57.6	111.82	72.73	5.42
57.8	111.18	72.11	5.41
58.0	110.59	71.5	5.41
58.2	110.11	70.96	5.41
58.4	110.05	70.7	5.4
58.6	110.46	70.79	5.4
58.8	110.99	70.94	5.4
59.0	111.56	71.09	5.39
59.2	112.09	71.17	5.39
59.4	112.2	70.85	5.39
59.6	112.17	70.39	5.38
59.8	112.05	69.83	5.38
60.0	111.85	69.21	5.37
60.2	111.56	68.5	5.37
60.4	111.12	67.68	5.37
60.6	110.76	66.93	5.36
60.8	110.53	66.3	5.36
61.0	110.51	65.86	5.36
61.2	111.29	66.19	5.35
61.4	112.25	66.66	5.35
61.6	113.3	67.15	5.35
61.8	114.35	67.56	5.34
62.0	115.1	67.39	5.34
62.2	115.62	66.85	5.34
62.4	115.99	66.18	5.33
62.6	116.2	65.44	5.33
62.8	116.18	64.75	5.33
63.0	115.86	64.21	5.32
63.2	115.48	63.73	5.32
63.4	115.08	63.32	5.32
63.6	114.76	63.02	5.31
63.8	114.87	62.96	5.31
64.0	115.03	62.96	5.31
64.2	115.2	62.99	5.3
64.4	115.33	63.0	5.3
64.6	115.23	62.79	5.3
64.8	115.0	62.5	5.29
65.0	114.68	62.2	5.29
65.2	114.27	61.89	5.29
65.4	113.76	61.65	5.28
65.6	113.13	61.54	5.28
65.8	112.45	61.44	5.28
66.0	111.75	61.35	5.27
66.2	111.04	61.25	5.27
66.4	110.37	61.02	5.28
66.6	109.75	60.75	5.28
66.8	109.2	60.5	5.28
67.0	108.72	60.3	5.29
67.2	108.44	60.25	5.3
67.4	108.39	60.41	5.3
67.6	108.41	60.62	5.3
67.8	108.44	60.85	5.31
68.0	108.43	61.08	5.31
68.2	108.17	61.17	5.32
68.4	107.73	61.16	5.32
68.6	107.24	61.11	5.32
68.8	106.74	61.03	5.33
69.0	106.27	60.94	5.33
69.2	105.88	60.8	5.33
69.4	105.58	60.67	5.33
69.6	105.37	60.58	5.34
69.8	105.26	60.55	5.34
70.0	105.37	60.68	5.34
70.2	105.74	61.02	5.34
70.4	106.2	61.41	5.34
70.6	106.69	61.81	5.35
70.8	107.19	62.2	5.35
71.0	107.54	62.44	5.35
71.2	107.81	62.59	5.35
71.4	108.0	62.68	5.35
71.6	108.11	62.72	5.36
71.8	108.11	62.69	5.36
72.0	107.78	62.46	5.36
72.2	107.44	62.25	5.36
72.4	107.16	62.09	5.36
72.6	107.0	62.06	5.36
72.8	107.37	62.5	5.36
73.0	108.09	63.23	5.36
73.2	108.9	64.01	5.36
73.4	109.73	64.74	5.36
73.6	110.46	65.26	5.37
73.8	110.86	65.18	5.37
74.0	111.1	64.94	5.37
74.2	111.2	64.57	5.37
74.4	111.13	64.14	5.37
74.6	110.71	63.69	5.37
74.8	110.02	63.27	5.37
75.0	109.28	62.91	5.38
75.2	108.58	62.63	5.38
75.4	108.05	62.53	5.39
75.6	108.11	62.87	5.39
75.8	108.29	63.31	5.4
76.0	108.54	63.77	5.4
76.2	108.8	64.2	5.41
76.4	108.88	64.37	5.41
76.6	108.81	64.31	5.42
76.8	108.65	64.15	5.42
77.0	108.38	63.91	5.42
77.2	108.01	63.61	5.43
77.4	107.33	63.19	5.43
77.6	106.56	62.74	5.43
77.8	105.79	62.33	5.43
78.0	105.08	62.0	5.43
78.2	104.61	61.87	5.43
78.4	104.62	62.13	5.43
78.6	104.74	62.49	5.43
78.8	104.93	62.91	5.42
79.0	105.12	63.34	5.42
79.2	105.16	63.65	5.41
79.4	104.91	63.72	5.41
79.6	104.62	63.75	5.41
79.8	104.3	63.76	5.4
80.0	104.0	63.77	5.4
80.2	103.76	63.84	5.39
80.4	103.62	63.99	5.39
80.6	103.54	64.16	5.38
80.8	103.52	64.36	5.38
81.0	103.56	64.59	5.38
81.2	103.75	64.86	5.37
81.4	104.02	65.15	5.37
81.6	104.33	65.45	5.36
81.8	104.66	65.74	5.36
82.0	104.98	66.0	5.35
82.2	105.21	66.22	5.35
82.4	105.43	66.4	5.35
82.6	105.65	66.54	5.34
82.8	105.87	66.63	5.34
83.0	106.12	66.59	5.33
83.2	106.38	66.48	5.33
83.4	106.65	66.35	5.33
83.6	106.94	66.22	5.32
83.8	107.26	66.17	5.32
84.0	107.62	66.25	5.31
84.2	107.98	66.35	5.31
84.4	108.33	66.43	5.3
84.6	108.65	66.47	5.3
84.8	108.93	66.34	5.3
85.0	109.17	66.13	5.3
85.2	109.32	65.89	5.3
85.4	109.38	65.63	5.3
85.6	109.23	65.35	5.31
85.8	108.75	65.04	5.32
86.0	108.27	64.8	5.34
86.2	107.85	64.66	5.36
86.4	107.58	64.67	5.37
86.6	108.01	65.18	5.39
86.8	108.68	65.87	5.4
87.0	109.47	66.62	5.42
87.2	110.27	67.37	5.43
87.4	110.95	67.97	5.45
87.6	111.3	68.24	5.46
87.8	111.55	68.41	5.48
88.0	111.7	68.49	5.49
88.2	111.77	68.48	5.51
88.4	111.64	68.33	5.52
88.6	111.4	68.11	5.54
88.8	111.17	67.92	5.55
89.0	111.01	67.8	5.57
89.2	111.04	67.86	5.58
89.4	111.68	68.44	5.6
89.6	112.4	69.12	5.61
89.8	113.1	69.85	5.63
90.0	113.7	70.57	5.64
90.2	113.82	71.06	5.66
90.4	113.32	71.25	5.67
90.6	112.7	71.38	5.68
90.8	112.06	71.5	5.7
91.0	111.48	71.64	5.71
91.2	111.28	71.93	5.71
91.4	111.33	72.32	5.71
91.6	111.56	72.77	5.71
91.8	111.99	73.29	5.71
92.0	112.74	73.94	5.7
92.2	113.8	74.71	5.7
92.4	114.94	75.48	5.69
92.6	116.07	76.18	5.68
92.8	117.07	76.71	5.68
93.0	117.82	76.94	5.67
93.2	118.35	77.08	5.66
93.4	118.61	77.14	5.66
93.6	118.38	77.18	5.65
93.8	117.12	77.29	5.64
94.0	115.83	77.38	5.64
94.2	114.81	77.45	5.63
94.4	114.39	77.49	5.62
94.6	116.8	77.48	5.62
94.8	119.58	77.45	5.61
95.0	122.27	77.42	5.61
95.2	124.42	77.41	5.61
95.4	123.71	77.52	5.62
95.6	121.66	77.67	5.62
95.8	119.25	77.78	5.63
96.0	116.85	77.82	5.64
96.2	115.73	77.63	5.65
96.4	115.6	77.26	5.66
96.6	115.83	76.83	5.67
96.8	116.28	76.36	5.67
97.0	116.8	76.0	5.68
97.2	117.29	75.7	5.69
97.4	117.71	75.39	5.7
97.6	117.98	75.05	5.71
97.8	117.7	74.53	5.72
98.0	116.9	73.86	5.72
98.2	116.01	73.24	5.73
98.4	115.15	72.73	5.74
98.6	114.69	72.59	5.75
98.8	114.79	72.89	5.76
99.0	115.0	73.3	5.77
99.2	115.23	73.72	5.77
99.4	115.29	73.95	5.78
99.6	115.08	73.85	5.79
99.8	114.71	73.64	5.8
100.0	114.18	73.35	5.81
100.2	113.45	73.01	5.82
100.4	112.2	72.57	5.82
100.6	110.9	72.16	5.83
100.8	109.66	71.84	5.83
101.0	108.59	71.66	5.83
101.2	108.21	71.96	5.83
101.4	108.16	72.44	5.83
101.6	108.29	72.98	5.83
101.8	108.55	73.5	5.83
102.0	108.86	73.79	5.83
102.2	109.19	73.94	5.83
102.4	109.47	73.99	5.82
102.6	109.64	73.94	5.82
102.8	109.47	73.72	5.82
103.0	109.07	73.39	5.82
103.2	108.53	73.0	5.82
103.4	107.9	72.59	5.82
103.6	107.11	72.17	5.82
103.8	106.2	71.76	5.82
104.0	105.36	71.44	5.82
104.2	104.69	71.25	5.82
104.4	104.39	71.32	5.82
104.6	104.82	71.89	5.82
104.8	105.45	72.54	5.82
105.0	106.2	73.16	5.83
105.2	106.91	73.57	5.83
105.4	107.35	73.37	5.83
105.6	107.7	73.02	5.83
105.8	107.95	72.59	5.83
106.0	108.08	72.14	5.84
106.2	108.01	71.94	5.84
106.4	107.81	71.82	5.84
106.6	107.51	71.75	5.84
106.8	107.11	71.71	5.84
107.0	106.57	71.64	5.85
107.2	105.9	71.55	5.85
107.4	105.24	71.5	5.85
107.6	104.68	71.51	5.85
107.8	104.28	71.63	5.85
108.0	104.17	71.93	5.85
108.2	104.29	72.29	5.86
108.4	104.63	72.68	5.86
108.6	105.3	73.07	5.86
108.8	106.56	73.43	5.86
109.0	107.93	73.74	5.86
109.2	109.27	73.96	5.86
109.4	110.41	74.06	5.86
109.6	110.85	73.85	5.87
109.8	111.03	73.56	5.87
110.0	110.96	73.21	5.87
110.2	110.67	72.86	5.87
110.4	110.0	72.57	5.87
110.6	109.21	72.35	5.87
110.8	108.43	72.22	5.88
111.0	107.75	72.22	5.88
111.2	107.5	72.55	5.88
111.4	107.51	73.04	5.88
111.6	107.7	73.56	5.88
111.8	108.07	74.06	5.89
112.0	108.79	74.33	5.89
112.2	109.61	74.47	5.89
112.4	110.42	74.52	5.89
112.6	111.09	74.47	5.9
112.8	111.23	74.26	5.9
113.0	111.04	73.95	5.9
113.2	110.66	73.62	5.9
113.4	110.11	73.31	5.9
113.6	109.39	73.14	5.91
113.8	108.53	73.15	5.91
114.0	107.68	73.2	5.91
114.2	106.91	73.27	5.91
114.4	106.34	73.35	5.91
114.6	106.31	73.38	5.91
114.8	106.41	73.39	5.91
115.0	106.59	73.38	5.92
115.2	106.77	73.32	5.92
115.4	106.73	73.19	5.92
115.6	106.65	73.01	5.92
115.8	106.53	72.8	5.92
116.0	106.38	72.56	5.92
116.2	106.3	72.22	5.92
116.4	106.23	71.84	5.92
116.6	106.09	71.49	5.92
116.8	105.83	71.2	5.92
117.0	105.43	71.02	5.92
117.2	104.33	71.12	5.93
117.4	103.19	71.34	5.93
117.6	102.13	71.66	5.93
117.8	101.27	72.08	5.93
118.0	101.12	72.69	5.93
118.2	101.54	73.39	5.93
118.4	102.18	74.06	5.93
118.6	102.95	74.61	5.93
118.8	103.68	74.82	5.93
119.0	104.28	74.58	5.93
119.2	104.83	74.19	5.94
119.4	105.3	73.73	5.94
119.6	105.65	73.26	5.94
119.8	105.66	72.99	5.94
120.0	105.6	72.77	5.94
120.2	105.51	72.61	5.94
120.4	105.45	72.5	5.94
120.6	105.47	72.4	5.94
120.8	105.63	72.37	5.95
121.0	105.97	72.47	5.95
121.2	106.56	72.73	5.95
121.4	107.81	73.54	5.95
121.6	109.49	74.64	5.95
121.8	111.21	75.69	5.95
122.0	112.84	76.53	5.96
122.2	113.9	76.55	5.96
122.4	114.37	75.78	5.96
122.6	114.55	74.79	5.96
122.8	114.49	73.73	5.96
123.0	114.16	72.96	5.96
123.2	113.59	72.78	5.96
123.4	112.93	72.74	5.97
123.6	112.28	72.79	5.97
123.8	111.71	72.9	5.97
124.0	111.62	72.9	5.97
124.2	111.71	72.88	5.97
124.4	111.91	72.86	5.97
124.6	112.17	72.85	5.97
124.8	112.49	72.87	5.97
125.0	112.81	72.9	5.97
125.2	113.08	72.92	5.98
125.4	113.26	72.9	5.98
125.6	113.26	72.83	5.98
125.8	112.92	72.69	5.98
126.0	112.42	72.48	5.98
126.2	111.79	72.19	5.98
126.4	111.04	71.83	5.98
126.6	110.13	71.23	5.98
126.8	109.08	70.42	5.98
127.0	108.04	69.64	5.99
127.2	107.07	68.98	5.99
127.4	106.23	68.52	5.99
127.6	105.83	68.77	5.99
127.8	105.61	69.25	5.99
128.0	105.54	69.87	6.0
128.2	105.6	70.56	6.0
128.4	105.81	71.19	6.0
128.6	106.12	71.74	6.0
128.8	106.44	72.2	6.01
129.0	106.72	72.53	6.01
129.2	106.87	72.64	6.01
129.4	106.71	72.33	6.01
129.6	106.44	71.86	6.01
129.8	106.08	71.3	6.02
130.0	105.65	70.69	6.02
130.2	105.08	70.02	6.02
130.4	104.43	69.38	6.02
130.6	103.83	68.86	6.02
130.8	103.33	68.54	6.03
131.0	103.0	68.52	6.03
131.2	103.09	69.4	6.03
131.4	103.37	70.46	6.03
131.6	103.84	71.58	6.03
131.8	104.47	72.63	6.04
132.0	105.41	73.06	6.04
132.2	106.46	73.22	6.04
132.4	107.51	73.23	6.04
132.6	108.47	73.13	6.04
132.8	109.11	73.02	6.05
133.0	109.43	72.9	6.05
133.2	109.56	72.73	6.05
133.4	109.52	72.51	6.05
133.6	109.26	72.19	6.05
133.8	108.75	71.74	6.06
134.0	108.18	71.3	6.06
134.2	107.62	70.92	6.06
134.4	107.14	70.66	6.06
134.6	106.93	70.67	6.07
134.8	106.89	70.83	6.07
135.0	107.05	71.14	6.07
135.2	107.41	71.59	6.08
135.4	108.47	72.5	6.08
135.6	109.62	73.44	6.08
135.8	110.71	74.28	6.09
136.0	111.6	74.9	6.09
136.2	111.63	74.51	6.09
136.4	111.24	73.77	6.09
136.6	110.57	72.9	6.1
136.8	109.65	72.06	6.1
137.0	108.48	71.65	6.1
137.2	107.12	71.75	6.11
137.4	105.75	72.04	6.11
137.6	104.47	72.47	6.11
137.8	103.37	73.0	6.12
138.0	102.97	73.59	6.12
138.2	102.82	74.22	6.12
138.4	102.87	74.87	6.12
138.6	103.1	75.5	6.12
138.8	103.49	76.07	6.12
139.0	103.98	76.56	6.12
139.2	104.51	76.97	6.12
139.4	105.01	77.26	6.11
139.6	105.29	77.36	6.11
139.8	105.39	77.27	6.11
140.0	105.44	77.07	6.11
140.2	105.46	76.77	6.11
140.4	105.5	76.38	6.11
140.6	105.58	75.89	6.11
140.8	105.72	75.37	6.11
141.0	105.97	74.86	6.11
141.2	106.33	74.39	6.11
141.4	107.13	74.05	6.11
141.6	108.22	73.83	6.11
141.8	109.27	73.7	6.11
142.0	110.18	73.66	6.11
142.2	110.7	73.72	6.11
142.4	110.36	73.94	6.11
142.6	109.81	74.2	6.11
142.8	109.15	74.48	6.11
143.0	108.53	74.73	6.11
143.2	108.4	74.82	6.12
143.4	108.36	74.87	6.12
143.6	108.38	74.88	6.12
143.8	108.43	74.88	6.12
144.0	108.45	74.95	6.12
144.2	108.43	75.04	6.12
144.4	108.35	75.07	6.12
144.6	108.19	75.02	6.12
144.8	107.91	74.83	6.12
145.0	107.3	74.14	6.12
145.2	106.62	73.41	6.12
145.4	105.89	72.72	6.12
145.6	105.17	72.17	6.12
145.8	104.45	72.05	6.12
146.0	103.8	72.31	6.12
146.2	103.31	72.79	6.12
146.4	103.04	73.45	6.12
146.6	103.17	74.36	6.12
146.8	103.87	75.54	6.12
147.0	104.78	76.72	6.12
147.2	105.82	77.78	6.12
147.4	106.9	78.55	6.12
147.6	107.77	78.45	6.12
147.8	108.6	78.08	6.12
148.0	109.41	77.52	6.12
148.2	110.19	76.85	6.12
148.4	111.0	76.26	6.12
148.6	111.78	75.74	6.12
148.8	112.46	75.28	6.12
149.0	113.01	74.9	6.12
149.2	113.23	74.68	6.12
149.4	113.01	74.7	6.12
149.6	112.75	74.83	6.12
149.8	112.57	75.06	6.12
150.0	112.64	75.39	6.12
150.2	113.55	75.9	6.13
150.4	114.62	76.42	6.13
150.6	115.72	76.89	6.13
150.8	116.71	77.25	6.13
151.0	117.14	77.25	6.13
151.2	117.38	77.1	6.13
151.4	117.44	76.83	6.13
151.6	117.35	76.46	6.14
151.8	117.15	75.97	6.14
152.0	116.84	75.4	6.14
152.2	116.41	74.81	6.14
152.4	115.85	74.24	6.14
152.6	115.15	73.7	6.14
152.8	114.06	73.24	6.14
153.0	112.95	72.88	6.14
153.2	111.93	72.68	6.14
153.4	111.07	72.66	6.14
153.6	110.66	73.03	6.14
153.8	110.66	73.72	6.14
154.0	110.95	74.54	6.14
154.2	111.51	75.42	6.14
154.4	112.48	76.3	6.14
154.6	113.86	77.09	6.14
154.8	115.36	77.82	6.14
155.0	116.85	78.43	6.14
155.2	118.2	78.89	6.14
155.4	118.96	78.99	6.14
155.6	119.49	78.93	6.14
155.8	119.8	78.76	6.14
156.0	119.88	78.5	6.14
156.2	119.62	78.14	6.14
156.4	119.07	77.74	6.14
156.6	118.43	77.36	6.13
156.8	117.76	77.06	6.13
157.0	117.16	76.92	6.13
157.2	116.81	77.22	6.13
157.4	116.61	77.63	6.13
157.6	116.57	78.12	6.13
157.8	116.73	78.64	6.13
158.0	117.46	79.14	6.13
158.2	118.34	79.57	6.13
158.4	119.23	79.91	6.13
158.6	120.02	80.1	6.13
158.8	120.28	79.9	6.14
159.0	120.21	79.46	6.14
159.2	119.92	78.89	6.14
159.4	119.46	78.25	6.14
159.6	118.83	77.58	6.14
159.8	118.02	76.94	6.14
160.0	117.15	76.36	6.14
160.2	116.26	75.88	6.14
160.4	115.4	75.53	6.14
160.6	114.64	75.56	6.14
160.8	114.0	75.78	6.14
161.0	113.54	76.12	6.14
161.2	113.28	76.54	6.14
161.4	113.57	77.04	6.15
161.6	114.16	77.56	6.15
161.8	114.85	78.03	6.15
162.0	115.51	78.4	6.15
162.2	115.82	78.48	6.15
162.4	115.81	78.28	6.15
162.6	115.65	77.97	6.15
162.8	115.36	77.55	6.16
163.0	114.98	77.08	6.16
163.2	114.55	76.6	6.16
163.4	114.05	76.12	6.16
163.6	113.49	75.66	6.16
163.8	112.86	75.25	6.16
164.0	112.07	74.92	6.16
164.2	111.18	74.69	6.16
164.4	110.37	74.58	6.16
164.6	109.72	74.61	6.16
164.8	109.38	74.83	6.16
165.0	109.67	75.4	6.16
165.2	110.16	76.06	6.16
165.4	110.8	76.75	6.16
165.6	111.5	77.39	6.16
165.8	112.07	77.75	6.16
166.0	112.63	78.01	6.16
166.2	113.14	78.18	6.16
166.4	113.59	78.25	6.16
166.6	113.9	78.17	6.16
166.8	114.1	77.98	6.16
167.0	114.19	77.75	6.16
167.2	114.18	77.51	6.16
167.4	114.06	77.3	6.16
167.6	113.58	77.12	6.16
167.8	113.1	77.04	6.16
168.0	112.7	77.1	6.16
168.2	112.48	77.34	6.16
168.4	112.75	78.03	6.16
168.6	113.35	78.96	6.16
168.8	114.18	79.98	6.16
169.0	115.23	81.01	6.16
169.2	116.73	82.0	6.16
169.4	118.39	82.85	6.16
169.6	119.97	83.46	6.16
169.8	121.31	83.75	6.16
170.0	121.76	83.15	6.16
170.2	121.7	82.07	6.16
170.4	121.35	80.79	6.16
170.6	120.79	79.44	6.16
170.8	120.22	78.4	6.16
171.0	119.66	77.66	6.16
171.2	119.03	77.06	6.16
171.4	118.37	76.6	6.16
171.6	117.67	76.26	6.16
171.8	116.9	76.17	6.16
172.0	116.15	76.18	6.16
172.2	115.49	76.25	6.16
172.4	114.93	76.35	6.16
172.6	114.72	76.41	6.16
172.8	114.73	76.44	6.16
173.0	114.8	76.43	6.16
173.2	114.89	76.37	6.15
173.4	114.85	76.22	6.15
173.6	114.68	75.98	6.15
173.8	114.43	75.67	6.15
174.0	114.09	75.29	6.15
174.2	113.66	74.86	6.15
174.4	112.94	74.15	6.15
174.6	112.16	73.45	6.15
174.8	111.39	72.84	6.15
175.0	110.67	72.41	6.15
175.2	110.04	72.39	6.15
175.4	109.55	72.81	6.15
175.6	109.29	73.46	6.15
175.8	109.31	74.28	6.15
176.0	109.88	75.32	6.16
176.2	111.24	76.6	6.16
176.4	112.79	77.84	6.16
176.6	114.34	78.95	6.16
176.8	115.65	79.7	6.16
177.0	116.25	79.7	6.17
177.2	116.59	79.43	6.17
177.4	116.68	78.97	6.17
177.6	116.55	78.4	6.17
177.8	116.04	77.89	6.17
178.0	115.4	77.39	6.18
178.2	114.71	76.94	6.18
178.4	114.04	76.59	6.18
178.6	113.55	76.43	6.18
178.8	113.25	76.46	6.18
179.0	113.16	76.67	6.18
179.2	113.3	77.07	6.18
179.4	114.03	77.91	6.18
179.6	115.2	79.08	6.18
179.8	116.44	80.2	6.18
180.0	117.58	81.15	6.17
180.2	118.18	81.38	6.17
180.4	118.2	80.88	6.17
180.6	117.96	80.11	6.17
180.8	117.5	79.17	6.17
181.0	116.88	78.23	6.17
181.2	116.15	77.51	6.17
181.4	115.33	76.85	6.16
181.6	114.49	76.29	6.16
181.8	113.66	75.85	6.16
182.0	112.9	75.67	6.16
182.2	112.23	75.69	6.16
182.4	111.72	75.81	6.16
182.6	111.41	76.03	6.16
182.8	111.55	76.38	6.16
183.0	112.18	76.84	6.16
183.2	112.9	77.24	6.16
183.4	113.58	77.51	6.16
183.6	113.97	77.43	6.16
183.8	113.81	76.8	6.16
184.0	113.45	76.0	6.16
184.2	112.92	75.1	6.16
184.4	112.25	74.18	6.16
184.6	111.43	73.43	6.16
184.8	110.55	72.79	6.16
185.0	109.67	72.28	6.16
185.2	108.83	71.95	6.16
185.4	108.09	71.9	6.16
185.6	107.51	72.24	6.16
185.8	107.11	72.77	6.16
186.0	106.95	73.45	6.16
186.2	107.05	74.23	6.16
186.4	107.92	75.24	6.16
186.6	108.99	76.22	6.16
186.8	110.15	77.11	6.15
187.0	111.26	77.79	6.15
187.2	111.92	77.78	6.15
187.4	112.34	77.42	6.15
187.6	112.6	76.92	6.15
187.8	112.72	76.35	6.15
188.0	112.63	75.9	6.15
188.2	112.37	75.62	6.15
188.4	112.06	75.45	6.15
188.6	111.76	75.39	6.14
188.8	111.51	75.49	6.14
189.0	111.4	75.89	6.14
189.2	111.44	76.41	6.14
189.4	111.67	77.01	6.14
189.6	112.13	77.65	6.14
189.8	113.28	78.3	6.14
190.0	114.58	78.92	6.14
190.2	115.91	79.44	6.14
190.4	117.13	79.82	6.14
190.6	117.76	79.85	6.14
190.8	118.14	79.71	6.14
191.0	118.31	79.42	6.14
191.2	118.27	79.01	6.14
191.4	117.99	78.44	6.14
191.6	117.53	77.79	6.14
191.8	116.97	77.13	6.14
192.0	116.32	76.51	6.14
192.2	115.63	75.98	6.14
192.4	114.94	75.58	6.14
192.6	114.3	75.34	6.14
192.8	113.78	75.3	6.14
193.0	113.53	75.68	6.14
193.2	113.58	76.51	6.14
193.4	113.77	77.41	6.14
193.6	114.06	78.24	6.14
193.8	114.41	78.68	6.14
194.0	114.79	78.53	6.14
194.2	115.16	78.19	6.15
194.4	115.47	77.69	6.15
194.6	115.65	77.12	6.15
194.8	115.61	76.66	6.15
195.0	115.41	76.16	6.15
195.2	115.07	75.63	6.15
195.4	114.56	75.07	6.15
195.6	113.73	74.36	6.15
195.8	112.67	73.59	6.15
196.0	111.57	72.89	6.15
196.2	110.5	72.31	6.15
196.4	109.55	71.95	6.15
196.6	108.86	72.0	6.15
196.8	108.37	72.25	6.15
197.0	108.13	72.68	6.15
197.2	108.19	73.27	6.15
197.4	108.99	74.19	6.14
197.6	109.98	75.15	6.14
197.8	111.05	76.05	6.14
198.0	112.07	76.8	6.14
198.2	112.58	76.95	6.14
198.4	112.87	76.83	6.14
198.6	112.98	76.51	6.14
198.8	112.94	76.02	6.13
199.0	112.71	75.34	6.13
199.2	112.33	74.54	6.13
199.4	111.85	73.75	6.13
199.6	111.33	73.04	6.13
199.8	110.75	72.55	6.13
200.0	110.04	72.54	6.13
200.2	109.46	72.72	6.12
200.4	109.08	73.06	6.12
200.6	109.01	73.53	6.12
200.8	109.98	74.31	6.12
201.0	111.17	75.08	6.12
201.2	112.43	75.75	6.12
201.4	113.59	76.2	6.12
201.6	114.0	75.84	6.12
201.8	114.13	75.2	6.12
202.0	114.04	74.39	6.12
202.2	113.75	73.5	6.12
202.4	113.24	72.76	6.12
202.6	112.58	72.14	6.12
202.8	111.84	71.61	6.12
203.0	111.07	71.2	6.12
203.2	110.3	70.96	6.12
203.4	109.55	70.98	6.12
203.6	108.95	71.15	6.12
203.8	108.57	71.44	6.12
204.0	108.51	71.85	6.12
204.2	109.33	72.55	6.12
204.4	110.36	73.24	6.12
204.6	111.44	73.83	6.12
204.8	112.45	74.23	6.12
205.0	112.84	73.86	6.12
205.2	113.0	73.25	6.12
205.4	112.94	72.52	6.12
205.6	112.66	71.74	6.12
205.8	112.01	71.11	6.12
206.0	111.12	70.65	6.12
206.2	110.16	70.3	6.12
206.4	109.22	70.11	6.12
206.6	108.43	70.15	6.12
206.8	107.94	70.54	6.12
207.0	107.64	71.07	6.12
207.2	107.54	71.69	6.12
207.4	107.71	72.37	6.12
207.6	108.39	73.1	6.12
207.8	109.23	73.77	6.12
208.0	110.12	74.32	6.12
208.2	110.99	74.68	6.12
208.4	111.48	74.43	6.13
208.6	111.8	73.92	6.13
208.8	111.97	73.28	6.13
209.0	112.01	72.58	6.13
209.2	111.83	71.91	6.13
209.4	111.38	71.37	6.13
209.6	110.91	70.94	6.13
209.8	110.49	70.69	6.13
210.0	110.21	70.68	6.13
210.2	110.38	71.28	6.13
210.4	110.73	72.05	6.13
210.6	111.23	72.92	6.13
210.8	111.89	73.8	6.13
211.0	112.87	74.52	6.13
211.2	113.9	75.12	6.13
211.4	114.89	75.57	6.13
211.6	115.76	75.83	6.14
211.8	116.16	75.59	6.14
212.0	116.25	75.06	6.14
212.2	116.15	74.4	6.14
212.4	115.87	73.69	6.14
212.6	115.42	73.02	6.14
212.8	114.81	72.52	6.14
213.0	114.13	72.11	6.14
213.2	113.42	71.82	6.14
213.4	112.73	71.65	6.14
213.6	112.07	71.78	6.14
213.8	111.53	72.06	6.14
214.0	111.16	72.45	6.14
214.2	111.03	72.91	6.14
214.4	111.57	73.48	6.14
214.6	112.5	74.08	6.14
214.8	113.52	74.61	6.14
215.0	114.5	75.0	6.14
215.2	115.02	75.02	6.14
215.4	115.04	74.66	6.14
215.6	114.87	74.15	6.14
215.8	114.56	73.53	6.14
216.0	114.15	72.87	6.14
216.2	113.7	72.22	6.14
216.4	113.24	71.62	6.14
216.6	112.8	71.16	6.14
216.8	112.42	70.87	6.14
217.0	112.12	71.01	6.14
217.2	111.95	71.55	6.14
217.4	111.97	72.24	6.14
217.6	112.25	73.05	6.14
217.8	113.03	73.92	6.14
218.0	114.44	74.81	6.14
218.2	115.96	75.6	6.14
218.4	117.44	76.22	6.14
218.6	118.55	76.45	6.14
218.8	118.9	76.01	6.14
219.0	118.97	75.36	6.14
219.2	118.82	74.56	6.14
219.4	118.49	73.72	6.14
219.6	118.08	73.12	6.14
219.8	117.58	72.62	6.14
220.0	117.03	72.21	6.14
220.2	116.46	71.9	6.14
220.4	115.91	71.73	6.14
220.6	115.43	71.81	6.14
220.8	115.01	71.97	6.14
221.0	114.69	72.18	6.14
221.2	114.48	72.42	6.14
221.4	114.56	72.56	6.14
221.6	114.78	72.67	6.14
221.8	115.08	72.78	6.14
222.0	115.4	72.9	6.14
222.2	115.68	73.15	6.14
222.4	115.92	73.45	6.14
222.6	116.09	73.69	6.14
222.8	116.18	73.83	6.14
223.0	116.16	73.71	6.14
223.2	115.98	73.18	6.14
223.4	115.67	72.52	6.14
223.6	115.22	71.78	6.14
223.8	114.62	71.0	6.14
224.0	113.69	70.23	6.14
224.2	112.54	69.51	6.14
224.4	111.36	68.94	6.14
224.6	110.23	68.58	6.14
224.8	109.24	68.55	6.14
225.0	108.55	69.23	6.14
225.2	108.1	70.12	6.15
225.4	107.92	71.16	6.15
225.6	108.06	72.26	6.15
225.8	109.03	73.26	6.15
226.0	110.27	74.17	6.15
226.2	111.59	74.93	6.15
226.4	112.86	75.5	6.15
226.6	113.62	75.5	6.15
226.8	113.95	75.1	6.15
227.0	114.03	74.58	6.15
227.2	113.89	74.03	6.15
227.4	113.5	73.58	6.16
227.6	112.53	73.65	6.16
227.8	111.51	73.86	6.16
228.0	110.56	74.19	6.16
228.2	109.82	74.63	6.16
228.4	109.77	75.21	6.17
228.6	110.45	75.89	6.17
228.8	111.37	76.58	6.17
229.0	112.44	77.24	6.18
229.2	113.52	77.78	6.18
229.4	114.47	78.12	6.18
229.6	115.34	78.36	6.19
229.8	116.07	78.49	6.19
230.0	116.61	78.52	6.2
230.2	116.69	78.43	6.2
230.4	116.54	78.25	6.2
230.6	116.16	78.0	6.21
230.8	115.57	77.68	6.21
231.0	114.66	77.2	6.21
231.2	113.41	76.57	6.22
231.4	112.15	76.0	6.22
231.6	111.0	75.59	6.22
231.8	110.09	75.41	6.22
232.0	109.86	76.05	6.19
232.2	109.98	76.9	6.17
232.4	110.44	77.87	6.13
232.6	111.25	78.86	6.1
232.8	112.91	79.62	6.06
233.0	114.82	80.25	6.01
233.2	116.69	80.75	5.97
233.4	118.32	81.1	5.92
233.6	118.88	81.22	5.88
233.8	118.61	81.11	5.84
234.0	117.92	80.83	5.79
234.2	116.91	80.39	5.75
234.4	115.68	79.78	5.7
234.6	114.38	78.8	5.66
234.8	112.99	77.75	5.61
235.0	111.58	76.71	5.57
235.2	110.19	75.77	5.53
235.4	109.01	75.21	5.49
235.6	108.11	75.13	5.46
235.8	107.31	75.18	5.43
236.0	106.58	75.29	5.41
236.2	105.9	75.39	5.39
236.4	105.1	75.15	5.38
236.6	104.32	74.78	5.37
236.8	103.63	74.4	5.36
237.0	103.09	74.04	5.36
237.2	102.87	73.82	5.35
237.4	103.04	73.81	5.35
237.6	103.34	73.85	5.34
237.8	103.71	73.94	5.33
238.0	104.09	74.05	5.33
238.2	104.28	74.12	5.32
238.4	104.33	74.17	5.31
238.6	104.3	74.19	5.31
238.8	104.17	74.16	5.3
239.0	103.96	74.07	5.29
239.2	103.41	73.8	5.29
239.4	102.71	73.42	5.28
239.6	102.06	73.03	5.28
239.8	101.55	72.63	5.27
240.0	101.34	72.29	5.26
240.2	101.93	72.17	5.25
240.4	102.71	72.07	5.24
240.6	103.58	71.96	5.23
240.8	104.45	71.8	5.22
241.0	104.99	71.41	5.2
241.2	105.31	70.89	5.19
241.4	105.49	70.32	5.18
241.6	105.51	69.73	5.16
241.8	105.37	69.14	5.15
242.0	104.81	68.6	5.14
242.2	104.09	68.11	5.12
242.4	103.34	67.69	5.11
242.6	102.62	67.35	5.1
242.8	102.03	67.12	5.08
243.0	101.82	67.12	5.07
243.2	101.78	67.2	5.07
243.4	101.94	67.35	5.06
243.6	102.29	67.53	5.05
243.8	103.09	67.77	5.05
244.0	104.13	68.01	5.05
244.2	105.22	68.18	5.04
244.4	106.27	68.23	5.04
244.6	107.1	68.06	5.04
244.8	107.33	67.41	5.04
245.0	107.36	66.61	5.04
245.2	107.22	65.73	5.03
245.4	106.93	64.81	5.03
245.6	106.51	63.94	5.03
245.8	105.91	63.26	5.03
246.0	105.29	62.67	5.02
246.2	104.69	62.18	5.02
246.4	104.18	61.81	5.02
246.6	103.84	61.6	5.02
246.8	103.94	61.75	5.01
247.0	104.18	61.97	5.01
247.2	104.53	62.23	5.01
247.4	104.96	62.47	5.0
247.6	105.47	62.55	5.0
247.8	106.01	62.48	5.0
248.0	106.55	62.31	4.99
248.2	107.06	62.03	4.99
248.4	107.49	61.61	4.98
248.6	107.71	60.87	4.98
248.8	107.83	60.03	4.97
249.0	107.84	59.15	4.97
249.2	107.75	58.25	4.96
249.4	107.53	57.4	4.96
249.6	107.06	56.78	4.95
249.8	106.53	56.23	4.95
250.0	105.97	55.76	4.94
250.2	105.42	55.36	4.94
250.4	104.94	55.05	4.93
250.6	104.74	54.89	4.94
250.8	104.6	54.77	4.94
251.0	104.5	54.67	4.95
251.2	104.42	54.56	4.95
251.4	104.33	54.34	4.96
251.6	104.21	54.04	4.96
251.8	104.09	53.68	4.97
252.0	103.95	53.29	4.97
252.2	103.79	52.85	4.97
252.4	103.58	52.31	4.98
252.6	103.34	51.69	4.98
252.8	103.07	51.08	4.99
253.0	102.76	50.5	4.99
253.2	102.42	49.97	5.0
253.4	102.05	49.54	5.0
253.6	101.49	49.34	5.0
253.8	100.93	49.25	5.01
254.0	100.41	49.28	5.01
254.2	99.98	49.43	5.01
254.4	99.67	49.7	5.0
254.6	99.74	50.31	4.98
254.8	99.96	51.01	4.96
255.0	100.26	51.7	4.93
255.2	100.62	52.33	4.9
255.4	100.98	52.75	4.87
255.6	101.24	52.67	4.84
255.8	101.49	52.44	4.81
256.0	101.73	52.11	4.78
256.2	101.94	51.69	4.75
256.4	102.12	51.24	4.73
256.6	102.25	50.91	4.7
256.8	102.34	50.59	4.67
257.0	102.41	50.3	4.64
257.2	102.44	50.03	4.61
257.4	102.44	49.81	4.58
257.6	102.35	49.65	4.55
257.8	102.17	49.57	4.51
258.0	102.0	49.55	4.48
258.2	101.85	49.6	4.45
258.4	101.77	49.71	4.43
258.6	101.79	49.92	4.41
258.8	102.05	50.3	4.42
259.0	102.39	50.73	4.44
259.2	102.8	51.16	4.46
259.4	103.25	51.59	4.48
259.6	103.73	51.94	4.5
259.8	104.23	52.18	4.52
260.0	104.72	52.35	4.54
260.2	105.21	52.45	4.56
260.4	105.67	52.46	4.58
260.6	106.08	52.35	4.6
260.8	106.41	52.05	4.62
261.0	106.68	51.67	4.63
261.2	106.89	51.24	4.65
261.4	107.03	50.78	4.67
261.6	107.11	50.3	4.68
261.8	107.02	49.81	4.7
262.0	106.85	49.34	4.72
262.2	106.64	48.93	4.73
262.4	106.42	48.63	4.75
262.6	106.2	48.46	4.76
262.8	106.04	48.6	4.78
263.0	105.95	49.07	4.8
263.2	105.91	49.62	4.82
263.4	105.94	50.23	4.83
263.6	106.05	50.83	4.85
263.8	106.4	51.29	4.87
264.0	106.9	51.61	4.89
264.2	107.44	51.84	4.91
264.4	107.97	51.97	4.93
264.6	108.45	52.0	4.94
264.8	108.71	51.77	4.96
265.0	108.72	51.32	4.98
265.2	108.64	50.79	5.0
265.4	108.49	50.24	5.01
265.6	108.29	49.71	5.03
265.8	108.06	49.24	5.04
266.0	107.79	49.03	5.05
266.2	107.54	48.94	5.06
266.4	107.32	48.95	5.06
266.6	107.17	49.08	5.07
266.8	107.09	49.33	5.07
267.0	107.23	49.86	5.07
267.2	107.51	50.53	5.07
267.4	107.88	51.24	5.06
267.6	108.33	51.96	5.06
267.8	108.87	52.65	5.05
268.0	109.56	53.11	5.05
268.2	110.29	53.48	5.04
268.4	111.03	53.75	5.04
268.6	111.76	53.92	5.03
268.8	112.45	54.0	5.03
269.0	112.93	53.85	5.02
269.2	113.34	53.61	5.02
269.4	113.67	53.31	5.01
269.6	113.91	52.97	5.01
269.8	114.07	52.62	5.0
270.0	114.09	52.27	5.0
270.2	114.02	51.95	4.99
270.4	113.89	51.7	4.99
270.6	113.73	51.53	4.98
270.8	113.57	51.47	4.98
271.0	113.41	51.7	4.97
271.2	113.28	52.19	4.97
271.4	113.21	52.75	4.97
271.6	113.2	53.33	4.97
271.8	113.28	53.9	4.98
272.0	113.62	54.31	4.98
272.2	114.12	54.58	4.98
272.4	114.67	54.76	4.98
272.6	115.24	54.84	4.99
272.8	115.79	54.82	4.99
273.0	116.16	54.55	4.99
273.2	116.42	54.16	4.99
273.4	116.61	53.7	4.99
273.6	116.7	53.22	5.0
273.8	116.7	52.73	5.0
274.0	116.57	52.31	5.0
274.2	116.26	52.02	5.0
274.4	115.88	51.8	5.0
274.6	115.42	51.65	5.01
274.8	114.92	51.58	5.01
275.0	114.38	51.61	5.01
275.2	113.81	51.81	5.01
275.4	113.23	52.14	5.01
275.6	112.67	52.53	5.01
275.8	112.17	52.98	5.01
276.0	111.72	53.45	5.01
276.2	111.45	53.98	5.01
276.4	111.33	54.51	5.0
276.6	111.27	55.01	5.0
276.8	111.27	55.44	5.0
277.0	111.31	55.78	4.99
277.2	111.35	55.81	4.99
277.4	111.4	55.71	4.99
277.6	111.48	55.52	4.98
277.8	111.57	55.27	4.98
278.0	111.66	54.97	4.98
278.2	111.84	54.72	4.97
278.4	112.03	54.49	4.97
278.6	112.19	54.25	4.97
278.8	112.29	54.02	4.96
279.0	112.31	53.79	4.96
279.2	112.2	53.56	4.96
279.4	111.67	53.31	4.95
279.6	111.07	53.09	4.95
279.8	110.43	52.89	4.95
280.0	109.82	52.75	4.94
280.2	109.27	52.65	4.94
280.4	109.12	52.79	4.94
280.6	109.07	52.96	4.94
280.8	109.06	53.14	4.94
281.0	109.05	53.28	4.94
281.2	109.02	53.35	4.94
281.4	108.72	53.04	4.94
281.6	108.35	52.63	4.94
281.8	107.94	52.16	4.93
282.0	107.5	51.67	4.93
282.2	107.04	51.19	4.93
282.4	106.56	50.8	4.93
282.6	106.08	50.53	4.93
282.8	105.64	50.33	4.93
283.0	105.26	50.21	4.93
283.2	104.95	50.18	4.93
283.4	104.77	50.28	4.93
283.6	104.83	50.64	4.94
283.8	104.99	51.06	4.94
284.0	105.23	51.52	4.94
284.2	105.55	51.97	4.94
284.4	105.94	52.34	4.95
284.6	106.4	52.56	4.95
284.8	106.88	52.71	4.95
285.0	107.36	52.79	4.96
285.2	107.81	52.8	4.96
285.4	108.19	52.69	4.96
285.6	108.39	52.39	4.96
285.8	108.52	52.03	4.97
286.0	108.59	51.66	4.97
286.2	108.61	51.3	4.97
286.4	108.57	50.98	4.97
286.6	108.4	50.83	4.98
286.8	108.2	50.76	4.98
287.0	108.02	50.78	4.98
287.2	107.88	50.89	4.98
287.4	107.82	51.11	4.98
287.6	108.0	51.54	4.98
287.8	108.26	52.05	4.99
