0.2	83.87	75.31	5.66
0.4	83.58	74.59	5.66
0.6	83.28	74.12	5.66
0.8	82.99	73.88	5.66
1.0	82.73	73.85	5.67
1.2	82.52	74.0	5.67
1.4	82.4	74.31	5.67
1.6	82.37	74.76	5.68
1.8	82.47	75.34	5.68
2.0	82.71	76.01	5.69
2.2	83.35	76.9	5.69
2.4	84.14	77.81	5.7
2.6	84.95	78.64	5.7
2.8	85.69	79.29	5.71
3.0	86.11	79.47	5.71
3.2	86.36	79.38	5.72
3.4	86.48	79.09	5.72
3.6	86.48	78.63	5.73
3.8	86.34	77.97	5.73
4.0	86.1	77.23	5.74
4.2	85.8	76.46	5.74
4.4	85.44	75.71	5.75
4.6	85.06	75.17	5.75
4.8	84.68	74.8	5.76
5.0	84.3	74.52	5.76
5.2	83.95	74.34	5.77
5.4	83.64	74.26	5.77
5.6	83.39	74.27	5.77
5.8	83.22	74.38	5.78
6.0	83.14	74.58	5.78
6.2	83.19	74.89	5.78
6.4	83.46	75.42	5.78
6.6	84.02	76.19	5.78
6.8	84.6	76.91	5.78
7.0	85.13	77.49	5.78
7.2	85.45	77.68	5.78
7.4	85.45	77.32	5.78
7.6	85.3	76.73	5.77
7.8	85.0	75.95	5.77
8.0	84.54	75.05	5.77
8.2	83.92	74.07	5.77
8.4	83.22	73.08	5.76
8.6	82.49	72.14	5.76
8.8	81.78	71.31	5.76
9.0	81.2	70.86	5.76
9.2	80.71	70.66	5.76
9.4	80.31	70.63	5.75
9.6	80.02	70.78	5.75
9.8	79.85	71.11	5.75
10.0	79.88	71.61	5.75
10.2	80.04	72.27	5.75
10.4	80.34	73.06	5.74
10.6	80.75	73.98	5.74
10.8	81.33	75.08	5.74
11.0	82.17	76.52	5.74
11.2	83.01	77.87	5.74
11.4	83.8	78.99	5.74
11.6	84.39	79.63	5.74
11.8	84.5	79.14	5.74
12.0	84.46	78.31	5.74
12.2	84.31	77.3	5.74
12.4	84.09	76.24	5.74
12.6	83.98	75.75	5.75
12.8	83.88	75.42	5.75
13.0	83.79	75.21	5.75
13.2	83.72	75.09	5.75
13.4	83.68	75.06	5.75
13.6	83.69	74.99	5.75
13.8	83.74	75.02	5.75
14.0	83.85	75.16	5.75
14.2	84.01	75.43	5.75
14.4	84.24	75.89	5.75
14.6	84.52	76.62	5.75
14.8	84.9	77.46	5.75
15.0	85.41	78.39	5.76
15.2	86.06	79.37	5.76
15.4	87.16	80.46	5.76
15.6	88.39	81.52	5.76
15.8	89.59	82.48	5.77
16.0	90.66	83.28	5.77
16.2	91.3	83.82	5.77
16.4	91.66	84.09	5.77
16.6	91.75	84.02	5.78
16.8	91.57	83.55	5.78
17.0	90.84	82.01	5.79
17.2	89.91	80.2	5.79
17.4	88.87	78.28	5.79
17.6	87.81	76.45	5.8
17.8	87.05	75.49	5.8
18.0	86.52	75.17	5.8
18.2	86.12	75.17	5.8
18.4	85.86	75.42	5.81
18.6	85.75	75.87	5.81
18.8	85.83	76.43	5.81
19.0	86.08	77.07	5.81
19.2	86.45	77.79	5.81
19.4	86.91	78.58	5.81
19.6	87.44	79.42	5.81
19.8	88.13	80.42	5.81
20.0	88.8	81.31	5.81
20.2	89.37	82.0	5.8
20.4	89.73	82.31	5.8
20.6	89.62	81.82	5.8
20.8	89.33	81.04	5.8
21.0	88.92	80.07	5.79
21.2	88.41	79.0	5.79
21.4	87.94	78.18	5.79
21.6	87.46	77.41	5.78
21.8	86.99	76.73	5.78
22.0	86.56	76.14	5.78
22.2	86.19	75.69	5.78
22.4	85.96	75.45	5.77
22.6	85.82	75.39	5.77
22.8	85.79	75.5	5.77
23.0	85.86	75.78	5.76
23.2	86.05	76.25	5.76
23.4	86.61	77.38	5.76
23.6	87.22	78.57	5.76
23.8	87.79	79.62	5.76
24.0	88.24	80.39	5.75
24.2	88.27	80.17	5.75
24.4	87.99	79.3	5.75
24.6	87.57	78.16	5.75
24.8	87.05	76.91	5.75
25.0	86.52	75.85	5.75
25.2	86.02	75.09	5.75
25.4	85.52	74.46	5.75
25.6	85.05	73.97	5.75
25.8	84.62	73.63	5.75
26.0	84.28	73.58	5.75
26.2	84.02	73.77	5.75
26.4	83.85	74.09	5.75
26.6	83.78	74.51	5.76
26.8	83.82	75.01	5.76
27.0	84.06	75.46	5.76
27.2	84.44	75.93	5.76
27.4	84.89	76.44	5.76
27.6	85.37	76.99	5.75
27.8	85.88	77.72	5.75
28.0	86.37	78.6	5.75
28.2	86.81	79.4	5.74
28.4	87.13	80.03	5.74
28.6	87.21	80.17	5.73
28.8	87.02	79.76	5.73
29.0	86.69	79.11	5.72
29.2	86.27	78.31	5.72
29.4	85.78	77.44	5.71
29.6	85.31	76.69	5.71
29.8	84.82	75.97	5.7
30.0	84.35	75.32	5.7
30.2	83.92	74.76	5.69
30.4	83.54	74.35	5.69
30.6	83.27	74.22	5.68
30.8	83.08	74.25	5.68
31.0	83.0	74.45	5.67
31.2	83.03	74.81	5.67
31.4	83.24	75.43	5.67
31.6	83.74	76.47	5.67
31.8	84.3	77.5	5.67
32.0	84.84	78.4	5.68
32.2	85.29	79.03	5.68
32.4	85.43	78.79	5.69
32.6	85.45	78.28	5.69
32.8	85.39	77.57	5.7
33.0	85.25	76.74	5.7
33.2	85.06	75.97	5.71
33.4	84.84	75.21	5.71
33.6	84.59	74.49	5.72
33.8	84.34	73.85	5.72
34.0	84.1	73.41	5.73
34.2	83.91	73.24	5.73
34.4	83.75	73.2	5.74
34.6	83.65	73.29	5.74
34.8	83.62	73.5	5.75
35.0	83.71	73.8	5.75
35.2	83.9	74.19	5.75
35.4	84.18	74.66	5.75
35.6	84.52	75.21	5.75
35.8	84.96	75.86	5.75
36.0	85.58	76.76	5.75
36.2	86.19	77.59	5.75
36.4	86.72	78.22	5.75
36.6	87.08	78.45	5.75
36.8	87.08	77.85	5.75
37.0	86.92	76.98	5.75
37.2	86.62	75.95	5.74
37.4	86.2	74.87	5.74
37.6	85.65	74.03	5.74
37.8	85.05	73.27	5.74
38.0	84.43	72.62	5.74
38.2	83.82	72.11	5.74
38.4	83.32	71.93	5.74
38.6	82.93	72.01	5.73
38.8	82.63	72.23	5.73
39.0	82.43	72.54	5.73
39.2	82.36	72.89	5.73
39.4	82.56	73.19	5.73
39.6	82.87	73.48	5.73
39.8	83.22	73.73	5.73
40.0	83.57	73.95	5.73
40.2	83.84	74.12	5.73
40.4	84.02	74.21	5.73
40.6	84.11	74.2	5.73
40.8	84.1	74.05	5.73
41.0	83.84	73.61	5.73
41.2	83.41	72.96	5.73
41.4	82.92	72.24	5.73
41.6	82.39	71.51	5.73
41.8	81.91	70.84	5.73
42.0	81.51	70.31	5.73
42.2	81.18	69.9	5.73
42.4	80.92	69.65	5.73
42.6	80.76	69.59	5.73
42.8	80.73	69.92	5.73
43.0	80.82	70.46	5.73
43.2	81.05	71.18	5.73
43.4	81.41	72.05	5.73
43.6	82.07	73.22	5.73
43.8	82.91	74.52	5.73
44.0	83.76	75.74	5.74
44.2	84.52	76.75	5.74
44.4	84.97	77.15	5.74
44.6	85.18	77.11	5.74
44.8	85.2	76.8	5.75
45.0	85.02	76.25	5.75
45.2	84.49	75.38	5.75
45.4	83.78	74.38	5.75
45.6	82.99	73.37	5.76
45.8	82.18	72.46	5.76
46.0	81.55	72.01	5.76
46.2	81.18	72.19	5.76
46.4	80.92	72.56	5.77
46.6	80.74	73.07	5.77
46.8	80.64	73.63	5.77
47.0	80.61	74.07	5.77
47.2	80.63	74.32	5.77
47.4	80.7	74.53	5.77
47.6	80.79	74.71	5.77
47.8	80.91	74.85	5.77
48.0	80.98	74.92	5.77
48.2	81.06	74.97	5.77
48.4	81.14	75.0	5.77
48.6	81.23	75.02	5.77
48.8	81.33	75.04	5.77
49.0	81.44	75.07	5.76
49.2	81.56	75.14	5.76
49.4	81.68	75.25	5.76
49.6	81.81	75.42	5.76
49.8	81.86	75.71	5.76
50.0	81.92	76.1	5.76
50.2	82.04	76.55	5.75
50.4	82.26	77.09	5.75
50.6	82.64	77.72	5.75
50.8	83.42	78.61	5.75
51.0	84.27	79.47	5.75
51.2	85.12	80.23	5.75
51.4	85.92	80.82	5.74
51.6	86.48	80.9	5.74
51.8	86.91	80.75	5.74
52.0	87.19	80.4	5.74
52.2	87.3	79.89	5.74
52.4	87.09	79.16	5.74
52.6	86.71	78.32	5.74
52.8	86.23	77.45	5.73
53.0	85.7	76.6	5.73
53.2	85.21	75.89	5.73
53.4	84.82	75.39	5.73
53.6	84.48	75.02	5.73
53.8	84.19	74.79	5.73
54.0	83.96	74.7	5.72
54.2	83.86	74.88	5.72
54.4	83.87	75.28	5.72
54.6	83.95	75.77	5.72
54.8	84.12	76.31	5.72
55.0	84.36	76.84	5.72
55.2	84.79	77.38	5.73
55.4	85.23	77.8	5.73
55.6	85.65	78.07	5.73
55.8	85.98	78.12	5.74
56.0	86.02	77.48	5.74
56.2	85.93	76.61	5.74
56.4	85.74	75.64	5.74
56.6	85.46	74.65	5.75
56.8	85.1	73.94	5.75
57.0	84.66	73.5	5.75
57.2	84.21	73.18	5.75
57.4	83.78	73.0	5.76
57.6	83.38	72.94	5.76
57.8	83.02	72.94	5.76
58.0	82.77	73.07	5.76
58.2	82.67	73.38	5.76
58.4	82.77	73.87	5.77
58.6	83.29	74.77	5.77
58.8	84.23	76.06	5.77
59.0	85.29	77.38	5.77
59.2	86.36	78.61	5.77
59.4	87.3	79.53	5.76
59.6	88.0	79.98	5.76
59.8	88.54	80.15	5.76
60.0	88.88	80.06	5.76
60.2	88.9	79.54	5.76
60.4	88.57	78.63	5.76
60.6	88.08	77.57	5.76
60.8	87.49	76.49	5.76
61.0	86.88	75.52	5.76
61.2	86.43	75.12	5.76
61.4	86.02	74.89	5.76
61.6	85.68	74.84	5.76
61.8	85.43	74.94	5.76
62.0	85.33	75.24	5.76
62.2	85.48	75.81	5.76
62.4	85.69	76.4	5.76
62.6	85.92	76.96	5.76
62.8	86.11	77.39	5.75
63.0	86.12	77.35	5.75
63.2	86.03	77.08	5.74
63.4	85.89	76.68	5.74
63.6	85.69	76.21	5.73
63.8	85.42	75.74	5.72
64.0	85.11	75.3	5.71
64.2	84.78	74.87	5.71
64.4	84.46	74.48	5.7
64.6	84.16	74.15	5.69
64.8	83.91	73.94	5.68
65.0	83.72	73.82	5.68
65.2	83.6	73.79	5.67
65.4	83.54	73.83	5.67
65.6	83.57	73.96	5.67
65.8	83.68	74.09	5.67
66.0	83.9	74.34	5.67
66.2	84.25	74.77	5.67
66.4	84.75	75.39	5.68
66.6	85.57	76.56	5.68
66.8	86.62	78.12	5.69
67.0	87.71	79.64	5.69
67.2	88.74	80.97	5.7
67.4	89.54	81.66	5.7
67.6	90.09	81.72	5.7
67.8	90.44	81.44	5.71
68.0	90.56	80.85	5.71
68.2	90.25	79.87	5.72
68.4	89.61	78.64	5.72
68.6	88.84	77.33	5.73
68.8	88.02	76.05	5.73
69.0	87.29	75.02	5.74
69.2	86.89	74.56	5.74
69.4	86.59	74.34	5.74
69.6	86.42	74.35	5.75
69.8	86.38	74.58	5.75
70.0	86.51	75.11	5.75
70.2	86.91	76.11	5.75
70.4	87.38	77.16	5.75
70.6	87.85	78.14	5.75
70.8	88.27	78.94	5.75
71.0	88.48	79.08	5.75
71.2	88.55	78.86	5.75
71.4	88.52	78.42	5.75
71.6	88.37	77.82	5.75
71.8	88.04	77.1	5.75
72.0	87.59	76.32	5.75
72.2	87.07	75.51	5.75
72.4	86.51	74.72	5.75
72.6	85.95	74.01	5.75
72.8	85.44	73.48	5.75
73.0	84.95	73.07	5.75
73.2	84.51	72.79	5.75
73.4	84.13	72.67	5.75
73.6	83.81	72.76	5.75
73.8	83.57	73.08	5.75
74.0	83.43	73.56	5.74
74.2	83.41	74.18	5.74
74.4	83.53	74.93	5.74
74.6	84.07	76.01	5.74
74.8	84.73	77.15	5.74
75.0	85.37	78.18	5.74
75.2	85.87	78.98	5.74
75.4	85.84	79.01	5.74
75.6	85.53	78.64	5.74
75.8	85.08	78.08	5.74
76.0	84.55	77.44	5.74
76.2	84.09	77.02	5.74
76.4	83.69	76.76	5.74
76.6	83.3	76.59	5.74
76.8	82.95	76.5	5.74
77.0	82.66	76.5	5.74
77.2	82.45	76.71	5.73
77.4	82.32	77.02	5.73
77.6	82.26	77.41	5.73
77.8	82.28	77.83	5.73
78.0	82.4	78.3	5.73
78.2	82.71	78.8	5.73
78.4	83.05	79.28	5.73
78.6	83.4	79.69	5.73
78.8	83.72	79.99	5.73
79.0	83.83	79.94	5.72
79.2	83.87	79.77	5.72
79.4	83.88	79.55	5.72
79.6	83.85	79.3	5.72
79.8	83.78	79.13	5.72
80.0	83.7	79.05	5.71
80.2	83.67	79.06	5.71
80.4	83.72	79.18	5.71
80.6	83.88	79.44	5.71
80.8	84.36	80.13	5.71
81.0	84.98	80.91	5.7
81.2	85.7	81.7	5.7
81.4	86.51	82.44	5.7
81.6	87.52	82.96	5.7
81.8	88.59	83.27	5.69
82.0	89.58	83.41	5.69
82.2	90.39	83.37	5.68
82.4	90.68	83.01	5.68
82.6	90.59	82.42	5.67
82.8	90.28	81.69	5.66
83.0	89.79	80.84	5.66
83.2	89.16	79.93	5.65
83.4	88.42	78.97	5.65
83.6	87.65	78.04	5.64
83.8	86.89	77.17	5.64
84.0	86.18	76.43	5.63
84.2	85.69	76.0	5.62
84.4	85.33	75.75	5.62
84.6	85.09	75.65	5.61
84.8	85.0	75.69	5.61
85.0	85.21	75.94	5.6
85.2	85.65	76.36	5.6
85.4	86.09	76.78	5.59
85.6	86.45	77.15	5.59
85.8	86.42	77.23	5.58
86.0	86.02	77.01	5.57
86.2	85.48	76.71	5.56
86.4	84.84	76.38	5.56
86.6	84.16	76.04	5.55
86.8	83.5	75.76	5.54
87.0	82.91	75.6	5.53
87.2	82.43	75.65	5.53
87.4	82.16	76.05	5.52
87.6	82.2	77.01	5.51
87.8	82.42	78.13	5.51
88.0	82.82	79.3	5.5
88.2	83.51	80.36	5.49
88.4	84.4	81.24	5.48
88.6	85.25	81.94	5.48
88.8	85.96	82.4	5.47
89.0	86.12	82.48	5.46
89.2	86.02	82.27	5.46
89.4	85.68	81.8	5.45
89.6	85.06	80.97	5.44
89.8	84.2	79.8	5.43
90.0	83.25	78.56	5.43
90.2	82.29	77.36	5.42
90.4	81.66	76.67	5.41
90.6	81.13	76.21	5.4
90.8	80.63	75.84	5.4
91.0	80.1	75.53	5.39
91.2	79.32	74.99	5.38
91.4	78.46	74.44	5.38
91.6	77.59	73.94	5.37
91.8	76.77	73.54	5.36
92.0	75.97	73.38	5.35
92.2	75.29	73.38	5.35
92.4	74.83	73.51	5.34
92.6	74.63	73.75	5.33
92.8	75.08	74.14	5.33
93.0	75.89	74.63	5.32
93.2	76.88	75.17	5.31
93.4	77.95	75.74	5.3
93.6	78.84	76.32	5.29
93.8	79.69	76.86	5.27
94.0	80.5	77.29	5.25
94.2	81.24	77.49	5.22
94.4	81.84	77.27	5.19
94.6	82.4	76.98	5.16
94.8	82.95	76.7	5.13
95.0	83.6	76.71	5.1
95.2	84.39	77.17	5.07
95.4	85.11	77.62	5.04
95.6	85.7	77.93	5.01
95.8	85.88	77.62	4.99
96.0	85.77	76.89	4.96
96.2	85.51	75.98	4.93
96.4	85.16	74.99	4.9
96.6	84.83	74.11	4.86
96.8	84.51	73.31	4.82
97.0	84.22	72.61	4.79
97.2	83.98	72.07	4.77
97.4	84.01	71.98	4.79
97.6	84.14	72.1	4.83
97.8	84.24	72.23	4.88
98.0	84.25	72.29	4.94
98.2	83.89	71.81	5.01
98.4	83.37	71.16	5.08
98.6	82.78	70.41	5.16
98.8	82.14	69.63	5.25
99.0	81.58	68.89	5.32
99.2	81.06	68.23	5.39
99.4	80.57	67.71	5.47
99.6	80.11	67.36	5.53
99.8	79.63	67.36	5.6
100.0	79.15	67.73	5.67
100.2	78.8	68.33	5.73
100.4	78.64	69.14	5.78
100.6	78.78	70.19	5.82
100.8	79.45	71.57	5.84
101.0	80.31	73.0	5.85
101.2	81.32	74.37	5.86
101.4	82.42	75.5	5.87
101.6	83.54	76.2	5.88
101.8	84.61	76.69	5.89
102.0	85.56	76.96	5.91
102.2	86.18	76.99	5.92
102.4	86.48	76.8	5.93
102.6	86.62	76.5	5.95
102.8	86.64	76.14	5.96
103.0	86.56	75.75	5.97
103.2	86.44	75.41	5.99
103.4	86.31	75.18	6.0
103.6	86.22	75.13	6.01
103.8	86.27	75.55	6.02
104.0	86.46	76.35	6.03
104.2	86.76	77.28	6.04
104.4	87.16	78.27	6.05
104.6	87.83	79.23	6.06
104.8	88.66	80.09	6.06
105.0	89.45	80.78	6.07
105.2	90.09	81.22	6.08
105.4	90.23	81.03	6.08
105.6	90.09	80.49	6.09
105.8	89.78	79.78	6.1
106.0	89.34	78.96	6.11
106.2	88.86	78.31	6.11
106.4	88.34	77.7	6.12
106.6	87.81	77.14	6.13
106.8	87.27	76.65	6.13
107.0	86.8	76.25	6.14
107.2	86.4	75.94	6.15
107.4	86.08	75.81	6.15
107.6	85.86	75.87	6.16
107.8	85.75	76.16	6.17
108.0	85.73	76.93	6.17
108.2	85.87	77.96	6.18
108.4	86.2	79.2	6.18
108.6	86.76	80.6	6.19
108.8	87.78	82.24	6.19
109.0	89.18	84.03	6.19
109.2	90.69	85.78	6.19
109.4	92.2	87.4	6.2
109.6	93.54	88.75	6.2
109.8	94.66	89.76	6.2
110.0	95.59	90.41	6.2
110.2	96.27	90.63	6.2
110.4	96.42	89.82	6.21
110.6	96.35	88.68	6.21
110.8	96.14	87.46	6.21
111.0	95.94	86.52	6.21
111.2	95.95	86.49	6.21
111.4	95.99	86.72	6.22
111.6	96.03	87.1	6.22
111.8	96.05	87.55	6.22
112.0	96.0	87.7	6.22
112.2	95.93	87.85	6.23
112.4	95.86	88.02	6.23
112.6	95.81	88.22	6.23
112.8	95.85	88.56	6.24
113.0	95.93	88.96	6.25
113.2	95.99	89.36	6.26
113.4	96.02	89.72	6.27
113.6	95.89	89.93	6.28
113.8	95.69	90.04	6.29
114.0	95.44	90.1	6.3
114.2	95.17	90.1	6.31
114.4	94.9	90.05	6.32
114.6	94.63	89.96	6.32
114.8	94.36	89.86	6.33
115.0	94.08	89.76	6.34
115.2	93.78	89.66	6.35
115.4	93.49	89.6	6.36
115.6	93.21	89.6	6.37
115.8	92.95	89.66	6.38
116.0	92.62	89.8	6.39
116.2	92.35	90.05	6.39
116.4	92.21	90.45	6.4
116.6	92.28	91.05	6.4
116.8	92.91	92.17	6.4
117.0	93.65	93.33	6.4
117.2	94.39	94.38	6.39
117.4	94.9	95.01	6.39
117.6	95.15	95.19	6.38
117.8	95.2	95.05	6.37
118.0	95.03	94.55	6.36
118.2	94.51	93.5	6.36
118.4	93.82	92.23	6.35
118.6	93.0	90.89	6.34
118.8	92.13	89.69	6.33
119.0	91.3	88.83	6.33
119.2	90.46	88.12	6.32
119.4	89.65	87.59	6.31
119.6	88.89	87.24	6.31
119.8	88.12	87.13	6.3
120.0	87.49	87.21	6.29
120.2	87.03	87.44	6.28
120.4	86.81	87.83	6.28
120.6	87.05	88.37	6.27
120.8	87.66	89.04	6.26
121.0	88.47	89.81	6.25
121.2	89.4	90.66	6.25
121.4	90.47	91.74	6.24
121.6	91.56	92.88	6.24
121.8	92.54	93.87	6.24
122.0	93.33	94.58	6.24
122.2	93.48	94.4	6.24
122.4	93.38	93.86	6.24
122.6	93.09	93.1	6.24
122.8	92.68	92.21	6.24
123.0	92.27	91.38	6.24
123.2	91.85	90.58	6.24
123.4	91.44	89.88	6.23
123.6	91.1	89.32	6.23
123.8	90.95	89.21	6.23
124.0	90.93	89.37	6.23
124.2	91.02	89.67	6.23
124.4	91.22	90.09	6.23
124.6	91.69	90.7	6.23
124.8	92.29	91.36	6.23
125.0	92.82	91.87	6.24
125.2	93.17	92.09	6.24
125.4	92.84	91.35	6.24
125.6	92.19	90.19	6.24
125.8	91.39	88.86	6.24
126.0	90.53	87.54	6.25
126.2	89.9	86.84	6.25
126.4	89.36	86.41	6.25
126.6	88.89	86.15	6.25
126.8	88.5	86.06	6.25
127.0	88.16	86.06	6.25
127.2	87.83	86.02	6.25
127.4	87.64	86.17	6.25
127.6	87.65	86.55	6.25
127.8	87.89	87.2	6.25
128.0	88.69	88.59	6.25
128.2	89.76	90.26	6.25
128.4	90.96	91.98	6.25
128.6	92.19	93.62	6.25
128.8	93.27	94.72	6.25
129.0	94.26	95.57	6.25
129.2	95.16	96.21	6.25
129.4	95.9	96.62	6.25
129.6	96.32	96.65	6.25
129.8	96.62	96.56	6.24
130.0	96.83	96.39	6.24
130.2	96.98	96.25	6.24
130.4	97.15	96.41	6.24
130.6	97.32	96.66	6.24
130.8	97.53	96.96	6.24
131.0	97.81	97.32	6.24
131.2	98.46	97.98	6.24
131.4	99.14	98.59	6.24
131.6	99.68	98.94	6.24
131.8	99.93	98.83	6.25
132.0	99.46	97.57	6.25
132.2	98.73	96.01	6.26
132.4	97.84	94.31	6.26
132.6	96.92	92.84	6.26
132.8	96.16	92.04	6.27
133.0	95.4	91.43	6.27
133.2	94.65	90.95	6.27
133.4	93.9	90.57	6.27
133.6	93.14	90.09	6.28
133.8	92.4	89.61	6.28
134.0	91.7	89.18	6.28
134.2	91.06	88.84	6.28
134.4	90.51	88.59	6.29
134.6	89.95	88.4	6.29
134.8	89.53	88.35	6.29
135.0	89.32	88.49	6.29
135.2	89.38	88.84	6.29
135.4	89.95	89.6	6.29
135.6	90.9	90.67	6.29
135.8	92.04	91.85	6.29
136.0	93.28	93.07	6.29
136.2	94.47	94.18	6.29
136.4	95.63	95.2	6.28
136.6	96.75	96.12	6.28
136.8	97.77	96.83	6.28
137.0	98.6	97.22	6.27
137.2	99.34	97.5	6.27
137.4	100.0	97.73	6.27
137.6	100.61	98.13	6.26
137.8	101.17	98.72	6.26
138.0	101.68	99.27	6.26
138.2	102.12	99.69	6.25
138.4	102.57	99.83	6.25
138.6	102.97	99.69	6.26
138.8	103.26	99.33	6.26
139.0	103.39	98.75	6.27
139.2	103.07	97.72	6.27
139.4	102.6	96.56	6.28
139.6	102.09	95.38	6.28
139.8	101.61	94.3	6.29
140.0	101.76	93.88	6.29
140.2	101.99	93.67	6.29
140.4	102.18	93.6	6.3
140.6	102.23	93.62	6.3
140.8	101.59	93.51	6.31
141.0	100.36	93.3	6.31
141.2	99.08	93.18	6.31
141.4	97.9	93.2	6.32
141.6	96.97	93.41	6.32
141.8	97.14	94.39	6.32
142.0	97.56	95.41	6.32
142.2	98.09	96.31	6.32
142.4	98.62	96.86	6.32
142.6	98.9	96.48	6.32
142.8	99.06	95.86	6.32
143.0	99.06	95.11	6.32
143.2	98.72	94.45	6.32
143.4	98.06	93.97	6.32
143.6	97.31	93.62	6.33
143.8	96.54	93.44	6.33
144.0	95.94	93.65	6.33
144.2	95.51	94.13	6.33
144.4	95.21	94.74	6.33
144.6	95.07	95.39	6.33
144.8	95.27	96.01	6.33
145.0	95.63	96.55	6.33
145.2	95.99	96.94	6.33
145.4	96.19	97.07	6.33
145.6	96.04	96.75	6.33
145.8	95.72	96.22	6.33
146.0	95.22	95.53	6.33
146.2	94.47	94.74	6.33
146.4	93.53	93.9	6.33
146.6	92.53	93.07	6.33
146.8	91.53	92.32	6.33
147.0	90.71	91.83	6.33
147.2	90.04	91.54	6.33
147.4	89.47	91.38	6.33
147.6	89.02	91.32	6.33
147.8	88.64	91.29	6.33
148.0	88.35	91.28	6.34
148.2	88.23	91.44	6.34
148.4	88.33	91.81	6.34
148.6	88.79	92.63	6.34
148.8	89.57	93.81	6.35
149.0	90.51	95.09	6.35
149.2	91.54	96.36	6.35
149.4	92.66	97.55	6.36
149.6	93.74	98.49	6.36
149.8	94.68	99.05	6.36
150.0	95.25	98.71	6.37
150.2	95.42	97.48	6.37
150.4	95.39	96.0	6.37
150.6	95.22	94.52	6.38
150.8	94.99	93.88	6.38
151.0	94.71	93.82	6.38
151.2	94.42	93.99	6.39
151.4	94.14	94.31	6.39
151.6	93.91	94.59	6.39
151.8	93.78	94.65	6.39
152.0	93.75	94.78	6.39
152.2	93.85	95.01	6.4
152.4	94.14	95.41	6.4
152.6	94.83	96.31	6.4
152.8	95.59	97.22	6.4
153.0	96.37	98.02	6.4
153.2	97.06	98.48	6.39
153.4	97.56	98.46	6.39
153.6	97.9	98.16	6.39
153.8	98.03	97.63	6.39
154.0	97.64	96.62	6.39
154.2	96.97	95.42	6.39
154.4	96.19	94.28	6.39
154.6	95.41	93.36	6.39
154.8	94.99	93.47	6.39
155.0	94.77	94.13	6.39
155.2	94.68	95.08	6.39
155.4	94.69	96.21	6.39
155.6	94.83	97.4	6.39
155.8	95.08	98.54	6.39
156.0	95.4	99.55	6.39
156.2	95.77	100.36	6.39
156.4	96.17	100.78	6.38
156.6	96.63	100.53	6.38
156.8	97.01	100.02	6.38
157.0	97.25	99.33	6.38
157.2	97.1	98.57	6.37
157.4	96.59	97.81	6.37
157.6	95.95	97.05	6.37
157.8	95.24	96.34	6.36
158.0	94.67	95.82	6.36
158.2	94.22	95.47	6.36
158.4	93.83	95.24	6.35
158.6	93.49	95.12	6.35
158.8	93.21	95.11	6.34
159.0	92.92	95.16	6.34
159.2	92.73	95.34	6.34
159.4	92.69	95.65	6.33
159.6	92.82	96.11	6.33
159.8	93.4	97.02	6.33
160.0	94.15	98.01	6.33
160.2	94.91	98.89	6.32
160.4	95.59	99.45	6.32
160.6	95.98	99.25	6.32
160.8	96.24	98.84	6.32
161.0	96.38	98.3	6.32
161.2	96.33	97.89	6.32
161.4	96.13	97.65	6.32
161.6	95.85	97.48	6.32
161.8	95.54	97.36	6.32
162.0	95.25	97.25	6.32
162.2	95.0	97.16	6.32
162.4	94.84	97.18	6.32
162.6	94.78	97.36	6.32
162.8	94.9	97.79	6.32
163.0	95.38	98.89	6.32
163.2	95.97	100.01	6.32
163.4	96.62	101.02	6.32
163.6	97.28	101.61	6.32
163.8	97.91	101.52	6.32
164.0	98.45	101.1	6.32
164.2	98.89	100.4	6.32
164.4	99.0	99.21	6.32
164.6	98.88	97.77	6.32
164.8	98.69	96.36	6.32
165.0	98.48	95.19	6.32
165.2	98.5	95.14	6.32
165.4	98.7	95.96	6.32
165.6	98.98	97.06	6.32
165.8	99.31	98.25	6.32
166.0	99.67	99.34	6.32
166.2	100.14	99.5	6.32
166.4	100.59	99.41	6.32
166.6	100.95	99.21	6.32
166.8	101.18	98.95	6.31
167.0	100.93	98.83	6.31
167.2	100.5	98.75	6.31
167.4	100.02	98.69	6.31
167.6	99.56	98.66	6.31
167.8	99.37	98.52	6.31
168.0	99.34	98.43	6.3
168.2	99.42	98.5	6.3
168.4	99.59	98.83	6.3
168.6	100.0	100.14	6.3
168.8	100.44	101.68	6.3
169.0	100.8	102.99	6.3
169.2	100.89	103.5	6.29
169.4	100.48	102.34	6.29
169.6	99.88	100.74	6.29
169.8	99.14	98.98	6.29
170.0	98.37	97.75	6.29
170.2	97.63	97.36	6.28
170.4	96.89	97.22	6.28
170.6	96.19	97.25	6.28
170.8	95.54	97.34	6.28
171.0	94.95	97.23	6.28
171.2	94.48	97.2	6.28
171.4	94.17	97.29	6.27
171.6	94.05	97.53	6.27
171.8	94.43	98.33	6.27
172.0	94.94	99.15	6.27
172.2	95.49	99.85	6.27
172.4	95.94	100.13	6.27
172.6	96.18	99.76	6.27
172.8	96.31	99.17	6.27
173.0	96.31	98.46	6.27
173.2	96.09	97.81	6.27
173.4	95.73	97.23	6.27
173.6	95.32	96.75	6.27
173.8	94.91	96.43	6.27
174.0	94.57	96.47	6.27
174.2	94.34	96.77	6.27
174.4	94.25	97.24	6.27
174.6	94.34	97.85	6.27
174.8	94.83	98.65	6.27
175.0	95.61	99.56	6.27
175.2	96.5	100.43	6.27
175.4	97.43	101.2	6.27
175.6	98.32	101.65	6.27
175.8	99.11	101.87	6.27
176.0	99.74	101.88	6.28
176.2	100.08	101.59	6.28
176.4	100.0	100.96	6.28
176.6	99.74	100.19	6.28
176.8	99.36	99.36	6.28
177.0	98.99	98.65	6.28
177.2	98.65	98.1	6.28
177.4	98.32	97.64	6.28
177.6	97.99	97.3	6.28
177.8	97.69	97.1	6.29
178.0	97.39	97.12	6.29
178.2	97.18	97.27	6.29
178.4	97.07	97.56	6.29
178.6	97.1	97.98	6.29
178.8	97.56	98.78	6.29
179.0	98.13	99.6	6.29
179.2	98.7	100.29	6.29
179.4	99.16	100.64	6.29
179.6	99.33	100.24	6.29
179.8	99.37	99.62	6.3
180.0	99.27	98.88	6.3
180.2	99.01	98.24	6.3
180.4	98.59	97.76	6.3
180.6	98.11	97.38	6.3
180.8	97.61	97.12	6.3
181.0	97.17	97.1	6.3
181.2	96.85	97.35	6.31
181.4	96.6	97.72	6.31
181.6	96.46	98.19	6.31
181.8	96.44	98.71	6.31
182.0	96.69	99.33	6.31
182.2	97.04	99.91	6.31
182.4	97.45	100.4	6.31
182.6	97.87	100.72	6.31
182.8	98.22	100.57	6.31
183.0	98.55	100.33	6.32
183.2	98.85	100.07	6.32
183.4	99.1	99.99	6.32
183.6	99.27	100.19	6.32
183.8	99.39	100.48	6.32
184.0	99.47	100.83	6.32
184.2	99.55	101.19	6.32
184.4	99.63	101.51	6.32
184.6	99.63	101.85	6.33
184.8	99.52	102.21	6.33
185.0	99.45	102.72	6.33
185.2	99.48	103.4	6.33
185.4	99.52	103.88	6.33
185.6	99.55	104.01	6.33
185.8	99.59	102.9	6.33
186.0	99.62	101.13	6.33
186.2	99.66	99.32	6.34
186.4	99.69	97.79	6.34
186.6	99.73	98.05	6.34
186.8	99.76	98.96	6.34
187.0	99.79	100.07	6.34
187.2	99.83	101.14	6.34
187.4	99.86	101.34	6.34
187.6	99.9	101.11	6.34
187.8	99.93	100.66	6.35
188.0	99.97	100.04	6.35
188.2	100.0	99.24	6.35
188.4	100.03	98.39	6.35
188.6	99.76	97.58	6.35
188.8	99.28	96.91	6.35
189.0	98.75	96.66	6.35
189.2	98.14	96.56	6.35
189.4	97.52	96.58	6.35
189.6	96.93	96.69	6.36
189.8	96.49	96.78	6.36
190.0	96.17	96.94	6.36
190.2	96.02	97.17	6.36
190.4	96.13	97.53	6.36
190.6	96.68	98.07	6.36
190.8	97.32	98.63	6.36
191.0	97.97	99.14	6.36
191.2	98.39	99.49	6.36
191.4	98.61	99.68	6.35
191.6	98.7	99.76	6.35
191.8	98.62	99.68	6.35
192.0	98.32	99.41	6.35
192.2	97.92	99.05	6.35
192.4	97.48	98.64	6.35
192.6	97.04	98.14	6.35
192.8	96.63	97.61	6.34
193.0	96.33	97.25	6.34
193.2	96.18	97.18	6.34
193.4	96.36	97.88	6.34
193.6	96.8	99.09	6.34
193.8	97.39	100.41	6.34
194.0	98.13	101.68	6.34
194.2	99.1	102.65	6.34
194.4	100.02	103.3	6.34
194.6	100.77	103.52	6.34
194.8	101.13	102.97	6.34
195.0	101.12	101.85	6.34
195.2	100.76	100.27	6.34
195.4	99.77	98.05	6.34
195.6	98.31	95.43	6.34
195.8	96.69	92.79	6.34
196.0	95.12	90.44	6.34
196.2	94.19	89.3	6.34
196.4	93.44	88.63	6.34
196.6	92.84	88.39	6.35
196.8	92.36	88.52	6.35
197.0	91.96	89.06	6.35
197.2	91.62	89.89	6.35
197.4	91.3	90.82	6.35
197.6	90.98	91.74	6.35
197.8	90.58	92.45	6.35
198.0	89.96	92.41	6.35
198.2	89.33	92.33	6.35
198.4	88.73	92.31	6.35
198.6	88.21	92.55	6.35
198.8	87.83	93.36	6.35
199.0	87.6	94.41	6.35
199.2	87.56	95.66	6.35
199.4	87.79	97.15	6.35
199.6	88.39	98.89	6.35
199.8	89.14	100.62	6.35
200.0	89.96	102.19	6.35
200.2	90.83	103.42	6.35
200.4	91.64	104.25	6.35
200.6	92.27	104.64	6.35
200.8	92.47	104.32	6.35
201.0	92.11	103.16	6.35
201.2	91.52	101.7	6.35
201.4	90.82	100.15	6.35
201.6	90.29	99.19	6.34
201.8	89.8	98.46	6.34
202.0	89.35	97.88	6.34
202.2	88.93	97.43	6.34
202.4	88.56	97.0	6.34
202.6	88.25	96.63	6.34
202.8	88.0	96.42	6.34
203.0	87.83	96.39	6.34
203.2	87.75	96.63	6.34
203.4	87.82	97.49	6.34
203.6	87.96	98.43	6.34
203.8	88.17	99.31	6.34
204.0	88.45	99.97	6.34
204.2	88.8	100.08	6.34
204.4	89.17	99.94	6.34
204.6	89.53	99.58	6.34
204.8	89.81	98.97	6.35
205.0	90.01	98.15	6.35
205.2	90.13	97.21	6.35
205.4	90.15	96.23	6.35
205.6	90.01	95.33	6.35
205.8	89.72	94.53	6.35
206.0	89.36	93.82	6.36
206.2	88.99	93.23	6.36
206.4	88.64	92.76	6.36
206.6	88.38	92.44	6.36
206.8	88.19	92.31	6.36
207.0	88.09	92.4	6.36
207.2	88.1	92.73	6.36
207.4	88.31	93.59	6.37
207.6	88.69	94.86	6.37
207.8	89.16	96.15	6.37
208.0	89.7	97.34	6.37
208.2	90.3	98.05	6.38
208.4	90.92	98.33	6.38
208.6	91.49	98.35	6.38
208.8	92.0	98.13	6.38
209.0	92.25	97.51	6.39
209.2	92.37	96.74	6.39
209.4	92.41	95.94	6.39
209.6	92.38	95.22	6.4
209.8	92.32	95.05	6.4
210.0	92.23	95.13	6.4
210.2	92.14	95.36	6.4
210.4	92.07	95.72	6.41
210.6	92.01	96.11	6.41
210.8	91.99	96.47	6.41
211.0	92.05	96.9	6.41
211.2	92.23	97.41	6.41
211.4	92.61	98.03	6.41
211.6	93.43	98.99	6.41
211.8	94.31	99.89	6.41
212.0	95.14	100.59	6.4
212.2	95.73	100.78	6.4
212.4	95.96	100.32	6.39
212.6	96.03	99.61	6.39
212.8	95.97	98.75	6.39
213.0	95.78	97.89	6.38
213.2	95.5	97.1	6.38
213.4	95.16	96.39	6.37
213.6	94.8	95.82	6.37
213.8	94.41	95.54	6.37
214.0	94.02	95.68	6.36
214.2	93.72	96.01	6.36
214.4	93.57	96.52	6.35
214.6	93.61	97.17	6.35
214.8	94.23	98.09	6.34
215.0	95.03	99.02	6.34
215.2	95.91	99.87	6.34
215.4	96.81	100.53	6.34
215.6	97.6	100.65	6.33
215.8	98.29	100.57	6.33
216.0	98.83	100.32	6.33
216.2	99.04	99.93	6.33
216.4	98.8	99.45	6.33
216.6	98.39	98.96	6.33
216.8	97.91	98.5	6.33
217.0	97.45	98.18	6.33
217.2	97.18	98.16	6.33
217.4	97.0	98.28	6.33
217.6	96.92	98.52	6.33
217.8	96.98	98.87	6.33
218.0	97.47	99.64	6.33
218.2	98.0	100.36	6.33
218.4	98.47	100.9	6.33
218.6	98.73	101.01	6.33
218.8	98.52	100.24	6.33
219.0	98.12	99.19	6.33
219.2	97.58	98.01	6.33
219.4	96.95	96.91	6.33
219.6	96.27	96.05	6.32
219.8	95.58	95.32	6.32
220.0	94.9	94.75	6.32
220.2	94.27	94.41	6.32
220.4	93.73	94.48	6.32
220.6	93.32	94.75	6.32
220.8	93.07	95.2	6.32
221.0	93.02	95.78	6.32
221.2	93.44	96.56	6.32
221.4	94.08	97.39	6.32
221.6	94.79	98.16	6.32
221.8	95.48	98.8	6.32
222.0	95.97	99.08	6.32
222.2	96.36	99.16	6.32
222.4	96.6	99.04	6.32
222.6	96.61	98.59	6.32
222.8	96.35	97.85	6.32
223.0	95.99	97.07	6.33
223.2	95.57	96.37	6.33
223.4	95.16	96.15	6.33
223.6	94.81	96.42	6.33
223.8	94.53	96.87	6.33
224.0	94.36	97.45	6.33
224.2	94.38	98.06	6.33
224.4	94.67	98.55	6.33
224.6	95.13	99.1	6.33
224.8	95.73	99.71	6.34
225.0	96.54	100.51	6.34
225.2	97.57	101.56	6.34
225.4	98.6	102.53	6.34
225.6	99.56	103.31	6.34
225.8	100.2	103.49	6.34
226.0	100.58	103.23	6.35
226.2	100.78	102.73	6.35
226.4	100.8	102.04	6.35
226.6	100.54	101.12	6.35
226.8	100.16	100.17	6.35
227.0	99.7	99.28	6.35
227.2	99.22	98.56	6.35
227.4	98.83	98.56	6.36
227.6	98.51	98.88	6.36
227.8	98.27	99.34	6.36
228.0	98.13	99.83	6.36
228.2	98.24	100.18	6.36
228.4	98.59	100.31	6.36
228.6	98.95	100.33	6.36
228.8	99.26	100.23	6.36
229.0	99.35	100.0	6.36
229.2	99.22	99.61	6.36
229.4	98.93	99.09	6.36
229.6	98.49	98.41	6.36
229.8	97.72	97.37	6.36
230.0	96.84	96.22	6.36
230.2	95.92	95.09	6.36
230.4	95.06	94.08	6.35
230.6	94.54	93.55	6.35
230.8	94.2	93.32	6.35
231.0	93.98	93.31	6.35
231.2	93.85	93.52	6.35
231.4	93.75	94.0	6.35
231.6	93.64	94.75	6.35
231.8	93.65	95.6	6.35
232.0	93.79	96.46	6.35
232.2	94.21	97.27	6.36
232.4	94.97	97.93	6.36
232.6	95.74	98.41	6.36
232.8	96.42	98.62	6.36
233.0	96.64	98.24	6.36
233.2	96.55	97.48	6.36
233.4	96.28	96.56	6.37
233.6	95.88	95.6	6.37
233.8	95.4	94.94	6.37
234.0	94.86	94.38	6.37
234.2	94.31	93.93	6.37
234.4	93.79	93.63	6.38
234.6	93.36	93.49	6.38
234.8	93.03	93.53	6.38
235.0	92.84	93.76	6.38
235.2	92.81	94.17	6.38
235.4	93.03	94.88	6.39
235.6	93.58	95.97	6.39
235.8	94.26	97.13	6.4
236.0	95.01	98.25	6.4
236.2	95.78	99.11	6.41
236.4	96.51	99.67	6.41
236.6	97.21	100.06	6.42
236.8	97.83	100.3	6.42
237.0	98.26	100.29	6.43
237.2	98.56	100.17	6.43
237.4	98.78	100.05	6.44
237.6	98.93	100.01	6.44
237.8	98.9	100.42	6.45
238.0	98.84	101.03	6.45
238.2	98.85	101.7	6.46
238.4	99.0	102.34	6.46
238.6	99.72	102.92	6.46
238.8	100.69	103.35	6.45
239.0	101.63	103.53	6.45
239.2	102.37	103.39	6.43
239.4	102.34	102.36	6.41
239.6	102.02	101.05	6.38
239.8	101.49	99.63	6.35
240.0	100.8	98.28	6.31
240.2	100.08	97.37	6.28
240.4	99.28	96.65	6.25
240.6	98.45	96.16	6.22
240.8	97.62	95.92	6.19
241.0	96.73	96.13	6.16
241.2	95.9	96.66	6.13
241.4	95.22	97.36	6.1
241.6	94.77	98.18	6.07
241.8	94.87	99.1	6.04
242.0	95.43	100.04	6.01
242.2	96.09	100.88	5.98
242.4	96.74	101.54	5.95
242.6	96.99	101.7	5.91
242.8	97.05	101.57	5.88
243.0	97.01	101.26	5.84
243.2	96.87	100.8	5.8
243.4	96.66	100.23	5.77
243.6	96.41	99.62	5.73
243.8	96.14	99.02	5.7
244.0	95.85	98.49	5.66
244.2	95.57	98.11	5.62
244.4	95.35	97.84	5.58
244.6	95.24	97.73	5.55
244.8	95.37	97.94	5.52
245.0	95.81	98.55	5.5
245.2	96.28	99.1	5.48
245.4	96.71	99.44	5.47
245.6	96.89	99.06	5.47
245.8	96.85	98.15	5.48
246.0	96.63	96.94	5.49
246.2	96.22	95.52	5.5
246.4	95.43	93.88	5.51
246.6	94.51	92.2	5.52
246.8	93.54	90.57	5.53
247.0	92.6	89.11	5.53
247.2	91.99	88.33	5.54
247.4	91.54	87.89	5.55
247.6	91.2	87.67	5.55
247.8	90.98	87.63	5.56
248.0	90.84	87.71	5.56
248.2	90.69	87.78	5.57
248.4	90.69	87.96	5.57
248.6	90.87	88.21	5.57
248.8	91.28	88.55	5.58
249.0	92.25	89.1	5.58
249.2	93.37	89.65	5.58
249.4	94.53	90.09	5.58
249.6	95.58	90.34	5.58
249.8	96.36	90.27	5.58
250.0	96.96	89.93	5.58
250.2	97.35	89.26	5.58
250.4	97.36	87.95	5.58
250.6	97.0	86.04	5.58
250.8	96.48	83.99	5.59
251.0	95.86	81.97	5.59
251.2	95.27	80.34	5.59
251.4	94.83	79.57	5.59
251.6	94.47	79.12	5.59
251.8	94.2	78.95	5.59
252.0	94.07	79.02	5.59
252.2	94.18	79.37	5.59
252.4	94.53	79.91	5.59
252.6	94.97	80.49	5.59
252.8	95.48	81.04	5.59
253.0	96.06	81.42	5.59
253.2	96.69	81.56	5.59
253.4	97.23	81.47	5.59
253.6	97.62	81.11	5.59
253.8	97.59	80.13	5.59
254.0	97.18	78.63	5.59
254.2	96.61	77.0	5.59
254.4	95.95	75.39	5.59
254.6	95.37	74.21	5.58
254.8	94.97	73.69	5.58
255.0	94.62	73.43	5.58
255.2	94.3	73.37	5.58
255.4	94.01	73.48	5.58
255.6	93.68	73.66	5.58
255.8	93.36	73.9	5.58
256.0	93.11	74.22	5.58
256.2	92.96	74.59	5.58
256.4	92.97	75.01	5.58
256.6	93.38	75.6	5.58
256.8	93.85	76.12	5.59
257.0	94.32	76.48	5.59
257.2	94.7	76.56	5.59
257.4	94.78	76.02	5.59
257.6	94.73	75.24	5.59
257.8	94.56	74.32	5.6
258.0	94.26	73.32	5.6
258.2	93.78	72.35	5.6
258.4	93.23	71.43	5.6
258.6	92.67	70.6	5.6
258.8	92.13	69.93	5.6
259.0	91.76	69.65	5.61
259.2	91.51	69.63	5.61
259.4	91.33	69.81	5.61
259.6	91.25	70.17	5.61
259.8	91.25	70.69	5.61
260.0	91.24	71.32	5.61
260.2	91.38	72.11	5.61
260.4	91.72	73.03	5.62
260.6	92.28	74.1	5.62
260.8	93.46	75.62	5.62
261.0	94.81	77.14	5.62
261.2	96.2	78.49	5.62
261.4	97.51	79.47	5.62
261.6	98.63	79.81	5.62
261.8	99.48	79.68	5.62
262.0	99.97	79.08	5.63
262.2	99.69	77.64	5.63
262.4	98.59	75.38	5.63
262.6	97.19	72.91	5.63
262.8	95.67	70.47	5.63
263.0	94.4	68.62	5.63
263.2	93.93	68.19	5.63
263.4	93.67	68.25	5.63
263.6	93.6	68.7	5.64
263.8	93.68	69.48	5.64
264.0	93.88	70.49	5.64
264.2	94.15	71.73	5.64
264.4	94.48	73.05	5.64
264.6	94.83	74.31	5.64
264.8	95.2	75.4	5.64
265.0	95.56	76.15	5.64
265.2	95.9	76.32	5.63
265.4	96.14	76.17	5.63
265.6	96.24	75.7	5.63
265.8	96.03	74.77	5.62
266.0	95.41	73.34	5.62
266.2	94.67	71.79	5.61
266.4	93.89	70.26	5.61
266.6	93.19	69.0	5.6
266.8	92.89	68.59	5.6
267.0	92.7	68.48	5.59
267.2	92.59	68.65	5.59
267.4	92.54	69.03	5.58
267.6	92.52	69.64	5.58
267.8	92.44	70.47	5.58
268.0	92.41	71.38	5.57
268.2	92.45	72.3	5.57
268.4	92.55	73.17	5.56
268.6	92.89	73.82	5.56
268.8	93.31	74.29	5.55
269.0	93.72	74.59	5.55
269.2	94.05	74.7	5.54
269.4	94.1	74.4	5.53
269.6	94.01	73.9	5.53
269.8	93.81	73.28	5.52
270.0	93.52	72.6	5.51
270.2	93.17	71.99	5.51
270.4	92.76	71.42	5.5
270.6	92.34	70.94	5.5
270.8	91.92	70.57	5.49
271.0	91.51	70.38	5.48
271.2	91.14	70.45	5.48
271.4	90.85	70.68	5.47
271.6	90.68	71.08	5.46
271.8	90.67	71.64	5.46
272.0	91.04	72.59	5.46
272.2	91.61	73.66	5.46
272.4	92.26	74.68	5.46
272.6	92.96	75.56	5.46
272.8	93.66	75.97	5.47
273.0	94.29	76.04	5.47
273.2	94.83	75.88	5.48
273.4	95.21	75.51	5.49
273.6	95.17	74.8	5.49
273.8	94.91	73.93	5.5
274.0	94.54	73.02	5.5
274.2	94.14	72.13	5.51
274.4	93.85	71.47	5.51
274.6	93.68	71.03	5.52
274.8	93.58	70.81	5.53
275.0	93.58	70.82	5.53
275.2	93.68	71.15	5.53
275.4	94.01	72.24	5.53
275.6	94.43	73.46	5.54
275.8	94.9	74.66	5.54
276.0	95.4	75.7	5.54
276.2	95.95	76.05	5.54
276.4	96.46	76.13	5.54
276.6	96.89	75.97	5.54
276.8	97.17	75.59	5.54
277.0	97.12	74.99	5.54
277.2	96.95	74.26	5.54
277.4	96.68	73.47	5.54
277.6	96.35	72.68	5.54
277.8	96.05	72.02	5.54
278.0	95.73	71.43	5.54
278.2	95.41	70.93	5.54
278.4	95.09	70.56	5.54
278.6	94.75	70.32	5.54
278.8	94.4	70.24	5.55
279.0	94.13	70.35	5.55
279.2	93.99	70.68	5.55
279.4	94.03	71.3	5.55
279.6	94.5	72.58	5.55
279.8	95.09	73.96	5.55
280.0	95.76	75.31	5.56
280.2	96.45	76.46	5.56
280.4	97.09	76.98	5.56
280.6	97.66	77.23	5.56
280.8	98.12	77.23	5.57
281.0	98.4	76.97	5.57
281.2	98.33	76.33	5.57
281.4	98.12	75.59	5.57
281.6	97.82	74.86	5.58
281.8	97.49	74.26	5.58
282.0	97.22	74.29	5.58
282.2	96.99	74.5	5.58
282.4	96.81	74.82	5.58
282.6	96.72	75.23	5.58
282.8	97.0	75.81	5.59
283.0	97.34	76.33	5.59
283.2	97.61	76.66	5.59
283.4	97.72	76.67	5.59
283.6	97.22	75.67	5.59
283.8	96.53	74.38	5.59
284.0	95.7	72.93	5.59
284.2	94.8	71.47	5.59
284.4	93.99	70.42	5.59
284.6	93.19	69.53	5.59
284.8	92.42	68.83	5.59
285.0	91.7	68.33	5.59
285.2	91.03	68.12	5.59
285.4	90.42	68.22	5.59
285.6	89.96	68.58	5.59
285.8	89.69	69.18	5.59
286.0	89.66	70.03	5.59
286.2	90.28	71.52	5.59
286.4	91.15	73.16	5.59
286.6	92.04	74.65	5.59
286.8	92.84	75.81	5.58
287.0	93.09	75.79	5.58
287.2	93.16	75.36	5.57
287.4	93.06	74.64	5.56
287.6	92.81	73.76	5.55
287.8	92.43	72.88	5.54
